441
125
441
126
442
126
443
126
444
126
445
126
446
126
447
126
448
126
449
126
450
126
451
126
452
126
453
126
454
126
455
126
456
126
457
126
458
126
459
126
460
126
461
126
462
126
463
126
464
126
465
126
466
126
467
126
468
126
469
126
470
126
471
126
472
126
473
126
474
126
475
126
476
126
477
126
477
127
478
127
479
127
479
128
480
128
480
129
480
130
481
130
481
131
481
132
481
133
481
134
481
135
482
135
482
136
483
136
483
137
483
138
483
139
483
140
483
141
483
142
484
142
484
143
485
143
485
144
485
145
485
146
485
147
486
147
486
148
486
149
486
150
486
151
486
152
486
153
486
154
486
155
486
156
486
157
486
158
486
159
486
160
486
161
486
162
486
163
486
164
486
165
486
166
486
167
486
168
486
169
486
170
486
171
486
172
486
173
486
174
486
175
486
176
486
177
486
178
486
179
486
180
486
181
