1651 2 0 0 0
1
1248
1888
1504
592
-118
-228
196
592
408
-456
-1504
-1984
-1632
-456
848
1504
1312
592
29
47
560
992
816
-140
-1376
-2112
-1888
-848
392
1120
992
440
7
172
816
1376
1248
264
-1056
-1984
-1984
-1120
13
688
624
132
-172
132
944
1696
1632
720
-656
-1696
-1888
-1184
-248
328
236
-248
-496
-70
912
1824
1952
1120
-188
-1312
-1632
-1120
-344
86
-110
-624
-912
-408
688
1760
2112
1504
248
-880
-1312
-944
-280
1
-328
-992
-1312
-848
328
1568
2112
1696
592
-456
-880
-592
-66
82
-408
-1184
-1696
-1248
-106
1248
1984
1760
816
-114
-488
-204
264
312
-296
-1248
-1952
-1696
-560
816
1696
1632
880
94
-164
180
656
688
-45
-1184
-1984
-1952
-992
344
1248
1312
752
140
25
488
1056
1056
328
-944
-1952
-2112
-1312
-70
848
976
496
17
51
656
1376
1504
784
-528
-1696
-1984
-1440
-392
440
560
148
-248
-90
688
1568
1888
1184
-86
-1312
-1888
-1440
-528
140
196
-248
-624
-376
496
1568
1984
1632
376
-912
-1504
-1248
-528
-9
-78
-592
-992
-784
220
1440
2112
1888
752
-456
-1120
-976
-376
3
-212
-880
-1376
-1184
-196
1120
1984
1952
992
-70
-688
-592
-82
188
-172
-992
-1696
-1632
-656
720
1760
1888
1120
196
-328
-188
296
496
23
-976
-1888
-1952
-1056
264
1376
1632
1056
296
-86
148
688
912
360
-752
-1824
-2112
-1440
-172
944
1248
880
244
3
376
992
1312
784
-424
-1632
-2112
-1632
-528
496
880
528
27
-74
456
1248
1696
1248
19
-1312
-1984
-1696
-752
156
472
148
-312
-312
360
1312
1952
1632
488
-880
-1696
-1568
-816
-61
140
-236
-688
-656
110
1248
1984
1952
912
-424
-1248
-1312
-720
-110
-47
-528
-1056
-1056
-264
992
1984
1984
1184
1
-848
-944
-456
7
-74
-720
-1440
-1504
-720
624
1760
1984
1376
312
-456
-528
-94
264
62
-752
-1632
-1888
-1120
172
1376
1888
1376
488
-156
-164
296
624
344
-592
-1632
-1984
-1568
-280
976
1504
1184
496
-1
114
656
1056
752
-280
-1504
-2112
-1824
-688
496
1120
944
328
-13
248
944
1440
1184
122
-1184
-1984
-1888
-976
124
688
528
37
-188
220
1056
1760
1632
560
-816
-1760
-1824
-1056
-140
328
140
-344
-496
25
992
1888
1952
992
-344
-1376
-1632
-992
-248
82
-196
-752
-912
-312
848
1888
2112
1376
94
-976
-1248
-816
-204
-11
-440
-1056
-1312
-720
496
1696
2112
1568
456
-528
-848
-496
7
61
-496
-1312
-1696
-1184
62
1376
1984
1632
688
-188
-456
-102
344
296
-424
-1376
-1952
-1568
-408
944
1696
1504
752
27
-124
280
752
656
-172
-1312
-1984
-1888
-816
488
1312
1248
656
82
70
592
1120
1056
204
-1056
-1984
-1984
-1120
66
880
912
408
-29
106
784
1440
1504
656
-688
-1824
-1984
-1312
-248
488
496
45
-296
-27
1
1312
1888
1504
592
-140
-264
140
528
344
-488
-1504
-1984
-1568
-344
976
1632
1376
624
-1
-53
408
816
624
-280
-1440
-2112
-1824
-656
624
1376
1248
560
47
94
624
1056
944
-21
-1248
-2112
-1952
-944
312
1056
992
440
7
156
816
1376
1248
296
-992
-1984
-1984
-1120
27
752
720
236
-114
132
912
1568
1568
624
-752
-1824
-1984
-1248
-196
472
440
-23
-312
23
912
1696
1824
976
-408
-1568
-1888
-1248
-344
244
172
-296
-560
-172
816
1760
1984
1248
-62
-1248
-1632
-1184
-408
82
-61
-560
-848
-424
624
1760
2112
1504
264
-912
-1376
-1056
-376
3
-228
-816
-1120
-720
392
1632
2112
1696
560
-592
-1056
-848
-248
15
-328
-992
-1440
-1056
82
1376
2112
1824
784
-296
-816
-592
-70
118
-328
-1120
-1696
-1376
-248
1120
1952
1824
944
-59
-496
-296
172
296
-244
-1184
-1888
-1696
-592
784
1760
1760
992
114
-280
-31
456
528
-70
-1120
-1952
-1888
-944
456
1440
1568
976
204
-98
212
720
816
172
-992
-1952
-1984
-1184
118
1120
1376
848
204
3
408
992
1120
472
-752
-1888
-2112
-1440
-188
816
1056
656
114
17
528
1184
1440
784
-488
-1696
-2112
-1568
-440
496
784
424
-53
-55
560
1376
1696
1120
-148
-1440
-1984
-1632
-624
248
496
148
-280
-212
496
1440
1888
1440
196
-1120
-1824
-1568
-720
62
248
-124
-560
-440
360
1440
1984
1696
528
-816
-1568
-1440
-720
-49
51
-392
-848
-720
140
1312
1984
1888
848
-472
-1248
-1248
-624
-74
-74
-592
-1120
-992
-140
1120
1984
1984
1056
-156
-976
-992
-472
-13
-118
-752
-1376
-1312
-472
880
1952
1984
1248
114
-656
-720
-248
124
-66
-816
-1568
-1632
-816
560
1696
1984
1312
312
-392
-424
15
344
66
-784
-1696
-1888
-1120
220
1440
1824
1312
440
-188
-164
296
592
280
-688
-1696
-1984
-1440
-124
1120
1632
1248
488
-45
49
560
912
528
-488
-1632
-2112
-1696
-456
784
1312
1056
424
7
196
784
1184
848
-212
-1440
-2112
-1824
-720
456
1056
848
280
-27
264
976
1440
1184
98
-1248
-1984
-1888
-944
172
752
592
82
-148
248
1056
1696
1504
440
-944
-1888
-1888
-1056
-55
472
312
-172
-344
140
1056
1824
1760
784
-592
-1632
-1760
-1056
-204
244
37
-456
-592
-51
992
1888
1984
1056
-264
-1312
-1568
-992
-264
78
-196
-720
-912
-312
848
1888
2112
1376
62
-992
-1312
-912
-244
1
-360
-976
-1184
-592
592
1760
2112
1568
360
-688
-1056
-688
-132
5
-472
-1184
-1504
-944
296
1568
2112
1696
592
-408
-752
-440
51
106
-472
-1312
-1760
-1248
-41
1248
1984
1696
752
-164
-472
-156
296
280
-392
-1376
-1952
-1568
-392
976
1760
1632
816
11
-228
118
560
528
-228
-1312
-1984
-1824
-720
624
1504
1440
784
106
-47
360
848
816
11
-1184
-1984
-1984
