1651 2 0 0 0
1
1120
1952
2112
1632
656
-488
-1440
-1952
-1824
-1120
-156
816
1504
1696
1312
592
-228
-912
-1248
-1120
-752
-172
360
688
720
528
248
-29
-188
-196
-106
1
25
-62
-244
-424
-488
-344
-7
440
816
992
880
392
-280
-976
-1440
-1440
-992
-164
784
1568
1888
1568
816
-280
-1312
-1984
-1984
-1440
-392
816
1760
2112
1888
992
-122
-1248
-1952
-1984
-1504
-528
560
1440
1824
1632
976
45
-816
-1376
-1440
-1056
-440
248
784
992
880
496
82
-264
-456
-424
-264
-90
11
1
-102
-204
-220
-82
188
496
720
720
456
-43
-624
-1056
-1248
-992
-408
424
1184
1632
1632
992
74
-944
-1760
-1984
-1632
-752
408
1440
1984
1984
1376
264
-912
-1824
-2112
-1824
-912
236
1248
1888
1888
1312
392
-624
-1376
-1696
-1440
-784
43
752
1184
1184
848
296
-244
-592
-720
-560
-296
-21
156
188
106
1
-39
39
220
408
496
408
102
-344
-784
-992
-944
-528
124
848
1376
1504
1120
376
-560
-1376
-1888
-1696
-992
31
1120
1888
1984
1632
656
-528
-1568
-2112
-1984
-1248
-148
992
1824
1984
1696
752
-328
-1248
-1824
-1760
-1120
-248
624
1248
1440
1184
592
-102
-656
-976
-912
-592
-172
204
408
424
280
114
1
1
94
212
244
132
-124
-456
-720
-784
-560
-82
496
992
1248
1120
560
-244
-1056
-1632
-1696
-1184
-312
720
1632
1984
1760
976
-148
-1248
-1984
-2112
-1568
-528
656
1632
2112
1952
1120
23
-1056
-1824
-1952
-1504
-592
408
1248
1632
1504
944
140
-624
-1056
-1184
-944
-424
132
528
688
592
360
74
-118
-172
-106
1
51
-11
-188
-392
-496
-472
-188
244
688
992
992
656
33
-688
-1312
-1504
-1248
-560
360
1248
1824
1824
1184
220
-912
-1760
-2112
-1760
-912
280
1376
1984
2112
1504
408
-752
-1696
-1984
-1824
-992
86
1056
1696
1760
1312
456
-456
-1120
-1440
-1248
-720
-47
560
912
912
656
248
-124
-360
-408
-296
-132
-11
1
-90
-212
-264
-180
61
392
688
816
624
212
-392
-976
-1248
-1184
-720
47
912
1504
1696
1376
528
-496
-1440
-1984
-1888
-1184
-110
992
1888
2112
1760
784
-408
-1440
-1984
-1984
-1376
-280
848
1696
1952
1632
816
-180
-1056
-1568
-1568
-1056
-312
456
992
1184
992
528
-15
-456
-656
-624
-408
-124
78
156
106
1
-62
-13
148
360
528
496
280
-140
-624
-976
-1056
-784
-196
528
1184
1504
1376
752
-148
-1056
-1760
-1888
-1376
-472
656
1632
1984
1952
1120
-7
-1120
-1952
-2112
-1696
-656
496
1504
1984
1888
1184
156
-880
-1632
-1824
-1440
-656
248
992
1376
1312
848
196
-440
-848
-944
-720
-344
47
312
392
312
156
25
1
82
212
280
228
3
-328
-656
-816
-720
-328
248
848
1248
1248
880
140
-720
-1440
-1760
-1504
-752
264
1248
1952
1952
1376
376
-784
-1760
-2112
-1888
1
1120
1952
2112
1632
624
-528
-1504
-1984
-1824
-1120
-78
944
1632
1760
1312
528
-344
-1056
-1376
-1248
-752
-98
496
880
944
688
280
-118
-376
-456
-344
-172
-21
33
-17
-118
-180
-124
57
328
560
656
528
140
-376
-880
-1120
-1056
-592
132
912
1440
1568
1120
344
-624
-1440
-1888
-1696
-976
114
1184
1952
1984
1568
496
-656
-1696
-2112
-1952
-1120
33
1184
1952
1984
1568
560
-528
-1440
-1888
-1760
-992
-45
880
1504
1568
1184
472
-328
-944
-1184
-1056
-624
-62
424
688
688
496
188
-82
-228
-220
-124
-21
5
-70
-220
-360
-376
-220
98
488
784
880
656
156
-472
-992
-1312
-1184
-656
172
992
1568
1696
1248
344
-688
-1568
-1984
-1760
-976
148
1248
1984
2112
1568
496
-720
-1696
-2112
-1952
-1056
66
1184
1888
1984
1504
528
-560
-1376
-1824
-1568
-944
-15
816
1312
1376
992
392
-296
-816
-992
-880
-488
-39
328
496
472
296
98
-39
-62
7
98
124
27
-180
-424
-592
-560
-296
148
624
992
1056
784
172
-560
-1184
-1504
-1312
-688
220
1120
1760
1824
1312
344
-752
-1696
-1984
-1824
-976
188
1312
1984
2112
1504
472
-752
-1696
-2112
-1888
-992
98
1120
1824
1888
1376
472
-528
-1312
-1632
-1440
-816
7
752
1184
1184
880
312
-264
-656
-784
-656
-344
-17
220
296
244
114
13
9
106
244
312
264
41
-296
-624
-816
-720
-360
196
784
1184
1248
880
172
-656
-1376
-1696
-1440
-720
264
1248
1888
1888
1312
328
-816
-1760
-2112
-1824
-976
228
1312
1984
2112
1504
424
-752
-1696
-1984
-1824
-976
122
1120
1760
1760
1248
408
-528
-1184
-1504
-1248
-688
27
656
992
992
720
244
-220
-496
-560
-456
-220
-5
102
90
1
-70
-61
70
280
472
528
392
45
-408
-816
-992
-912
-424
248
944
1376
1440
976
164
-752
-1504
-1824
-1568
-752
312
1312
1952
1984
1376
296
-880
-1824
-2112
-1824
-944
248
1376
1984
1984
1440
376
-752
-1632
-1984
-1696
-880
140
1056
1632
1632
1120
344
-496
-1056
-1312
-1120
-592
39
560
848
816
528
164
-156
-344
-344
-236
-86
1
-19
-122
-236
-248
-124
132
456
688
752
496
43
-528
-992
-1184
-992
-472
312
1056
1568
1568
1056
148
-848
-1632
-1952
-1632
-752
360
1376
1984
1984
1376
264
-912
-1824
-2112
-1824
-912
280
1376
1984
1984
1376
328
-752
-1568
-1888
-1568
-816
156
992
1504
1504
992
280
-456
-976
-1120
-944
-472
45
456
624
592
360
102
-94
-164
-114
-13
43
1
-148
-344
-472
-424
-188
204
624
912
944
624
35
-656
-1184
-1376
-1184
-496
376
1184
1696
1696
1056
132
-944
-1760
-1984
-1696
-752
408
1440
1984
1984
1376
244
-944
-1824
-2112
-1760
-848
312
1376
1952
1952
1248
280
-752
-1504
-1760
-1440
-720
172
944
1312
1312
880
228
-392
-816
