1651 2 0 0 0
1
1248
1984
1984
1248
172
-912
-1504
-1504
-992
-220
456
752
688
360
70
-21
114
344
456
248
-244
-848
-1248
-1248
-688
280
1312
1952
1888
1056
-172
-1376
-1984
-1984
-1184
-15
1120
1760
1696
1056
140
-656
-1056
-992
-560
-114
172
172
-3
-164
-114
204
656
992
976
488
-376
-1248
-1760
-1632
-848
328
1440
2112
1984
1056
-156
-1312
-1952
-1824
-1056
-27
912
1376
1248
720
98
-360
-488
-328
-94
13
-114
-424
-688
-688
-296
408
1120
1568
1376
656
-456
-1504
-1984
-1888
-944
328
1504
1984
1888
992
-124
-1120
-1632
-1440
-816
-27
560
816
656
312
29
-27
132
344
408
148
-376
-976
-1312
-1120
-456
528
1504
1952
1696
784
-496
-1632
-2112
-1888
-944
296
1376
1824
1632
880
-86
-816
-1120
-944
-488
-17
220
180
-11
-148
-51
296
720
992
880
280
-592
-1376
-1760
-1504
-560
624
1696
2112
1824
816
-488
-1568
-1984
-1696
-848
236
1056
1376
1184
592
-45
-456
-496
-312
-74
1
-156
-456
-688
-592
-132
560
1248
1568
1248
392
-752
-1696
-1984
-1696
-656
656
1696
2112
1760
752
-408
-1312
-1696
-1376
-624
156
688
848
592
248
-9
-29
148
344
344
35
-496
-1056
-1248
-992
-220
784
1632
1952
1504
472
-816
-1824
-2112
-1696
-656
592
1568
1888
1504
624
-312
-976
-1120
-880
-376
70
264
180
-19
-124
13
376
784
976
752
74
-816
-1504
-1760
-1312
-280
944
1888
2112
1632
496
-784
-1760
-1984
-1568
-560
496
1248
1440
1056
440
-180
-528
-496
-280
-55
-9
-196
-488
-656
-496
27
752
1312
1504
1056
114
-992
-1888
-1984
-1440
-328
976
1888
2112
1568
472
-688
-1504
-1696
-1248
-440
344
816
848
560
180
-49
-29
164
328
280
-82
-624
-1120
-1184
-816
27
992
1760
1888
1248
148
-1056
-1984
-2112
-1504
-328
912
1696
1888
1312
392
-528
-1056
-1120
-784
-248
156
296
180
-25
-98
82
456
816
944
592
-132
-992
-1632
-1696
-1056
17
1184
1984
1984
1376
172
-1056
-1888
-1984
-1376
-296
720
1376
1440
976
264
-312
-592
-496
-248
-35
-25
-236
-496
-624
-376
196
912
1376
1440
848
-164
-1248
-1952
-1952
-1184
3
1248
1984
1984
1312
172
-944
-1632
-1632
-1056
-244
496
912
848
496
118
-82
-27
172
312
204
-196
-752
-1120
-1120
-624
264
1248
1824
1824
992
-172
-1376
-1984
-1984
-1248
-11
1120
1824
1824
1120
148
-720
-1184
-1120
-688
-140
244
328
172
-29
-66
148
528
848
848
424
-344
-1120
-1696
-1568
-816
328
1440
1984
1952
1056
-156
-1312
-1984
-1888
-1120
-23
976
1440
1376
816
110
-440
-624
-496
-220
-17
-45
-264
-496
-560
-248
360
992
1440
1312
624
-440
-1440
-1984
-1824
-944
328
1504
2112
1952
1056
-132
-1184
-1696
-1568
-912
-29
656
976
816
424
49
-114
-21
180
280
118
-312
-848
1
1248
1984
1984
1248
132
-976
-1568
-1568
-992
-180
528
848
784
440
82
-82
-1
196
296
156
-248
-784
-1120
-1056
-488
424
1312
1824
1632
816
-424
-1568
-2112
-1952
-992
280
1440
1984
1760
976
-114
-992
-1376
-1248
-656
-1
456
560
392
132
1
98
344
560
528
132
-496
-1120
-1440
-1120
-360
720
1632
1984
1632
592
-720
-1760
-2112
-1760
-720
528
1504
1824
1504
656
-280
-976
-1120
-880
-376
78
280
220
17
-94
21
360
720
912
656
9
-816
-1504
-1632
-1120
-148
992
1888
1984
1504
312
-976
-1888
-1984
-1504
-408
720
1504
1632
1120
376
-376
-816
-816
-496
-148
59
21
-172
-312
-228
140
688
1056
1120
656
-196
-1120
-1760
-1760
-1056
118
1312
1984
1984
1248
23
-1184
-1888
-1888
-1184
-140
816
1376
1312
816
148
-360
-560
-440
-172
-7
-62
-296
-528
-560
-264
360
992
1440
1312
592
-472
-1440
-1984
-1760
-880
408
1568
2112
1952
992
-248
-1312
-1824
-1632
-880
78
816
1120
944
488
7
-248
-228
-45
98
29
-264
-656
-912
-752
-196
624
1376
1696
1312
424
-752
-1760
-2112
-1696
-624
688
1760
2112
1696
688
-472
-1312
-1632
-1312
-560
220
720
816
560
212
-29
-35
140
312
280
-35
-560
-992
-1184
-848
-29
944
1696
1888
1248
180
-1056
-1952
-2112
-1504
-328
944
1824
1952
1376
392
-624
-1248
-1312
-944
-296
264
528
456
220
21
33
248
528
624
376
-196
-912
-1376
-1376
-816
204
1248
1952
1952
1120
-98
-1312
-1984
-1984
-1248
-49
1056
1760
1696
1056
140
-688
-1056
-992
-592
-106
204
236
70
-94
-74
196
592
912
848
360
-440
-1248
-1696
-1504
-688
488
1568
2112
1888
912
-376
-1504
-1984
-1824
-944
204
1184
1632
1376
752
-49
-624
-816
-624
-280
-5
45
-110
-312
-328
-66
440
976
1184
976
248
-720
-1568
-1888
-1504
-472
784
1824
2112
1696
624
-656
-1632
-1984
-1568
-624
392
1120
1376
1056
440
-148
-488
-488
-248
-43
-11
-204
-488
-656
-488
39
752
1312
1440
992
57
-992
-1888
-1984
-1376
-212
1056
1952
2112
1504
344
-848
-1632
-1760
-1248
-360
496
992
1056
688
204
-148
-236
-98
86
110
-118
-496
-880
-912
-528
236
1056
1632
1632
944
-204
-1312
-1984
-1984
-1184
70
1312
1984
1952
1184
66
-976
-1568
-1504
-912
-124
496
784
688
360
53
-45
82
280
360
164
-312
-880
-1184
-1056
-472
496
1440
1888
1632
752
-488
-1632
-2112
-1888
-944
344
1440
1952
1696
880
-164
-992
-1312
-1120
-592
25
424
488
296
70
-1
156
440
656
560
114
-592
-1248
-1504
-1184
-312
784
1696
1984
1568
496
-784
-1824
-2112
-1696
-624
592
1504
1824
1376
560
-312
-944
-1056
-784
-312
82
228
122
-70
-132
45
440
816
976
656
-33
-912
-1568
-1696
-1120
-86
1056
1952
1984
1440
244
