1651 2 0 0 0
1
1440
1984
1504
244
-944
-1376
-992
-236
280
280
-11
-124
212
816
1120
720
-360
-1504
-1952
-1248
180
1632
2112
1504
94
-1120
-1632
-1120
-204
472
560
236
-11
148
592
880
528
-440
-1440
-1824
-1056
344
1696
2112
1376
-70
-1376
-1824
-1184
-132
688
848
456
57
31
360
592
344
-472
-1312
-1568
-880
496
1760
2112
1248
-248
-1568
-1952
-1248
-21
912
1056
624
74
-124
86
344
196
-456
-1184
-1376
-688
624
1760
1984
1120
-440
-1760
-1984
-1184
124
1120
1312
784
49
-312
-196
94
82
-376
-976
-1120
-488
688
1760
1888
944
-592
-1888
-1984
-1120
296
1376
1568
880
-21
-528
-472
-124
13
-264
-720
-880
-312
752
1632
1696
752
-784
-1952
-1984
-992
488
1568
1696
912
-132
-784
-752
-312
-1
-110
-472
-592
-164
720
1504
1504
560
-912
-1984
-1984
-912
656
1760
1824
912
-280
-992
-992
-472
23
86
-188
-360
-61
656
1312
1248
360
-992
-1952
-1888
-720
848
1952
1888
848
-456
-1248
-1184
-560
98
312
94
-148
1
560
1056
992
196
-992
-1888
-1760
-528
992
1984
1952
752
-656
-1504
-1376
-624
220
560
376
41
21
408
848
784
57
-992
-1760
-1568
-360
1120
2112
1888
624
-848
-1696
-1568
-624
360
816
624
188
-5
212
560
560
-49
-992
-1632
-1312
-172
1248
2112
1824
472
-1056
-1888
-1632
-560
528
1056
880
296
-82
-13
280
344
-114
-912
-1376
-1120
-9
1312
1984
1696
296
-1248
-1984
-1696
-488
752
1312
1056
344
-204
-264
7
164
-124
-752
-1184
-880
124
1312
1984
1504
118
-1376
-2112
-1696
-360
976
1568
1184
360
-360
-528
-248
13
-98
-560
-912
-656
236
1312
1824
1312
-61
-1504
-2112
-1632
-212
1184
1760
1312
328
-528
-816
-496
-90
-21
-328
-624
-472
296
1248
1632
1056
-228
-1568
-2112
-1504
-41
1376
1952
1376
244
-752
-1056
-720
-148
102
-78
-360
-280
312
1056
1440
880
-360
-1632
-1984
-1376
140
1568
1984
1376
122
-992
-1312
-880
-156
264
188
-98
-132
280
912
1184
688
-488
-1632
-1984
-1184
312
1696
2112
1376
-29
-1184
-1568
-992
-124
456
472
148
-33
212
688
944
488
-528
-1568
-1824
-992
488
1824
2112
1248
-204
-1440
-1760
-1056
-43
688
752
360
23
90
456
656
312
-560
-1440
-1632
-816
624
1888
2112
1120
-392
-1632
-1888
-1120
78
912
992
528
35
-74
180
408
164
-528
-1248
-1376
-592
752
1888
1984
992
-560
-1824
-1984
-1056
228
1120
1248
656
1
-280
-98
164
66
-472
-1056
-1120
-408
816
1824
1888
816
-752
-1952
-1984
-992
408
1376
1440
752
-82
-496
-376
-51
9
-344
-848
-912
-244
848
1760
1696
624
-912
-1984
-1984
-912
592
1632
1632
816
-204
-752
-656
-236
-1
-188
-560
-624
-110
848
1568
1504
440
-992
-1984
-1952
-752
784
1824
1760
784
-360
-992
1
1440
1984
1504
220
-992
-1440
-992
-220
328
360
70
-74
204
720
992
592
-440
-1504
-1888
-1120
344
1696
2112
1376
-98
-1376
-1760
-1120
-90
688
816
440
45
31
344
560
280
-496
-1312
-1504
-752
624
1824
1984
1120
-456
-1760
-1952
-1120
164
1056
1184
688
11
-264
-102
156
66
-456
-992
-1120
-392
848
1824
1824
784
-816
-1952
-1984
-976
496
1504
1568
784
-164
-656
-560
-172
1
-244
-624
-688
-102
880
1632
1504
408
-1056
-1984
-1952
-688
880
1888
1760
720
-456
-1056
-976
-376
82
98
-172
-296
61
784
1312
1056
66
-1248
-1984
-1696
-328
1184
1984
1760
528
-816
-1504
-1248
-440
296
496
264
-7
74
496
880
688
-180
-1248
-1824
-1312
19
1504
2112
1632
228
-1184
-1824
-1376
-328
624
976
656
148
-57
140
424
328
-296
-1056
-1440
-944
328
1632
1984
1376
-124
-1568
-1984
-1440
-106
992
1376
944
156
-328
-296
-1
86
-264
-816
-1056
-560
528
1568
1888
992
-488
-1824
-2112
-1248
220
1440
1696
1056
11
-688
-752
-360
-19
-78
-424
-592
-244
592
1440
1504
656
-752
-1952
-1984
-992
560
1760
1952
992
-248
-1120
-1120
-592
23
236
25
-204
-45
528
1120
1120
312
-944
-1888
-1824
-656
944
1984
1952
848
-592
-1504
-1440
-688
212
624
488
114
9
312
688
688
35
-976
-1696
-1440
-280
1184
2112
1888
560
-976
-1888
-1632
-592
496
1056
880
296
-86
-39
248
312
-114
-848
-1312
-1056
33
1312
1984
1632
212
-1312
-1984
-1696
-408
912
1504
1120
344
-328
-472
-196
41
-118
-592
-944
-656
264
1312
1824
1248
-140
-1568
-2112
-1568
-102
1248
1824
1312
244
-656
-912
-560
-102
29
-220
-488
-312
376
1184
1504
880
-456
-1696
-1984
-1248
248
1632
1984
1312
1
-1056
-1312
-848
-94
312
228
-61
-86
328
912
1056
496
-656
-1696
-1888
-944
592
1888
1984
1120
-328
-1440
-1632
-944
61
688
688
280
5
132
496
624
196
-720
-1504
-1504
-560
880
1984
1984
880
-688
-1824
-1888
-912
328
1120
1056
496
-53
-188
51
244
11
-624
-1184
-1120
-228
1056
1952
1760
528
-992
-1984
-1888
-720
688
1504
1376
560
-248
-592
-408
-62
-27
-376
-784
-688
37
1056
1760
1376
180
-1312
-2112
-1760
-440
1056
1888
1568
496
-560
-992
-784
-244
82
-25
-312
-328
172
976
1376
992
-140
-1440
-1984
-1504
-86
1376
1984
1568
280
-976
-1440
-1056
-264
328
408
122
-62
164
688
976
624
-360
-1440
-1888
-1184
264
1696
2112
1440
-19
-1312
-1824
-1184
-148
688
848
488
62
3
296
528
296
-472
-1248
-1504
-816
560
1824
1984
1184
-376
-1696
-1984
-1184
98
1056
1248
752
43
-280
-148
118
78
-408
-992
-1056
-440
752
1760
1824
848
-720
-1952
-1984
-992
440
1504
1568
848
-124
-688
-592
-220
1
-196
-560
-656
-140
