1651 2 0 0 0
1
1568
2112
1376
-110
-1440
-1824
-1056
172
1056
1184
624
-140
-560
-472
-148
13
-118
-328
-264
204
816
1056
592
-472
-1440
-1632
-752
720
1888
1952
752
-912
-1984
-1952
-624
976
1888
1632
440
-848
-1440
-1120
-228
560
784
496
57
-124
1
164
35
-408
-816
-752
-35
944
1504
1120
-45
-1376
-1984
-1376
172
1632
2112
1312
-280
-1696
-1984
-1120
344
1440
1568
752
-312
-976
-912
-360
156
296
124
-33
98
456
624
328
-424
-1120
-1248
-496
752
1760
1696
528
-992
-1984
-1824
-488
1184
1984
1696
328
-1120
-1824
-1312
-172
880
1184
784
51
-456
-472
-188
1
-106
-360
-376
39
720
1120
848
-156
-1248
-1760
-1056
312
1696
1984
1184
-472
-1824
-1984
-1056
528
1760
1824
816
-528
-1312
-1248
-472
360
752
560
140
-82
11
196
124
-296
-784
-880
-296
688
1504
1376
344
-1056
-1952
-1696
-296
1312
2112
1696
188
-1376
-1984
-1440
-61
1184
1568
992
-27
-816
-944
-488
41
248
122
-53
37
392
688
496
-196
-992
-1376
-816
408
1568
1888
976
-592
-1888
-1984
-944
752
1952
1952
752
-752
-1696
-1504
-496
624
1120
944
244
-328
-456
-220
-9
-86
-360
-472
-132
560
1120
992
172
-992
-1760
-1376
-122
1376
2112
1568
15
-1568
-2112
-1440
98
1440
1888
1120
-164
-1184
-1312
-688
148
656
592
220
-39
17
220
220
-164
-720
-976
-528
440
1376
1568
720
-688
-1824
-1888
-752
912
1984
1952
656
-976
-1952
-1696
-472
880
1568
1184
248
-624
-912
-592
-74
196
114
-70
-27
328
688
656
39
-880
-1440
-1056
29
1312
1952
1312
-148
-1632
-2112
-1312
264
1696
1984
1120
-344
-1504
-1632
-816
328
1056
992
408
-188
-408
-236
-17
-57
-344
-528
-296
376
1056
1184
496
-720
-1696
-1632
-560
992
1984
1824
496
-1120
-2112
-1760
-360
1120
1888
1376
196
-944
-1312
-880
-62
528
592
280
-1
19
236
296
-27
-624
-992
-784
132
1184
1632
1056
-280
-1632
-1984
-1184
440
1824
2112
1056
-528
-1760
-1888
-848
528
1440
1312
528
-392
-848
-656
-188
124
98
-90
-94
244
688
784
280
-656
-1376
-1312
-344
992
1888
1632
312
-1248
-2112
-1696
-204
1376
1984
1504
78
-1248
-1696
-1056
17
880
992
560
-45
-344
-244
-21
-21
-296
-560
-456
172
976
1312
784
-376
-1504
-1824
-976
560
1888
1984
944
-720
-1952
-1952
-784
752
1760
1568
528
-656
-1248
-992
-280
376
560
328
39
19
244
376
118
-488
-992
-976
-172
976
1696
1376
132
-1312
-1984
-1568
-33
1504
2112
1440
-82
-1504
-1952
-1184
156
1184
1376
752
-156
-720
-688
-280
62
82
-106
-164
132
624
880
496
-392
-1248
-1504
-720
656
1760
1888
752
-880
-1984
-1952
-656
976
1984
1760
496
-912
-1632
-1248
-280
656
992
688
98
-264
-236
-19
17
-248
-592
-592
-43
1
1568
2112
1376
-140
-1504
-1824
-1056
228
1184
1248
624
-204
-656
-560
-196
57
1
-188
-172
204
720
880
424
-528
-1376
-1440
-496
880
1888
1760
488
-1120
-2112
-1824
-360
1248
1984
1568
188
-1184
-1760
-1184
-37
912
1120
656
-35
-456
-408
-132
-1
-148
-376
-328
140
784
1056
656
-360
-1376
-1632
-848
624
1824
1952
848
-848
-1984
-1952
-688
944
1952
1696
488
-912
-1568
-1248
-248
656
976
624
74
-264
-220
-15
7
-248
-560
-528
17
816
1248
944
-140
-1312
-1824
-1120
312
1696
1984
1120
-496
-1888
-1984
-992
592
1760
1760
720
-592
-1376
-1184
-408
424
752
528
122
-114
-27
140
78
-312
-752
-752
-164
784
1440
1184
124
-1184
-1952
-1440
-11
1504
2112
1440
-140
-1632
-1984
-1248
264
1504
1760
912
-296
-1120
-1120
-496
228
560
408
106
-11
148
328
212
-296
-880
-992
-392
656
1504
1440
440
-992
-1952
-1696
-360
1248
2112
1696
220
-1312
-1984
-1440
-59
1184
1632
992
-53
-880
-992
-528
70
344
244
27
27
296
528
392
-228
-976
-1184
-656
496
1504
1696
752
-752
-1952
-1952
-720
976
1984
1888
560
-992
-1888
-1568
-344
944
1504
1056
148
-624
-816
-488
-25
172
55
-102
3
392
720
592
-90
-976
-1376
-944
248
1504
1888
1056
-472
-1824
-1984
-1056
624
1888
1984
848
-688
-1760
-1632
-592
624
1248
1056
296
-408
-624
-392
-59
35
-132
-264
-78
440
912
848
102
-944
-1568
-1184
-21
1376
1984
1376
-124
-1632
-2112
-1312
264
1696
1984
1120
-376
-1504
-1632
-752
360
1056
976
376
-220
-424
-248
-27
-51
-296
-472
-228
424
992
1056
344
-816
-1632
-1504
-328
1120
1984
1696
236
-1376
-2112
-1568
-78
1440
1984
1312
-59
-1184
-1504
-880
124
816
848
392
-82
-236
-78
62
-74
-440
-688
-424
328
1120
1312
624
-624
-1696
-1760
-656
912
1984
1888
592
-1056
-1984
-1760
-408
1120
1888
1440
220
-944
-1376
-944
-62
560
688
344
-1
-62
110
204
-39
-528
-880
-624
180
1120
1504
912
-392
-1632
-1952
-992
592
1888
1984
944
-752
-1952
-1888
-720
784
1696
1504
456
-656
-1184
-912
-196
376
488
244
13
61
296
392
61
-560
-1056
-912
-23
1056
1696
1184
-98
-1504
-1984
-1312
264
1760
2112
1184
-408
-1760
-1952
-976
472
1440
1440
624
-408
-976
-816
-264
196
280
94
-29
132
472
592
220
-528
-1184
-1120
-280
976
1760
1504
228
-1312
-2112
-1632
-94
1504
2112
1504
-57
-1440
-1888
-1120
164
1184
1376
720
-180
-720
-688
-264
74
98
-82
-132
148
592
816
424
-456
-1248
-1376
-560
784
1824
1760
560
-1056
-1984
-1824
-456
1184
1984
1696
264
-1184
-1824
-1248
-106
944
1248
784
1
-496
-496
-212
7
-59
-264
-280
94
688
992
656
-280
-1248
-1568
-880
528
1760
1952
912
-752
-1984
-1984
