1651 2 0 0 0
1
1120
1888
1952
1376
496
-328
-848
-880
-560
-180
-1
-148
-528
-912
-976
-560
248
1184
1888
1984
1440
360
-816
-1696
-1952
-1568
-752
98
656
816
560
196
-7
106
496
944
1056
784
21
-976
-1760
-1984
-1696
-720
488
1440
1888
1696
976
132
-496
-720
-528
-204
25
-53
-440
-912
-1184
-992
-296
688
1632
2112
1888
1056
-122
-1184
-1824
-1760
-1120
-360
312
624
496
204
-49
-9
360
880
1248
1184
560
-392
-1376
-1984
-1984
-1312
-236
912
1632
1760
1312
560
-132
-496
-472
-188
78
82
-248
-816
-1248
-1312
-848
82
1120
1952
2112
1632
592
-560
-1440
-1760
-1440
-752
-43
392
424
172
-114
-156
148
720
1248
1440
1056
236
-848
-1760
-2112
-1824
-912
228
1184
1632
1504
912
212
-248
-360
-140
148
244
-21
-592
-1184
-1504
-1312
-560
528
1568
2112
1984
1184
110
-912
-1504
-1504
-992
-376
132
280
114
-180
-312
-110
440
1120
1568
1504
848
-204
-1312
-1984
-2112
-1504
-440
624
1312
1504
1120
496
-9
-220
-86
212
392
248
-264
-992
-1568
-1632
-1120
-140
992
1888
2112
1696
752
-312
-1120
-1440
-1184
-624
-102
148
57
-244
-472
-392
98
816
1504
1760
1376
488
-688
-1696
-2112
-1888
-1056
1
912
1312
1184
720
204
-82
-29
248
528
496
94
-624
-1376
-1824
-1632
-816
328
1440
1984
1984
1312
296
-624
-1184
-1184
-784
-296
23
9
-264
-592
-624
-280
440
1248
1824
1824
1120
23
-1120
-1952
-1984
-1568
-592
360
992
1120
848
376
27
1
264
624
752
488
-204
-1056
-1760
-1952
-1376
-392
816
1760
1984
1696
880
-94
-816
-1056
-848
-424
-70
-7
-248
-624
-848
-656
-35
848
1632
1984
1632
720
-456
-1504
-1984
-1824
-1120
-172
592
976
848
472
106
5
236
624
944
848
280
-592
-1504
-1984
-1888
-1056
98
1184
1888
1952
1312
440
-376
-816
-816
-488
-124
1
-196
-592
-976
-992
-528
328
1312
1952
1984
1376
264
-912
-1760
-1952
-1504
-688
156
688
752
488
140
-21
140
560
992
1120
752
-53
-1056
-1888
-1984
-1632
-624
560
1504
1888
1632
912
70
-496
-688
-488
-140
49
-82
-496
-992
-1184
-976
-236
784
1696
2112
1824
976
-220
-1248
-1824
-1696
-1056
-280
344
592
456
132
-82
7
424
944
1312
1184
528
-488
-1504
-1984
-1984
-1248
-140
976
1632
1696
1248
488
-172
-488
-408
-118
122
74
-312
-880
-1312
-1312
-816
172
1248
1984
2112
1568
488
-656
-1440
-1696
-1312
-656
1
376
360
98
-164
-164
196
784
1312
1440
1056
156
-944
-1824
-2112
-1760
-816
312
1248
1632
1440
816
156
-264
-312
-70
204
248
-62
-656
-1248
-1568
-1312
-488
624
1632
2112
1952
1120
17
-976
-1504
-1440
-944
-312
148
248
45
-248
-344
-82
496
1184
1632
1504
784
-296
-1376
-1984
-1984
-1376
-344
688
1312
1440
992
1
1120
1888
1952
1376
496
-376
-912
-944
-624
-220
-1
-110
-456
-816
-848
-456
344
1248
1888
1888
1248
180
-992
-1824
-1984
-1568
-656
280
912
1056
784
344
29
25
296
656
784
496
-196
-1056
-1760
-1888
-1376
-344
848
1760
1984
1696
848
-164
-912
-1120
-944
-488
-82
35
-156
-496
-688
-496
74
912
1632
1888
1440
496
-688
-1696
-2112
-1824
-992
27
880
1248
1056
624
156
-70
27
328
560
496
29
-720
-1440
-1824
-1504
-656
496
1568
2112
1952
1184
124
-816
-1312
-1248
-784
-248
82
86
-172
-456
-488
-114
560
1312
1696
1568
816
-328
-1440
-1984
-1984
-1312
-280
720
1312
1376
976
376
-66
-180
15
312
424
172
-424
-1120
-1632
-1568
-944
148
1248
1984
2112
1504
456
-624
-1312
-1504
-1120
-496
21
248
132
-156
-344
-204
296
976
1504
1568
992
19
-1120
-1952
-2112
-1632
-624
488
1312
1568
1248
656
45
-296
-264
-3
236
204
-180
-816
-1312
-1504
-1056
-180
944
1824
2112
1760
816
-344
-1248
-1632
-1440
-816
-132
312
392
164
-114
-180
94
624
1184
1440
1120
328
-752
-1696
-2112
-1888
-992
180
1184
1696
1568
992
248
-312
-496
-328
-21
132
-25
-496
-992
-1312
-1120
-456
592
1568
2112
1952
1120
-11
-1056
-1696
-1696
-1120
-376
280
560
488
172
-62
-13
360
880
1248
1120
560
-424
-1440
-1984
-1984
-1312
-164
976
1696
1824
1312
528
-220
-624
-624
-328
-29
29
-244
-720
-1056
-1120
-624
248
1248
1952
1984
1440
344
-848
-1696
-1888
-1504
-688
132
656
752
488
140
-17
140
528
976
1056
688
-106
-1056
-1888
-1984
-1568
-496
688
1632
1952
1632
848
-29
-656
-848
-656
-264
-17
-62
-392
-816
-992
-752
-29
912
1696
1984
1632
688
-496
-1504
-1984
-1760
-992
-94
656
944
816
424
82
13
248
656
912
752
148
-752
-1568
-1984
-1696
-848
344
1440
1984
1888
1184
236
-592
-992
-976
-560
-164
9
-132
-488
-784
-720
-244
560
1440
1888
1760
992
-172
-1312
-1984
-1984
-1376
-392
528
1056
1056
752
264
-7
27
328
624
688
312
-424
-1248
-1824
-1824
-1120
-7
1120
1952
1984
1504
560
-424
-1056
-1184
-912
-408
-17
55
-172
-488
-624
-360
280
1056
1696
1760
1184
180
-992
-1888
-2112
-1696
-720
312
1056
1312
1056
528
70
-114
23
328
528
376
-156
-912
-1568
-1760
-1312
-344
816
1760
2112
1824
912
-172
-992
-1376
-1184
-688
-148
148
106
-172
-408
-376
55
752
1376
1696
1376
496
-656
-1696
-2112
-1952
-1056
21
976
1440
1376
880
248
-156
-220
7
280
344
25
-592
-1248
-1632
-1376
-624
488
1504
2112
1984
1248
140
-912
-1504
-1504
-992
-376
140
312
148
-140
-280
-82
440
1056
1504
1440
752
-296
-1376
-1984
-1984
-1376
-312
784
1504
1632
1184
496
-98
-376
-296
-11
196
114
-312
-912
