1651 2 0 0 0
1
1184
1888
1760
992
110
-456
-456
-102
220
124
-456
-1184
-1696
-1504
-528
720
1760
1984
1568
592
-360
-816
-688
-264
45
-86
-624
-1248
-1440
-912
156
1376
1984
1984
1120
13
-880
-1184
-880
-328
-7
-156
-624
-1056
-992
-312
784
1824
2112
1696
560
-624
-1376
-1376
-880
-248
74
-82
-496
-784
-528
248
1248
1984
1952
1120
-156
-1248
-1760
-1440
-720
-13
280
86
-312
-472
-114
688
1504
1888
1504
408
-880
-1760
-1952
-1312
-392
344
560
296
-94
-188
220
944
1568
1632
880
-328
-1504
-1984
-1824
-944
102
784
848
472
53
-5
392
992
1376
1120
212
-992
-1952
-2112
-1504
-376
656
1184
1056
528
82
37
424
912
1056
560
-424
-1504
-2112
-1888
-944
280
1248
1504
1120
472
-27
-53
312
688
656
45
-944
-1824
-1984
-1440
-248
976
1696
1696
992
220
-264
-244
122
424
264
-392
-1248
-1824
-1696
-784
488
1568
1984
1568
688
-172
-592
-488
-74
172
-35
-656
-1376
-1632
-1184
-82
1120
1984
1984
1248
212
-656
-944
-688
-212
27
-204
-784
-1248
-1248
-528
592
1696
2112
1824
752
-392
-1120
-1184
-784
-228
7
-228
-720
-992
-784
70
1184
1984
1984
1312
98
-992
-1568
-1376
-720
-90
124
-118
-528
-688
-280
592
1568
1984
1696
656
-624
-1568
-1824
-1312
-488
180
344
70
-296
-344
132
976
1696
1824
1120
-70
-1248
-1952
-1824
-992
-74
560
624
264
-94
-78
424
1120
1568
1376
472
-784
-1824
-2112
-1632
-560
440
976
880
408
27
66
528
1056
1248
816
-220
-1376
-2112
-1984
-1120
49
992
1312
992
424
15
70
496
912
880
244
-816
-1760
-2112
-1632
-496
720
1504
1568
992
280
-132
-49
344
624
456
-280
-1248
-1952
-1888
-992
228
1376
1888
1568
784
-17
-392
-248
140
344
66
-656
-1440
-1824
-1376
-328
944
1888
1984
1376
376
-440
-720
-472
-49
114
-204
-880
-1440
-1504
-816
392
1568
2112
1888
944
-164
-912
-992
-624
-148
1
-312
-880
-1248
-992
-140
992
1952
2112
1504
328
-784
-1312
-1184
-656
-118
17
-296
-752
-912
-488
456
1504
1984
1888
912
-360
-1312
-1632
-1248
-496
59
164
-148
-528
-528
1
912
1760
1952
1376
188
-1056
-1824
-1760
-1056
-212
360
392
51
-264
-196
376
1184
1760
1568
720
-528
-1632
-1984
-1632
-720
236
720
656
236
-78
45
592
1248
1504
1056
11
-1184
-1984
-1984
-1248
-164
752
1056
848
328
7
148
656
1120
1120
472
-656
-1696
-2112
-1760
-720
472
1248
1376
912
280
-39
114
560
880
656
-122
-1184
-1952
-1984
-1248
-27
1120
1696
1504
784
86
-220
-37
360
528
212
-592
-1504
-1952
-1632
-592
688
1696
1888
1376
488
-248
-488
-244
140
248
-148
-912
-1568
-1696
-1056
140
1376
1984
1888
1056
33
-656
-784
-440
-23
41
-360
-992
-1440
-1248
-376
848
1824
1
1184
1888
1760
992
86
-488
-496
-164
156
86
-456
-1184
-1632
-1376
-424
848
1888
2112
1568
488
-496
-992
-880
-408
-35
-78
-528
-1056
-1184
-656
376
1504
2112
1952
976
-264
-1184
-1440
-1056
-440
27
25
-344
-688
-624
-3
976
1824
1984
1376
156
-1056
-1760
-1696
-992
-156
344
328
-19
-312
-164
456
1248
1760
1504
560
-720
-1760
-1984
-1568
-560
376
848
688
264
-33
94
624
1184
1376
848
-248
-1440
-2112
-1984
-1056
114
992
1312
976
376
-1
86
496
912
816
122
-944
-1824
-1984
-1504
-312
912
1632
1568
976
204
-228
-164
212
472
264
-440
-1312
-1888
-1696
-720
560
1632
1984
1568
624
-244
-656
-496
-114
124
-82
-688
-1312
-1504
-992
118
1312
1984
1984
1120
19
-848
-1120
-816
-296
-3
-172
-656
-1056
-976
-248
848
1824
2112
1568
456
-752
-1440
-1440
-912
-228
124
1
-408
-656
-392
376
1312
1952
1824
880
-408
-1504
-1888
-1504
-656
132
488
328
-59
-248
45
752
1440
1696
1120
33
-1184
-1984
-1984
-1184
-140
688
944
656
188
-17
236
784
1248
1120
392
-752
-1824
-2112
-1696
-560
592
1312
1312
816
212
-53
140
592
848
528
-296
-1312
-1984
-1952
-992
248
1312
1760
1440
688
-45
-328
-140
244
376
19
-752
-1568
-1824
-1312
-188
1056
1952
1952
1248
244
-528
-752
-488
-62
70
-264
-912
-1376
-1312
-560
656
1760
2112
1760
688
-440
-1120
-1120
-688
-172
1
-264
-752
-992
-688
196
1248
1984
1984
1120
-94
-1184
-1632
-1376
-656
-17
204
-39
-424
-528
-110
752
1632
1952
1440
344
-944
-1824
-1888
-1248
-312
392
560
296
-82
-148
264
992
1568
1504
720
-496
-1632
-2112
-1760
-784
280
976
992
560
114
17
376
912
1184
880
-74
-1184
-1984
-1984
-1248
-55
992
1504
1248
624
55
-82
212
624
688
220
-720
-1632
-1984
-1632
-496
784
1696
1824
1184
360
-264
-408
-106
248
248
-248
-1056
-1696
-1632
-880
376
1504
1984
1760
848
-156
-784
-816
-408
-21
-11
-456
-1056
-1376
-992
-61
1120
1984
2112
1376
196
-848
-1312
-1120
-528
-62
-7
-360
-816
-880
-344
624
1632
2112
1696
656
-624
-1504
-1696
-1184
-392
164
244
-82
-424
-376
204
1056
1760
1824
992
-220
-1376
-1984
-1760
-912
45
624
624
244
-90
-17
496
1184
1504
1184
212
-992
-1952
-2112
-1440
-312
688
1120
976
440
45
78
496
976
1056
496
-560
-1632
-2112
-1824
-784
472
1376
1568
1056
392
-86
-90
264
592
496
-132
-1056
-1824
-1952
-1184
62
1248
1888
1696
912
47
-456
-424
-62
228
78
-528
-1248
-1696
-1376
-360
912
1888
1984
1440
424
-528
-976
-784
-312
1
-118
-624
-1120
-1248
-656
456
1568
2112
1888
912
-312
-1184
-1376
-992
-360
31
-41
-456
-784
-656
39
1056
1888
1984
1312
94
-1120
-1760
-1632
-912
-118
