1651 2 0 0 0
1
1504
2112
1632
280
-1184
-1984
-1760
-528
912
1824
1696
688
-592
-1504
-1568
-784
312
1120
1248
752
-94
-752
-944
-592
-35
408
496
344
57
-114
-102
1
33
-90
-296
-392
-228
188
624
816
496
-172
-880
-1184
-848
49
992
1504
1184
164
-1056
-1760
-1568
-440
976
1952
1824
752
-784
-1952
-1984
-992
528
1824
2112
1248
-248
-1632
-2112
-1440
-27
1312
1952
1504
264
-992
-1696
-1440
-440
688
1376
1248
496
-392
-992
-976
-488
164
592
624
328
-29
-236
-212
-78
1
-66
-212
-248
-82
280
592
624
264
-376
-944
-992
-528
360
1184
1440
848
-248
-1312
-1760
-1184
39
1312
1952
1504
228
-1248
-1984
-1760
-496
992
1984
1952
816
-784
-1952
-1984
-992
488
1696
1984
1184
-204
-1376
-1824
-1184
-45
1056
1504
1120
220
-720
-1184
-976
-296
408
784
656
248
-164
-376
-296
-114
19
1
-106
-132
17
296
528
472
55
-496
-912
-848
-236
624
1248
1184
488
-592
-1440
-1568
-784
488
1568
1888
1120
-280
-1568
-1984
-1440
15
1440
2112
1696
264
-1248
-2112
-1824
-528
992
1952
1888
752
-688
-1696
-1760
-912
392
1376
1568
944
-132
-992
-1248
-848
-45
656
912
656
124
-344
-496
-360
-98
90
98
1
-45
62
280
408
280
-110
-560
-816
-592
43
784
1184
976
124
-912
-1504
-1312
-376
880
1760
1696
656
-752
-1824
-1952
-976
528
1824
2112
1248
-264
-1696
-2112
-1504
-11
1440
2112
1632
280
-1120
-1952
-1632
-496
816
1632
1504
624
-496
-1312
-1312
-656
248
912
992
560
-62
-528
-624
-376
-21
204
212
86
1
57
204
280
132
-220
-560
-688
-360
264
880
1056
656
-212
-1056
-1440
-992
47
1184
1760
1376
196
-1120
-1952
-1696
-488
992
1984
1952
784
-816
-1952
-1984
-992
528
1824
1984
1248
-236
-1568
-1984
-1376
-37
1248
1824
1376
248
-912
-1504
-1248
-392
560
1120
992
424
-296
-720
-688
-328
102
344
312
132
-5
1
106
156
21
-264
-496
-496
-148
440
880
912
360
-488
-1184
-1248
-656
424
1376
1632
992
-264
-1440
-1888
-1312
31
1440
1984
1632
248
-1248
-2112
-1824
-528
992
1984
1952
784
-752
-1888
-1952
-992
456
1568
1824
1056
-172
-1248
-1632
-1056
-49
912
1248
976
180
-560
-912
-720
-220
264
488
392
132
-66
-94
1
57
-39
-248
-424
-344
31
528
816
688
82
-688
-1184
-1056
-296
752
1440
1440
560
-688
-1632
-1760
-880
496
1696
1984
1184
-280
-1632
-2112
-1440
3
1504
2112
1696
280
-1248
-1984
-1760
-528
944
1888
1760
720
-624
-1568
-1632
-816
328
1184
1376
784
-102
-816
-992
-656
-39
472
624
424
74
-172
-204
-94
1
-45
-196
-296
-180
156
528
720
456
-156
-816
-1056
-784
47
976
1440
1120
156
-992
-1696
-1504
-424
944
1888
1824
720
-784
-1952
-1984
-992
528
1824
1
1504
2112
1632
248
-1248
-1984
-1696
-472
992
1888
1696
624
-688
-1632
-1568
-720
440
1248
1376
752
-212
-944
-1056
-656
45
592
752
488
37
-296
-360
-220
-31
41
-19
-102
-62
132
376
472
244
-228
-688
-848
-496
228
944
1184
784
-132
-1056
-1504
-1120
-31
1120
1760
1440
248
-1120
-1952
-1696
-496
992
1984
1952
784
-816
-1952
-1984
-992
560
1824
2112
1184
-312
-1632
-1984
-1312
57
1376
1888
1376
156
-1056
-1632
-1312
-312
752
1312
1120
392
-488
-992
-912
-376
244
624
592
264
-82
-264
-228
-82
1
-47
-156
-180
-13
296
528
496
114
-472
-912
-848
-296
528
1184
1184
528
-528
-1376
-1568
-816
424
1504
1824
1120
-248
-1504
-1984
-1376
19
1440
2112
1632
236
-1312
-2112
-1824
-488
1056
1984
1888
688
-816
-1888
-1888
-880
560
1632
1760
976
-296
-1312
-1568
-976
82
976
1248
880
62
-656
-944
-688
-132
360
560
408
110
-124
-172
-82
1
-35
-180
-280
-204
110
488
656
472
-94
-720
-992
-784
-11
880
1376
1120
188
-944
-1632
-1440
-424
880
1760
1760
688
-752
-1888
-1952
-976
560
1824
2112
1184
-344
-1696
-2112
-1376
82
1504
2112
1568
156
-1248
-1952
-1568
-360
976
1760
1504
496
-688
-1440
-1376
-560
424
1056
1120
560
-204
-720
-816
-440
55
392
440
244
5
-94
-47
39
21
-140
-328
-376
-140
296
688
720
328
-360
-976
-1056
-592
328
1184
1440
912
-220
-1312
-1760
-1184
35
1312
1952
1504
196
-1248
-1984
-1760
-456
1056
1984
1952
720
-880
-1984
-1984
-944
624
1824
1984
1056
-376
-1568
-1888
-1184
124
1312
1696
1184
78
-976
-1440
-1056
-212
656
1056
912
264
-392
-720
-624
-228
172
344
280
98
-23
-1
90
114
-33
-296
-488
-392
1
496
848
720
122
-656
-1184
-1056
-312
720
1440
1376
560
-656
-1632
-1696
-848
528
1696
1952
1120
-344
-1696
-2112
-1376
106
1568
2112
1568
148
-1376
-2112
-1696
-392
1120
1984
1760
592
-848
-1760
-1696
-720
560
1504
1568
784
-312
-1120
-1312
-752
114
816
992
624
15
-488
-624
-424
-61
204
248
132
13
17
124
212
122
-156
-472
-560
-328
212
752
976
592
-164
-976
-1312
-912
43
1056
1568
1248
148
-1056
-1824
-1568
-392
992
1952
1824
656
-880
-1984
-1984
-912
656
1888
2112
1120
-424
-1760
-2112
-1312
164
1504
1984
1376
74
-1248
-1824
-1376
-264
944
1568
1312
392
-624
-1184
-1056
-440
376
880
848
376
-164
-496
-496
-244
39
164
114
9
1
124
264
280
51
-344
-656
-624
-188
472
976
976
392
-496
-1248
-1312
-656
456
1376
1632
976
-312
-1504
-1888
-1248
118
1440
1984
1504
124
-1376
-2112
-1760
-376
1184
2112
1888
624
-944
-1984
-1952
-816
688
1760
1888
976
-408
-1504
-1696
-992
172
1184
1504
976
11
-848
-1184
-848
-124
