1651 2 0 0 0
1
1056
1824
1984
1760
992
78
-784
-1312
-1376
-1120
-592
-74
280
392
264
62
-82
-45
204
592
944
1056
816
248
-528
-1312
-1824
-1888
-1376
-456
624
1568
2112
1984
1504
528
-496
-1312
-1696
-1632
-1056
-408
248
656
752
592
312
66
1
132
392
592
624
376
-148
-816
-1376
-1632
-1440
-784
164
1120
1888
2112
1824
992
-86
-1056
-1824
-1952
-1568
-848
-1
720
1056
1120
816
392
23
-148
-110
74
248
280
61
-360
-880
-1248
-1312
-944
-220
688
1504
1984
1952
1376
376
-720
-1632
-1984
-1952
-1312
-408
528
1184
1504
1312
880
264
-220
-472
-456
-248
-43
45
-74
-376
-720
-944
-848
-440
244
992
1632
1824
1568
784
-264
-1248
-1984
-2112
-1760
-880
164
1120
1696
1760
1376
688
-53
-624
-880
-816
-496
-196
1
-5
-188
-424
-560
-440
-47
528
1120
1504
1504
992
172
-816
-1696
-2112
-1984
-1312
-280
784
1632
1984
1824
1184
296
-528
-1056
-1248
-1056
-624
-156
156
244
122
-82
-204
-124
172
624
992
1184
992
472
-360
-1184
-1824
-1984
-1568
-720
360
1376
1984
2112
1632
752
-236
-1056
-1568
-1504
-1120
-496
82
488
592
472
220
23
5
188
496
752
816
560
5
-720
-1376
-1760
-1632
-1056
-98
944
1760
2112
1952
1184
196
-848
-1568
-1888
-1632
-992
-204
496
912
976
752
376
70
-62
15
228
408
424
180
-296
-880
-1312
-1440
-1184
-472
472
1376
1984
1984
1568
656
-440
-1376
-1984
-1984
-1504
-624
280
992
1312
1248
880
344
-86
-312
-296
-114
74
124
-39
-392
-816
-1056
-1056
-656
55
912
1632
1952
1760
992
15
-1056
-1888
-2112
-1888
-1120
-102
848
1504
1696
1376
784
114
-424
-688
-656
-424
-148
-5
-61
-280
-560
-720
-624
-204
440
1120
1568
1696
1248
440
-592
-1504
-1984
-1984
-1504
-560
496
1440
1888
1824
1312
496
-296
-880
-1056
-976
-592
-204
62
114
-27
-236
-344
-248
98
592
1056
1376
1248
720
-132
-1056
-1760
-1984
-1760
-992
70
1120
1888
1984
1760
976
17
-848
-1312
-1440
-1120
-592
-49
312
424
312
94
-59
-29
212
560
912
992
784
196
-560
-1312
-1824
-1824
-1312
-376
688
1632
2112
1984
1440
472
-560
-1376
-1760
-1632
-1056
-360
296
720
816
624
328
74
-5
114
360
560
592
328
-180
-816
-1376
-1632
-1376
-720
236
1184
1952
2112
1760
944
-156
-1184
-1824
-1952
-1568
-816
51
784
1120
1120
848
392
5
-180
-140
37
220
244
35
-376
-848
-1184
-1248
-880
-164
720
1504
1984
1888
1312
296
-784
-1696
-2112
-1952
-1312
-360
592
1248
1568
1376
848
244
-248
-496
-496
-296
-66
29
-74
-360
-688
-880
-816
-392
280
992
1632
1824
1504
688
-328
-1312
-1984
-2112
-1696
-816
244
1184
1760
1760
1376
656
-98
-656
-912
-848
-528
-204
5
11
-156
-392
-496
-392
-11
1
1056
1824
1984
1760
992
35
-816
-1376
-1440
-1120
-592
-37
360
496
408
180
1
-9
172
488
784
880
624
102
-624
-1312
-1696
-1696
-1120
-196
848
1696
2112
1984
1248
248
-816
-1632
-1952
-1696
-1056
-220
528
992
1120
912
496
94
-140
-164
-11
172
248
102
-248
-720
-1120
-1184
-944
-312
528
1376
1888
1952
1376
456
-624
-1568
-2112
-1984
-1440
-472
528
1312
1696
1568
992
328
-296
-688
-784
-592
-296
-61
3
-124
-360
-560
-528
-264
248
880
1376
1568
1248
560
-392
-1312
-1952
-1984
-1632
-720
392
1376
1952
1984
1504
624
-280
-992
-1376
-1312
-912
-360
118
376
392
228
23
-62
47
344
688
944
912
496
-156
-944
-1568
-1824
-1568
-848
180
1184
1952
2112
1760
944
-140
-1120
-1760
-1888
-1440
-720
70
720
992
992
688
296
-11
-124
-33
156
312
264
-5
-472
-976
-1248
-1248
-784
-15
880
1632
1984
1824
1120
62
-992
-1824
-2112
-1888
-1056
-94
848
1440
1632
1312
752
78
-440
-688
-624
-408
-140
-1
-62
-280
-528
-656
-528
-118
496
1120
1568
1568
1056
244
-752
-1632
-2112
-1984
-1312
-312
784
1632
1984
1824
1184
280
-560
-1120
-1312
-1120
-656
-156
212
344
248
53
-94
-70
164
528
912
992
848
312
-456
-1248
-1760
-1824
-1376
-496
560
1504
2112
1984
1504
528
-496
-1376
-1824
-1696
-1184
-424
312
816
976
816
488
132
-57
-43
124
328
392
228
-172
-720
-1184
-1376
-1184
-560
312
1184
1888
1984
1632
752
-344
-1376
-1984
-1984
-1632
-720
248
1056
1504
1504
1056
472
-122
-496
-592
-472
-220
-29
-11
-188
-472
-720
-720
-456
98
784
1376
1696
1504
848
-118
-1120
-1888
-2112
-1824
-992
82
1120
1824
1984
1632
848
-31
-784
-1184
-1184
-912
-424
1
236
244
78
-102
-164
-9
344
752
1056
1056
752
61
-784
-1504
-1888
-1760
-1120
-124
976
1824
2112
1952
1184
156
-848
-1568
-1760
-1504
-880
-132
496
848
848
624
280
33
-35
86
296
472
424
122
-392
-976
-1376
-1440
-1056
-280
656
1504
1984
1984
1376
376
-720
-1632
-1984
-1952
-1312
-360
560
1248
1504
1312
816
228
-248
-496
-488
-280
-66
23
-82
-360
-656
-848
-720
-312
360
1056
1632
1760
1312
528
-496
-1440
-1984
-2112
-1568
-624
472
1376
1888
1888
1312
496
-312
-912
-1120
-992
-656
-228
94
196
98
-90
-228
-172
114
528
976
1184
1056
560
-244
-1056
-1760
-1952
-1632
-816
264
1312
1984
2112
1696
816
-212
-1120
-1632
-1696
-1248
-560
110
592
816
688
424
132
-5
47
248
488
560
392
-51
-656
-1184
-1504
-1376
-848
55
992
1824
2112
1824
1056
-21
-1056
-1824
-1984
-1760
-976
-17
816
1312
1376
1056
560
25
-328
-440
-312
-110
41
11
-212
-560
-848
-944
-656
-94
656
1376
1760
1696
1120
180
-880
-1760
-2112
-1984
