1651 2 0 0 0
1
1632
2112
1184
-496
-1888
-1952
-720
944
1888
1568
212
-1184
-1760
-1056
204
1248
1376
624
-472
-1120
-976
-236
528
816
528
-5
-392
-424
-172
53
94
1
-35
102
312
344
55
-424
-720
-528
124
848
1056
528
-488
-1312
-1248
-328
944
1696
1248
-43
-1440
-1888
-1056
528
1824
1952
688
-992
-2112
-1760
-196
1504
2112
1376
-312
-1760
-1984
-912
784
1888
1696
392
-1056
-1824
-1248
59
1248
1504
784
-376
-1120
-1056
-360
496
912
656
59
-440
-528
-264
51
180
102
1
41
204
264
82
-312
-624
-496
39
720
992
592
-344
-1184
-1248
-456
784
1568
1312
118
-1248
-1888
-1184
344
1696
1952
848
-848
-1984
-1824
-392
1312
2112
1504
-124
-1696
-1984
-1056
624
1888
1824
560
-992
-1824
-1376
-98
1184
1632
944
-264
-1184
-1184
-488
472
976
784
140
-456
-624
-360
29
248
212
53
1
98
188
90
-228
-496
-488
-33
592
912
624
-220
-992
-1184
-528
624
1440
1376
264
-1056
-1824
-1248
156
1568
1952
992
-656
-1952
-1952
-592
1120
2112
1696
70
-1568
-2112
-1248
440
1824
1952
752
-848
-1824
-1568
-264
1120
1696
1056
-140
-1184
-1312
-624
392
992
912
244
-456
-720
-488
-9
312
312
124
-23
1
98
78
-140
-408
-440
-86
472
816
624
-110
-912
-1184
-592
472
1312
1376
408
-944
-1760
-1376
-17
1440
1952
1120
-472
-1824
-1984
-752
976
1984
1824
264
-1440
-2112
-1440
248
1760
1984
944
-688
-1824
-1696
-440
992
1760
1248
-1
-1120
-1440
-784
312
1056
992
360
-440
-816
-592
-70
344
424
212
-27
-86
1
49
-78
-296
-376
-122
360
720
592
-11
-784
-1056
-656
328
1184
1312
496
-784
-1632
-1376
-180
1248
1952
1248
-280
-1696
-1984
-944
784
1984
1888
472
-1248
-2112
-1568
55
1632
1984
1120
-528
-1824
-1824
-624
912
1760
1376
148
-1056
-1504
-944
212
1056
1120
488
-392
-880
-720
-148
376
528
296
-11
-164
-106
1
-29
-188
-280
-132
264
624
560
62
-624
-992
-688
196
1056
1312
624
-592
-1504
-1440
-328
1056
1888
1376
-94
-1568
-1984
-1056
592
1952
1952
656
-1056
-2112
-1696
-140
1504
2112
1312
-360
-1760
-1952
-816
784
1760
1568
312
-992
-1632
-1056
86
1056
1248
624
-328
-944
-848
-244
376
624
408
21
-228
-212
-62
1
-90
-204
-124
172
496
528
124
-496
-944
-720
78
976
1248
688
-456
-1376
-1440
-472
944
1760
1440
82
-1376
-1984
-1184
408
1824
1984
848
-944
-1984
-1824
-344
1376
2112
1440
-172
-1696
-1984
-992
624
1760
1696
488
-944
-1632
-1248
-47
1056
1376
752
-248
-976
-976
-344
360
688
528
74
-264
-312
-140
9
1
-102
-102
106
392
472
164
-408
-816
-688
-19
816
1184
752
-296
-1248
-1440
-592
752
1696
1504
248
-1248
-1952
-1312
220
1696
1984
992
-720
-1984
-1952
1
1632
2112
1184
-528
-1888
-1952
-656
992
1952
1568
132
-1312
-1824
-1056
312
1376
1504
592
-592
-1248
-1056
-172
720
992
624
-94
-592
-624
-248
164
344
236
37
-45
21
86
-7
-244
-408
-264
180
624
720
248
-496
-992
-880
-37
944
1376
848
-344
-1376
-1568
-592
816
1760
1504
196
-1312
-1984
-1312
312
1760
1984
912
-880
-1984
-1888
-376
1312
2112
1504
-172
-1696
-1984
-992
656
1824
1696
472
-992
-1760
-1248
15
1184
1504
816
-360
-1184
-1120
-360
528
976
688
49
-496
-592
-312
82
280
220
51
-13
61
132
35
-236
-456
-360
78
592
784
408
-376
-992
-992
-248
784
1376
1056
-78
-1248
-1632
-912
528
1696
1696
528
-1056
-1984
-1568
-45
1568
2112
1248
-496
-1952
-1984
-752
992
2112
1760
196
-1440
-1984
-1248
328
1632
1824
784
-752
-1696
-1440
-264
992
1504
976
-124
-992
-1120
-528
344
880
752
180
-376
-560
-344
5
220
180
49
1
94
188
90
-204
-488
-456
-35
528
848
560
-212
-976
-1120
-488
592
1376
1248
196
-1056
-1696
-1120
244
1568
1888
880
-752
-1952
-1824
-408
1248
2112
1504
-132
-1696
-2112
-1056
688
1984
1952
560
-1120
-1984
-1504
-23
1440
1888
992
-440
-1568
-1568
-528
752
1440
1120
110
-848
-1120
-656
172
752
784
280
-264
-496
-360
-53
156
140
31
3
122
244
156
-156
-496
-560
-164
472
912
720
-31
-912
-1184
-688
392
1312
1376
488
-880
-1696
-1376
-78
1376
1952
1184
-440
-1824
-1952
-784
976
1984
1760
248
-1440
-2112
-1376
296
1824
1984
912
-816
-1952
-1696
-360
1184
1888
1248
-124
-1376
-1632
-784
488
1312
1184
328
-656
-1120
-784
1
624
752
376
-148
-440
-360
-98
98
98
1
-5
132
280
236
-86
-496
-624
-296
360
912
880
164
-784
-1248
-912
156
1248
1504
752
-624
-1632
-1568
-408
1120
1952
1440
-78
-1632
-1984
-1120
624
1952
1952
624
-1120
-2112
-1696
-70
1568
2112
1184
-456
-1760
-1888
-688
880
1824
1440
180
-1120
-1632
-992
228
1184
1248
528
-472
-992
-848
-156
496
720
440
-43
-360
-344
-124
53
55
-33
-33
132
328
312
-1
-472
-688
-440
236
880
976
360
-624
-1248
-1056
-94
1056
1568
992
-328
-1568
-1760
-720
848
1888
1696
280
-1376
-2112
-1376
248
1760
2112
976
-816
-1984
-1888
-440
1248
1984
1504
-98
-1568
-1952
-992
560
1696
1632
488
-880
-1568
-1120
-33
992
1248
688
-264
-944
-912
-296
376
656
488
49
-280
-312
-132
17
13
-78
-74
114
360
392
94
-408
-752
-560
82
816
1056
560
-440
-1248
-1248
-360
880
1632
1248
-29
-1376
-1824
-992
528
1824
1888
624
-1056
-1984
-1696
-118
1568
2112
1312
-440
-1888
-1984
-816
944
1984
1696
248
-1312
-1952
-1248
244
1504
1696
752
-624
-1440
-1248
-280
816
1248
848
-62
-784
