1651 2 0 0 0
1
1376
1984
1568
496
-472
-784
-496
-61
-17
-488
-1056
-1120
-440
816
1888
1984
1184
-248
-1376
-1696
-1120
-212
344
280
-98
-248
164
976
1568
1376
280
-1120
-1984
-1952
-912
440
1248
1248
624
39
-57
296
624
424
-424
-1440
-1888
-1376
-37
1376
1984
1696
560
-496
-944
-688
-180
-3
-344
-912
-1056
-440
752
1824
1984
1184
-220
-1440
-1824
-1248
-264
424
472
86
-164
118
848
1440
1312
296
-1056
-1984
-1984
-976
424
1376
1376
784
66
-172
110
472
376
-360
-1312
-1824
-1376
-74
1312
1984
1760
624
-528
-1056
-880
-312
1
-212
-720
-912
-424
688
1760
1984
1248
-188
-1440
-1952
-1376
-328
488
624
280
-62
74
688
1248
1184
312
-992
-1984
-1984
-992
408
1440
1568
912
98
-264
-82
296
296
-280
-1184
-1696
-1312
-110
1312
2112
1824
688
-528
-1184
-1056
-440
1
-78
-528
-784
-392
592
1632
1952
1248
-148
-1504
-1984
-1504
-392
528
816
472
43
43
528
1056
1120
328
-944
-1952
-1984
-1056
392
1504
1696
992
140
-376
-264
118
236
-228
-992
-1568
-1248
-140
1248
2112
1888
752
-560
-1312
-1184
-560
-3
49
-328
-624
-360
528
1504
1888
1248
-110
-1440
-1984
-1568
-456
592
976
656
156
13
392
944
992
328
-880
-1888
-1984
-1056
360
1504
1824
1120
180
-456
-456
-66
148
-172
-912
-1440
-1184
-172
1184
1984
1952
816
-560
-1376
-1376
-688
-17
172
-132
-472
-312
456
1376
1824
1248
-70
-1440
-2112
-1696
-496
624
1056
848
264
-5
244
752
912
328
-784
-1824
-1984
-1120
328
1568
1888
1248
228
-528
-624
-248
66
-118
-752
-1248
-1120
-196
1120
1984
1952
880
-528
-1504
-1504
-848
-39
280
62
-296
-264
376
1248
1696
1248
-33
-1440
-2112
-1760
-560
656
1248
992
392
-19
102
528
752
312
-688
-1696
-1952
-1120
296
1568
1984
1376
280
-592
-816
-440
-27
-66
-592
-1120
-1056
-212
1056
1984
1984
944
-528
-1568
-1696
-976
-62
392
248
-132
-212
296
1056
1568
1184
1
-1376
-2112
-1824
-624
656
1376
1184
496
-27
-37
344
624
280
-624
-1568
-1888
-1120
248
1568
1984
1504
328
-656
-976
-624
-124
-27
-440
-944
-976
-228
992
1952
1952
976
-496
-1632
-1824
-1056
-98
496
456
45
-140
228
944
1440
1120
37
-1312
-2112
-1888
-688
656
1440
1312
624
-27
-172
156
472
264
-528
-1440
-1824
-1120
220
1568
2112
1568
392
-720
-1120
-816
-236
5
-280
-752
-848
-236
912
1888
1952
992
-488
-1632
-1888
-1184
-132
592
624
228
-66
156
784
1312
1056
66
-1248
-2112
-1888
-752
656
1568
1504
752
-19
-296
-41
312
228
-456
-1312
-1696
-1120
172
1504
2112
1696
440
-752
-1248
-976
-344
35
-124
-560
-720
-228
816
1760
1888
992
-440
-1696
-1984
-1312
-172
656
816
408
15
98
624
1120
992
94
-1184
-1984
-1888
1
1376
1984
1568
488
-496
-848
-528
-98
-21
-456
-992
-1056
-344
912
1888
1984
1056
-408
-1568
-1824
-1120
-140
496
488
94
-122
196
880
1376
1120
33
-1312
-2112
-1888
-656
720
1568
1440
688
-62
-312
-43
280
172
-496
-1312
-1632
-976
360
1696
2112
1568
248
-944
-1376
-992
-328
102
-17
-424
-528
-41
944
1696
1696
688
-784
-1888
-1984
-1120
102
976
1056
560
74
37
456
816
624
-244
-1376
-1984
-1568
-312
1120
1952
1760
720
-344
-848
-624
-172
5
-328
-912
-1120
-528
624
1760
1984
1312
-90
-1376
-1824
-1312
-344
408
528
180
-114
82
720
1312
1248
312
-1056
-1984
-1984
-976
472
1440
1568
880
62
-312
-124
244
244
-344
-1184
-1632
-1184
53
1440
2112
1760
528
-720
-1376
-1120
-472
57
47
-344
-560
-204
720
1632
1824
976
-472
-1760
-1984
-1376
-148
848
1120
688
156
1
344
784
752
-9
-1120
-1952
-1760
-624
848
1888
1888
976
-148
-784
-720
-264
11
-228
-784
-1120
-720
344
1568
2112
1568
228
-1120
-1824
-1504
-528
296
560
264
-82
-3
560
1248
1312
560
-752
-1888
-2112
-1248
172
1312
1632
1056
212
-280
-196
180
296
-172
-992
-1632
-1376
-248
1184
1984
1952
848
-496
-1312
-1248
-624
-13
94
-248
-560
-328
496
1440
1824
1184
-148
-1504
-2112
-1632
-424
688
1120
816
248
-13
244
720
816
196
-912
-1824
-1888
-944
560
1760
1952
1184
66
-720
-784
-360
-5
-132
-656
-1120
-880
86
1312
1984
1760
528
-912
-1760
-1632
-752
164
560
360
-31
-70
440
1120
1376
784
-472
-1696
-2112
-1504
-124
1120
1632
1184
376
-228
-248
106
312
-29
-848
-1504
-1504
-528
912
1984
1984
1120
-244
-1184
-1312
-784
-110
118
-156
-528
-440
280
1248
1824
1440
172
-1248
-1984
-1824
-688
496
1056
944
360
-1
156
624
848
376
-656
-1696
-1952
-1184
244
1568
1984
1376
296
-592
-848
-472
-51
-61
-528
-1056
-992
-164
1056
1984
1952
848
-624
-1696
-1760
-976
-1
528
440
35
-110
280
992
1376
992
-180
-1504
-2112
-1696
-440
944
1632
1376
560
-140
-296
21
312
94
-656
-1440
-1568
-816
592
1824
2112
1376
37
-1056
-1376
-944
-228
118
-74
-472
-496
94
1056
1760
1632
488
-992
-1984
-1952
-976
280
1056
992
488
33
78
528
848
528
-424
-1504
-1984
-1440
-78
1312
1984
1632
528
-472
-848
-560
-114
-11
-424
-976
-1056
-392
816
1888
1984
1120
-328
-1504
-1824
-1184
-188
488
496
118
-122
164
848
1376
1120
102
-1248
-2112
-1888
-752
656
1568
1504
752
-35
-312
-62
280
188
-472
-1312
-1632
-992
280
1632
2112
1632
328
-912
-1376
-1056
-360
94
1
-392
-560
-82
880
1696
1760
784
-688
-1888
-1984
-1184
39
944
1056
592
94
25
424
816
656
-180
-1312
-1984
-1632
-408
1056
1952
1760
784
-296
-816
