1651 2 0 0 0
1
976
1760
2112
1984
1504
656
-280
-1120
-1760
-1952
-1696
-1056
-312
472
1056
1440
1440
1120
624
47
-472
-784
-912
-784
-528
-228
55
228
264
212
98
1
-23
51
212
392
528
528
376
62
-344
-784
-1056
-1184
-992
-528
94
784
1312
1696
1632
1184
488
-392
-1184
-1824
-1984
-1824
-1120
-248
720
1568
1984
2112
1696
944
-55
-992
-1760
-1984
-1952
-1376
-560
312
1056
1632
1760
1504
944
244
-456
-976
-1184
-1184
-912
-472
-11
360
560
624
496
296
106
-27
-61
1
106
188
196
82
-140
-424
-688
-816
-784
-496
-59
488
992
1312
1376
1120
592
-148
-944
-1568
-1888
-1760
-1248
-472
472
1312
1952
2112
1824
1120
196
-784
-1632
-1984
-2112
-1632
-848
106
992
1696
1952
1824
1248
488
-328
-992
-1440
-1504
-1248
-784
-164
392
816
976
912
656
312
-5
-244
-344
-312
-204
-74
1
-15
-124
-280
-424
-472
-376
-124
244
624
976
1056
992
592
37
-624
-1184
-1568
-1632
-1248
-624
212
1056
1696
1984
1888
1312
440
-528
-1440
-1984
-2112
-1824
-1056
-140
848
1632
1984
1984
1568
752
-148
-992
-1568
-1824
-1632
-1056
-392
328
944
1248
1248
992
592
110
-328
-592
-688
-624
-408
-172
11
102
86
1
-98
-140
-90
74
312
560
720
720
528
148
-360
-848
-1184
-1376
-1184
-688
-1
752
1376
1760
1760
1376
624
-280
-1120
-1824
-2112
-1952
-1312
-392
592
1504
1984
2112
1760
992
86
-848
-1568
-1952
-1888
-1440
-656
180
944
1440
1632
1376
944
296
-312
-784
-992
-992
-784
-440
-59
236
392
408
312
164
41
1
53
180
312
392
344
164
-148
-496
-848
-992
-976
-656
-156
472
1056
1440
1568
1312
752
-43
-880
-1568
-1952
-1888
-1440
-624
344
1248
1952
2112
1952
1248
344
-656
-1504
-1984
-1984
-1696
-944
-31
848
1504
1824
1760
1248
560
-204
-848
-1248
-1376
-1184
-752
-220
264
624
784
720
528
264
21
-124
-164
-102
1
78
78
-27
-228
-456
-624
-656
-528
-220
236
720
1056
1248
1184
784
140
-592
-1248
-1696
-1760
-1440
-784
94
992
1696
1984
1984
1440
592
-408
-1312
-1952
-2112
-1888
-1184
-280
688
1504
1952
1984
1568
848
-17
-816
-1376
-1632
-1504
-1056
-456
212
752
1056
1120
912
560
140
-212
-440
-496
-424
-248
-102
-1
1
-82
-212
-296
-312
-180
70
408
720
944
944
688
248
-328
-912
-1312
-1504
-1376
-848
-118
688
1440
1888
1888
1504
784
-156
-1056
-1824
-2112
-1984
-1440
-528
472
1376
1952
2112
1824
1120
220
-688
-1440
-1824
-1824
-1376
-720
59
784
1248
1440
1312
880
344
-196
-624
-848
-816
-624
-360
-74
132
228
204
106
1
-49
1
140
344
496
592
496
264
-124
-560
-976
-1184
-1120
-848
-264
424
1056
1568
1760
1504
912
82
-816
-1568
-1984
-1984
-1568
-752
212
1120
1888
1
992
1760
2112
1984
1504
624
-344
-1184
-1824
-1952
-1696
-1056
-236
592
1184
1568
1504
1184
592
-53
-624
-992
-1056
-944
-624
-220
156
408
496
472
312
140
15
-27
15
114
212
244
156
-39
-312
-592
-784
-816
-624
-236
280
816
1184
1376
1184
752
82
-656
-1312
-1760
-1760
-1376
-656
236
1120
1760
1984
1888
1312
392
-592
-1504
-1984
-2112
-1760
-992
-29
944
1696
1984
1952
1440
592
-296
-1120
-1632
-1760
-1504
-976
-228
488
1056
1312
1248
976
496
-27
-472
-720
-784
-656
-424
-140
82
204
212
132
29
-35
-15
94
264
440
528
496
280
-53
-472
-848
-1056
-1056
-816
-312
328
976
1440
1632
1440
912
122
-720
-1440
-1888
-1952
-1504
-752
220
1120
1888
2112
1952
1312
424
-592
-1440
-1984
-2112
-1760
-992
-57
880
1568
1952
1824
1312
592
-248
-976
-1440
-1568
-1312
-848
-212
392
848
1056
992
752
376
-7
-312
-472
-472
-360
-196
-53
15
-3
-94
-204
-264
-220
-59
204
496
752
848
752
424
-57
-592
-1056
-1376
-1312
-992
-392
360
1056
1632
1824
1632
992
156
-752
-1568
-1984
-1984
-1568
-784
196
1120
1888
2112
1984
1376
456
-528
-1376
-1952
-1984
-1696
-976
-78
784
1440
1760
1632
1184
528
-196
-848
-1184
-1312
-1120
-688
-180
280
624
752
720
496
244
1
-148
-196
-140
-43
35
45
-41
-204
-392
-528
-560
-408
-110
296
720
992
1120
976
560
-51
-720
-1248
-1568
-1568
-1120
-472
376
1184
1760
1984
1760
1056
196
-784
-1568
-1984
-2112
-1632
-848
164
1120
1824
2112
1952
1312
472
-496
-1312
-1824
-1888
-1568
-912
-98
688
1248
1568
1440
1056
472
-148
-656
-976
-992
-848
-528
-140
188
408
456
392
244
94
-1
1
74
188
264
264
148
-90
-392
-688
-848
-848
-592
-164
376
912
1312
1376
1184
688
-37
-816
-1440
-1824
-1760
-1312
-528
392
1248
1888
1984
1824
1184
236
-784
-1632
-2112
-2112
-1696
-848
132
1056
1760
1984
1888
1312
456
-440
-1184
-1632
-1760
-1440
-848
-106
560
1056
1312
1184
880
392
-102
-496
-720
-720
-560
-344
-90
94
172
148
59
-31
-62
-5
140
344
496
592
496
248
-124
-560
-944
-1120
-1056
-784
-220
456
1056
1504
1632
1376
784
-17
-880
-1568
-1952
-1888
-1440
-592
376
1248
1952
2112
1888
1184
264
-752
-1568
-1984
-1984
-1632
-848
98
992
1632
1952
1760
1184
440
-376
-1056
-1440
-1504
-1248
-720
-106
472
848
992
944
656
296
-61
-312
-440
-408
-280
-132
-23
3
-55
-164
-264
-312
-236
-23
264
592
816
912
752
376
-148
-720
-1184
-1440
-1312
-944
-280
496
1184
1696
1824
1568
912
5
-912
-1696
-1984
-1984
-1504
-656
360
1248
1952
2112
1888
1184
280
-688
-1504
-1984
-1984
-1568
-816
66
912
1504
1760
1568
1056
408
-296
-880
-1184
-1248
-992
-592
-98
