1651 2 0 0 0
1
1376
2112
1760
624
-720
-1632
-1632
-944
86
848
1056
720
172
-204
-248
-62
78
-41
-408
-752
-752
-228
624
1376
1504
880
-328
-1504
-1984
-1568
-296
1120
1984
1984
944
-496
-1632
-1888
-1248
-124
880
1312
1056
392
-244
-496
-408
-132
1
-132
-408
-528
-264
360
992
1312
944
-70
-1184
-1888
-1632
-560
880
1952
1984
1184
-220
-1504
-1984
-1568
-392
816
1504
1376
656
-180
-720
-752
-408
-53
66
-70
-264
-228
156
720
1056
912
132
-880
-1632
-1632
-784
560
1760
2112
1440
74
-1312
-1984
-1824
-688
656
1568
1632
976
-35
-816
-992
-720
-196
188
244
57
-86
29
392
752
752
264
-592
-1312
-1504
-912
264
1440
1984
1632
376
-1056
-1984
-1984
-992
424
1568
1888
1248
188
-848
-1248
-1056
-424
212
496
392
132
1
132
424
560
296
-328
-992
-1312
-976
11
1120
1888
1696
624
-816
-1952
-2112
-1248
148
1440
1984
1568
472
-752
-1440
-1376
-688
140
688
720
424
62
-61
78
264
244
-132
-688
-1056
-944
-188
848
1632
1696
848
-496
-1696
-2112
-1504
-148
1248
1984
1824
752
-592
-1504
-1696
-992
-11
784
992
752
220
-164
-228
-49
94
-17
-392
-752
-784
-296
528
1312
1568
976
-212
-1440
-1984
-1696
-456
992
1984
1984
1056
-344
-1504
-1888
-1312
-244
784
1248
1056
456
-180
-488
-392
-132
-1
-132
-424
-560
-328
296
992
1376
992
45
-1120
-1888
-1760
-688
720
1888
2112
1312
-70
-1376
-1984
-1632
-528
688
1440
1376
720
-102
-656
-720
-424
-70
53
-86
-280
-264
110
688
1056
976
236
-816
-1632
-1696
-912
440
1632
2112
1568
228
-1184
-1984
-1888
-816
496
1504
1696
1056
62
-752
-992
-752
-236
148
220
41
-106
5
376
752
816
344
-496
-1312
-1568
-992
140
1376
1984
1696
496
-976
-1984
-1984
-1120
280
1440
1888
1376
296
-720
-1248
-1056
-472
156
456
376
132
-1
124
424
592
360
-264
-992
-1376
-1056
-106
1056
1888
1760
784
-656
-1824
-2112
-1376
-1
1312
1984
1632
560
-624
-1376
-1376
-752
62
624
720
424
82
-45
94
296
280
-86
-656
-1056
-992
-280
752
1632
1760
976
-360
-1632
-2112
-1632
-296
1120
1984
1888
880
-456
-1440
-1696
-1056
-110
688
992
752
248
-132
-204
-33
114
5
-360
-752
-848
-392
472
1312
1568
1056
-74
-1312
-1984
-1760
-592
880
1952
1984
1184
-212
-1440
-1888
-1376
-360
688
1184
1056
496
-124
-440
-376
-124
5
-124
-424
-592
-392
228
976
1376
1056
164
-992
-1824
-1824
-848
592
1824
2112
1440
78
-1248
-1984
-1696
-624
560
1376
1376
784
-25
-592
-688
-424
-90
39
-98
-312
-296
61
656
1056
992
328
-720
-1568
-1760
-992
296
1568
2112
1696
376
-1056
-1984
-1952
-944
392
1376
1696
1120
156
-656
-992
-752
-264
118
196
23
-124
-21
360
784
880
1
1376
2112
1760
592
-752
-1632
-1696
-912
140
944
1120
784
164
-280
-376
-188
1
-37
-312
-592
-560
-110
624
1248
1312
656
-488
-1568
-1952
-1312
-35
1376
2112
1888
688
-784
-1888
-1952
-1120
140
1184
1632
1184
296
-528
-912
-752
-296
70
164
11
-140
-51
312
720
880
488
-344
-1184
-1568
-1120
-62
1184
1984
1824
720
-784
-1888
-2112
-1248
124
1376
1952
1504
424
-720
-1376
-1248
-592
148
592
592
312
33
-9
172
344
248
-188
-784
-1120
-880
-74
976
1696
1632
688
-688
-1824
-1984
-1312
94
1440
2112
1760
528
-848
-1696
-1696
-880
204
992
1120
752
132
-312
-408
-212
-11
-39
-296
-560
-528
-66
656
1248
1248
560
-560
-1568
-1888
-1248
53
1440
2112
1824
592
-880
-1888
-1952
-1056
228
1248
1632
1120
244
-592
-944
-752
-296
94
188
37
-114
-31
312
720
816
424
-392
-1184
-1568
-1056
13
1248
1984
1760
624
-848
-1952
-1984
-1184
220
1504
1952
1440
344
-784
-1376
-1248
-560
196
656
624
312
25
-25
148
312
220
-212
-784
-1056
-848
-13
992
1696
1568
592
-752
-1824
-1984
-1248
188
1568
2112
1696
440
-912
-1760
-1632
-816
264
1056
1184
752
102
-360
-440
-236
-21
-39
-280
-528
-488
-23
688
1248
1184
496
-624
-1568
-1888
-1184
140
1504
2112
1760
496
-976
-1952
-1952
-992
296
1312
1632
1120
188
-624
-976
-752
-280
118
220
62
-94
-13
328
688
784
376
-440
-1248
-1504
-992
90
1312
1984
1696
528
-944
-1984
-1984
-1120
312
1568
1952
1440
280
-848
-1440
-1248
-528
248
688
656
328
15
-43
124
280
188
-236
-784
-1056
-784
47
1056
1696
1504
496
-848
-1888
-1984
-1184
280
1632
2112
1632
360
-992
-1760
-1632
-752
344
1056
1184
720
66
-392
-472
-248
-29
-37
-264
-496
-456
13
720
1184
1184
440
-688
-1632
-1824
-1120
228
1568
2112
1696
424
-1056
-1984
-1952
-944
392
1376
1632
1056
132
-688
-992
-784
-264
140
244
86
-70
1
328
688
752
312
-488
-1248
-1504
-976
164
1376
1984
1632
440
-992
-1984
-1984
-1056
392
1632
1984
1376
204
-944
-1440
-1248
-496
296
720
688
328
5
-62
102
248
156
-248
-784
-992
-720
106
1056
1632
1440
424
-912
-1888
-1984
-1056
376
1696
2112
1568
264
-1056
-1824
-1632
-720
408
1120
1184
720
33
-440
-488
-264
-35
-33
-248
-488
-408
51
720
1184
1120
376
-752
-1632
-1824
-992
312
1632
2112
1632
328
-1120
-1984
-1888
-880
472
1440
1696
1056
74
-752
-992
-784
-248
172
264
114
-53
11
328
656
720
264
-496
-1248
-1440
-912
244
1376
1984
1568
344
-1056
-1984
-1984
-976
488
1696
1984
1312
124
-992
-1504
-1248
-456
344
784
688
328
-5
-82
74
228
132
-264
-784
-992
-656
164
1120
1632
1376
344
-976
-1952
-1952
-992
472
1760
