1651 2 0 0 0
1
1312
1984
1824
880
-244
-992
-1120
-752
-212
86
-9
-312
-488
-196
496
1248
1632
1184
132
-1120
-1984
-1984
-1184
164
1312
1760
1440
560
-248
-656
-560
-220
9
-124
-560
-944
-848
-196
816
1696
1952
1248
-19
-1312
-1984
-1888
-944
280
1120
1376
944
280
-164
-204
62
280
132
-424
-1056
-1440
-1056
-110
1120
1984
1984
1120
-188
-1376
-1952
-1568
-656
312
848
816
424
61
33
344
688
688
156
-752
-1568
-1824
-1184
41
1312
2112
1952
976
-312
-1312
-1568
-1120
-360
244
408
196
-86
-82
312
912
1248
976
82
-1056
-1952
-1984
-1120
212
1440
1984
1696
688
-376
-992
-1056
-624
-124
62
-122
-440
-496
-122
656
1440
1632
1120
-59
-1312
-2112
-1952
-976
360
1376
1760
1248
424
-328
-624
-456
-110
29
-212
-688
-992
-848
-61
992
1824
1888
1120
-236
-1504
-1984
-1760
-752
440
1184
1248
784
180
-164
-102
188
344
86
-560
-1248
-1504
-992
74
1312
1984
1952
976
-392
-1504
-1888
-1376
-472
408
816
688
296
15
98
472
784
688
39
-944
-1696
-1824
-1056
248
1504
2112
1824
752
-488
-1312
-1440
-976
-236
264
328
66
-164
-53
440
1056
1312
912
-86
-1248
-1984
-1952
-976
424
1568
1984
1504
496
-488
-992
-944
-488
-59
19
-244
-560
-528
-21
816
1568
1696
992
-264
-1504
-2112
-1888
-784
528
1440
1632
1120
280
-376
-560
-312
-9
25
-312
-848
-1056
-784
94
1184
1952
1888
944
-440
-1632
-1984
-1632
-528
560
1184
1120
656
94
-140
5
312
376
7
-720
-1376
-1504
-912
264
1504
2112
1888
784
-560
-1568
-1824
-1248
-312
488
784
560
188
-1
188
592
880
656
-98
-1056
-1824
-1760
-912
456
1632
2112
1696
560
-624
-1376
-1376
-816
-124
264
228
-57
-228
1
560
1184
1312
816
-264
-1440
-1984
-1824
-752
624
1696
1952
1376
344
-560
-976
-816
-344
-13
-47
-376
-656
-528
98
992
1696
1632
848
-472
-1696
-2112
-1696
-560
688
1504
1568
976
148
-392
-472
-196
66
-1
-440
-976
-1120
-720
264
1376
1984
1824
752
-656
-1760
-1984
-1440
-360
656
1184
992
496
27
-98
124
424
392
-90
-880
-1504
-1504
-784
472
1632
2112
1760
560
-752
-1632
-1696
-1056
-164
528
688
440
86
1
296
752
976
624
-248
-1248
-1888
-1696
-720
656
1760
2112
1504
360
-752
-1376
-1248
-656
-35
244
118
-172
-264
78
720
1312
1376
688
-472
-1632
-2112
-1760
-560
816
1760
1888
1184
172
-624
-912
-688
-244
1
-132
-496
-720
-496
236
1120
1760
1632
656
-688
-1824
-2112
-1568
-376
848
1504
1440
784
37
-392
-360
-66
124
-59
-560
-1056
-1184
-624
456
1504
1984
1696
528
-848
-1824
-1984
-1248
-180
752
1120
912
376
-13
-29
248
496
392
-212
-992
-1632
-1504
-624
688
1824
2112
1568
360
-912
-1696
-1632
-912
-35
1
1312
1984
1824
880
-264
-1056
-1184
-784
-220
124
66
-220
-376
-124
496
1184
1504
1056
-9
-1248
-1984
-1984
-992
360
1504
1952
1440
496
-456
-912
-816
-392
-37
-27
-328
-624
-560
13
912
1632
1696
912
-360
-1568
-2112
-1760
-656
656
1568
1696
1056
180
-472
-624
-392
-61
-1
-312
-752
-976
-592
280
1312
1888
1696
624
-752
-1824
-2112
-1440
-264
880
1440
1312
656
-19
-344
-248
33
148
-122
-688
-1184
-1120
-488
624
1696
1984
1504
296
-1056
-1952
-1952
-1056
49
944
1184
912
312
-82
-94
180
392
228
-360
-1056
-1504
-1184
-248
992
1952
1984
1248
-74
-1312
-1888
-1632
-688
264
848
880
472
82
5
264
592
624
140
-720
-1504
-1760
-1120
86
1376
2112
1952
912
-408
-1440
-1696
-1184
-360
376
624
440
102
-17
236
688
976
720
-70
-1120
-1824
-1824
-912
456
1696
2112
1696
528
-656
-1376
-1376
-816
-98
312
280
1
-172
31
560
1120
1248
688
-392
-1504
-1984
-1696
-592
816
1824
1984
1312
180
-784
-1184
-976
-424
27
110
-132
-392
-296
228
976
1504
1376
496
-752
-1824
-2112
-1504
-220
1056
1824
1696
912
-90
-784
-880
-528
-132
5
-212
-560
-688
-280
528
1376
1760
1312
196
-1120
-1984
-1984
-1184
140
1248
1696
1312
528
-244
-592
-488
-148
29
-164
-624
-976
-848
-132
912
1760
1888
1120
-164
-1440
-2112
-1824
-784
440
1248
1440
944
228
-248
-296
-45
172
45
-456
-992
-1248
-880
140
1312
1984
1888
880
-528
-1696
-1984
-1504
-424
624
1120
1056
528
39
-114
86
376
376
-86
-848
-1440
-1440
-720
496
1632
2112
1696
496
-848
-1760
-1824
-1056
-106
656
912
624
196
-5
156
528
720
424
-344
-1248
-1760
-1504
-472
880
1952
2112
1376
132
-1056
-1696
-1440
-720
110
560
496
196
-27
98
528
944
944
328
-688
-1632
-1952
-1376
-124
1184
1984
1952
992
-196
-1120
-1440
-1056
-360
180
312
90
-164
-114
344
944
1312
992
94
-1056
-1952
-1984
-1120
244
1504
1984
1696
656
-440
-1056
-1056
-624
-118
110
-45
-344
-424
-45
688
1376
1504
944
-236
-1440
-2112
-1888
-784
592
1632
1888
1248
296
-528
-880
-688
-264
-3
-110
-472
-720
-528
156
1056
1696
1632
720
-592
-1760
-2112
-1632
-408
848
1568
1568
880
41
-496
-528
-248
13
-43
-440
-912
-992
-496
472
1504
1952
1568
424
-976
-1952
-1984
-1248
-59
992
1440
1120
496
-98
-312
-124
140
164
-228
-848
-1248
-1120
-328
848
1824
1984
1376
55
-1248
-1984
-1824
-880
228
992
1120
752
204
-86
5
312
456
164
-528
-1248
-1568
-1120
-37
1248
1984
1984
1056
-312
-1440
-1888
-1440
-496
392
848
752
328
27
66
408
720
624
15
-912
-1632
-1760
-976
312
1568
2112
1824
688
-592
-1504
-1632
-992
-204
424
560
296
5
-1
360
848
992
