1651 2 0 0 0
1
1312
1984
1984
992
-312
-1504
-1984
-1696
-688
560
1504
1824
1312
360
-688
-1376
-1440
-912
-86
656
1056
976
496
-62
-488
-624
-472
-172
70
164
106
1
-29
78
264
424
376
86
-360
-752
-912
-624
9
752
1248
1248
688
-244
-1120
-1696
-1440
-624
560
1568
1952
1504
424
-912
-1888
-1984
-1376
-124
1184
1984
1984
1120
-188
-1440
-1984
-1824
-848
472
1504
1952
1504
488
-656
-1440
-1568
-1056
-188
688
1184
1120
656
-19
-560
-816
-656
-296
86
312
312
180
35
1
86
212
244
82
-236
-560
-720
-528
-45
560
1056
1120
688
-132
-992
-1504
-1376
-656
424
1376
1888
1504
496
-752
-1760
-1984
-1440
-248
1056
1984
1984
1248
-62
-1376
-1984
-1952
-976
360
1504
1984
1632
624
-592
-1504
-1760
-1248
-296
688
1312
1312
816
47
-624
-976
-880
-440
78
440
496
360
124
-53
-82
1
82
53
-124
-360
-496
-440
-78
440
880
976
624
-47
-816
-1312
-1312
-688
296
1248
1760
1504
592
-624
-1632
-1984
-1504
-360
976
1952
1984
1376
62
-1248
-1984
-1984
-1056
248
1440
1984
1760
752
-496
-1504
-1888
-1376
-424
656
1376
1504
992
132
-688
-1120
-1056
-560
45
528
720
560
236
-82
-244
-212
-86
1
-35
-180
-312
-312
-86
296
656
816
560
19
-656
-1120
-1184
-688
188
1056
1568
1440
656
-488
-1504
-1952
-1504
-472
848
1824
1984
1440
188
-1120
-1984
-1984
-1184
124
1376
1984
1888
912
-424
-1504
-1952
-1568
-560
624
1440
1696
1120
244
-688
-1248
-1248
-752
-9
624
912
752
360
-86
-376
-424
-264
-78
29
1
-106
-164
-70
172
472
624
488
62
-496
-976
-1056
-656
86
912
1440
1376
688
-360
-1312
-1824
-1504
-560
688
1696
1984
1504
312
-992
-1984
-1984
-1312
1
1312
1984
1984
992
-312
-1504
-1984
-1696
-688
560
1504
1824
1312
360
-688
-1376
-1440
-912
-86
656
1056
976
496
-62
-488
-624
-472
-172
70
164
106
1
-29
78
264
424
376
86
-360
-752
-912
-624
9
752
1248
1248
688
-244
-1120
-1696
-1440
-624
560
1568
1952
1504
424
-912
-1888
-1984
-1376
-124
1184
1984
1984
1120
-188
-1440
-1984
-1824
-848
472
1504
1952
1504
488
-656
-1440
-1568
-1056
-188
688
1184
1120
656
-19
-560
-816
-656
-296
86
312
312
180
35
1
86
212
244
82
-236
-560
-720
-528
-45
560
1056
1120
688
-132
-992
-1504
-1376
-656
424
1376
1888
1504
496
-752
-1760
-1984
-1440
-248
1056
1984
1984
1248
-62
-1376
-1984
-1952
-976
360
1504
1984
1632
624
-592
-1504
-1760
-1248
-296
688
1312
1312
816
47
-624
-976
-880
-440
78
440
496
360
124
-53
-82
1
82
53
-124
-360
-496
-440
-78
440
880
976
624
-47
-816
-1312
-1312
-688
296
1248
1760
1504
592
-624
-1632
-1984
-1504
-360
976
1952
1984
1376
62
1
1312
1984
1952
992
-344
-1504
-1984
-1696
-624
624
1568
1888
1312
280
-816
-1504
-1504
-912
7
816
1184
1056
496
-172
-688
-848
-624
-204
188
392
360
196
25
-37
17
114
124
-1
-248
-488
-528
-312
140
656
976
880
344
-408
-1056
-1376
-1056
-228
784
1504
1632
1056
-31
-1184
-1888
-1824
-912
376
1568
2112
1760
656
-752
-1824
-2112
-1568
-312
1056
1984
1984
1248
-49
-1312
-1952
-1824
-880
360
1376
1760
1440
496
-560
-1312
-1440
-992
-180
592
1056
992
560
-25
-496
-688
-528
-236
82
248
228
110
7
21
132
248
248
59
-264
-592
-688
-488
31
624
1056
1056
560
-264
-1056
-1504
-1248
-472
592
1504
1760
1312
236
-992
-1888
-1952
-1184
86
1376
1984
1952
944
-456
-1632
-2112
-1760
-592
784
1824
1984
1440
244
-992
-1824
-1824
-1056
86
1120
1632
1440
688
-312
-1056
-1312
-992
-328
408
880
944
592
86
-344
-528
-456
-220
13
122
86
-5
-45
45
236
392
392
156
-248
-656
-848
-656
-114
592
1120
1184
784
-86
-992
-1568
-1440
-720
392
1376
1888
1504
496
-752
-1760
-1984
-1440
-220
1120
1984
1984
1184
-140
-1440
-2112
-1888
-880
488
1632
1984
1632
496
-752
-1632
-1824
-1184
-164
912
1504
1440
816
-98
-880
-1184
-992
-440
236
688
816
560
156
-212
-376
-328
-164
-11
23
-49
-140
-132
25
296
528
560
296
-196
-720
-992
-848
-280
496
1120
1376
992
124
-880
-1568
-1632
-976
148
1248
1952
1760
816
-496
-1632
-2112
-1696
-496
880
1888
2112
1440
172
-1184
-1984
-1984
-1120
180
1376
1984
1696
752
-472
-1440
-1760
-1312
-392
624
1312
1376
912
94
-656
-1056
-976
-496
82
528
656
496
188
-102
-236
-196
-78
1
-39
-172
-280
-248
-31
312
624
720
456
-94
-720
-1056
-992
-488
360
1120
1504
1184
360
-720
-1568
-1760
-1248
-118
1056
1888
1888
1056
-220
-1440
-2112
-1888
-816
560
1760
2112
1696
472
-912
-1888
-1984
-1312
-110
1120
1888
1760
976
-196
-1184
-1632
-1376
-560
408
1120
1312
976
248
-472
-912
-880
-528
-35
360
496
424
180
-29
-110
-59
33
49
-62
-264
-424
-392
-124
312
720
880
624
45
-656
-1184
-1184
-720
180
1056
1568
1440
624
-496
-1504
-1888
-1440
-392
880
1824
1984
1312
78
-1248
-1984
-1984
-1056
280
1504
2112
1824
752
-592
-1696
-1984
-1504
-392
848
1696
1760
1120
53
-976
-1504
-1376
-720
188
944
1184
976
360
-280
-720
-784
-496
-114
228
360
296
132
1
-9
78
164
132
-53
-328
-560
-560
-248
248
752
992
816
220
-560
-1184
-1376
-944
-29
976
1632
1632
880
-264
-1376
-1952
-1696
-688
624
1760
2112
1568
392
-992
-1952
-2112
-1312
-29
1312
1984
1952
992
-312
-1440
-1984
-1632
-624
560
1504
1760
1248
280
-720
-1376
-1376
-816
-7
720
1056
944
