727 891 789 995 884 894 844 1006 968 798 1176 877 918 951 721 900 891 962 1081 943 1030 950 971 860 875 871 1068 919 919 1040 933 988 994 805 849 648 1014 852 1093 846 
656 651 656 938 744 756 770 704 773 674 904 703 955 747 585 734 787 814 802 802 653 773 764 737 709 667 932 757 705 873 758 748 741 686 619 487 798 677 891 671 
639 833 759 877 958 897 851 995 866 741 1089 893 931 922 621 843 847 880 1008 932 889 925 876 885 864 831 1037 879 783 898 893 971 936 776 780 646 937 885 1099 689 
644 668 653 815 805 762 715 795 814 631 881 732 781 752 525 718 738 762 936 805 716 780 768 767 686 638 911 784 674 750 805 827 784 674 665 518 803 658 851 636 
706 738 665 834 737 778 694 848 932 768 962 725 744 763 613 711 845 869 886 884 829 840 832 803 798 674 781 754 854 950 756 849 786 776 793 654 845 647 1001 516 
575 673 475 721 778 741 638 703 754 613 836 692 678 645 556 612 702 773 829 854 665 795 750 770 793 541 814 693 592 787 648 719 753 659 702 595 847 575 912 558 
527 646 635 733 668 631 636 762 807 726 841 733 676 681 501 644 696 810 673 807 738 703 698 570 703 634 747 689 681 760 691 795 742 694 706 579 727 545 859 599 
630 834 623 898 833 823 682 809 837 773 972 764 715 802 671 771 790 842 869 994 713 919 908 834 812 693 811 869 756 960 820 870 882 788 801 773 897 692 1081 690 
489 614 631 607 693 682 692 680 780 600 762 717 708 711 568 633 682 697 667 676 613 711 662 581 599 544 809 605 646 667 672 695 634 597 551 501 697 675 851 572 
554 720 628 789 704 769 742 753 823 680 818 766 752 782 634 762 713 900 880 908 725 812 761 817 790 709 916 812 683 859 780 789 795 645 693 613 856 673 958 662 
692 821 822 891 871 815 810 927 829 773 1058 895 879 899 615 837 987 917 992 926 896 937 888 870 780 717 1043 913 787 881 857 915 866 820 815 645 950 730 1062 698 
582 707 674 755 871 726 689 764 859 700 896 760 727 643 662 604 741 804 792 877 682 839 827 803 741 609 806 832 738 855 875 775 748 673 676 672 853 728 1060 571 
689 862 790 899 885 866 863 957 1046 892 935 905 978 984 799 790 916 950 978 1045 922 957 941 948 876 739 990 933 828 1001 915 960 857 746 853 730 907 848 1184 689 
759 756 748 892 899 769 741 1006 938 791 976 866 823 930 627 864 796 998 1022 979 856 841 934 859 811 814 1016 852 769 961 970 1029 939 793 809 650 950 709 1031 706 
601 736 598 818 709 705 655 650 785 638 826 695 655 729 677 700 715 833 853 887 642 808 756 826 729 657 795 732 647 898 672 722 797 735 787 627 800 619 885 591 
612 691 595 733 722 712 619 739 745 595 802 639 741 772 589 733 599 726 786 761 640 697 679 581 607 582 763 748 637 754 706 759 665 666 748 626 732 621 945 668 
644 741 756 788 829 851 790 924 956 750 995 852 877 881 686 694 800 957 831 952 800 914 796 869 755 636 871 838 824 921 859 934 827 723 849 621 928 734 1107 632 
778 748 689 941 803 714 768 727 798 726 870 770 827 790 721 766 743 864 797 948 789 816 846 787 779 726 853 862 754 1030 791 786 810 822 809 639 854 700 1002 677 
630 673 567 740 746 708 634 811 856 725 810 757 709 770 658 605 829 872 800 936 727 940 803 810 810 684 763 832 767 917 866 825 849 638 670 667 865 641 1035 595 
588 689 589 838 807 798 675 769 842 742 901 750 809 779 542 639 719 821 852 814 711 826 827 653 765 673 942 878 737 922 881 747 814 688 737 664 928 557 989 714 
496 701 658 714 727 714 780 786 798 612 955 740 764 740 613 646 790 795 838 786 673 788 738 709 642 731 832 753 732 781 687 790 707 630 721 499 782 657 923 606 
651 874 907 855 924 915 894 1023 999 849 1135 895 926 966 620 837 1073 990 1022 1091 925 998 995 941 819 814 1063 902 905 911 910 1072 943 854 823 629 974 743 1098 742 
576 677 652 904 864 896 688 834 834 744 969 826 874 768 573 775 853 855 894 902 731 917 860 814 803 663 963 846 727 872 882 820 810 637 816 644 944 691 1065 768 
655 733 677 881 782 761 717 861 929 676 925 855 842 836 637 690 769 861 825 819 750 871 830 750 778 709 886 875 807 848 843 819 901 668 827 646 814 688 947 659 
725 974 909 955 935 843 854 980 1050 839 1127 1027 934 1034 791 851 988 979 1139 1043 1022 1038 998 1014 863 937 1156 1011 927 1052 1038 1017 1004 845 902 668 1071 824 1133 696 
573 748 813 736 749 813 817 817 882 750 893 834 789 849 674 706 876 960 922 991 805 845 818 901 784 609 858 763 747 752 739 868 781 746 819 615 837 698 1075 554 
614 670 679 742 741 675 687 744 742 675 835 732 699 802 629 717 753 889 950 821 762 789 740 830 668 702 984 759 657 852 754 758 775 669 669 527 892 635 881 641 
691 848 762 884 811 858 817 817 804 702 1044 784 836 827 695 845 806 983 887 975 793 851 880 858 783 634 906 872 840 865 726 853 809 744 765 700 956 737 1096 663 
730 708 669 869 819 740 732 923 840 676 919 718 834 869 525 848 816 897 945 870 771 877 800 806 721 644 920 811 699 911 887 870 869 839 717 669 893 672 980 624 
565 726 687 733 683 725 763 781 841 577 863 720 745 746 629 735 728 879 901 858 691 819 719 762 698 671 879 736 746 780 735 776 802 663 709 534 806 654 879 512 
759 804 783 865 908 818 900 1015 963 734 1023 838 947 982 694 852 975 937 888 920 866 1042 862 876 833 792 985 842 834 989 891 952 947 914 839 678 905 816 1107 753 
719 798 772 918 969 822 917 1025 931 761 1038 852 879 892 657 823 898 922 1023 1008 890 962 895 917 817 805 1122 982 808 1014 948 964 961 763 778 663 1028 780 1017 742 
538 704 647 791 640 687 709 749 706 667 795 685 614 704 586 667 734 680 732 747 696 796 763 769 678 630 738 690 721 801 581 673 737 575 694 510 719 692 831 576 
652 814 849 935 811 883 825 846 980 777 1018 860 902 912 699 852 920 911 983 953 861 884 993 889 786 778 1006 907 882 995 895 937 942 698 831 549 972 792 1026 766 
623 715 631 852 724 757 724 726 839 715 844 708 750 790 644 672 718 787 778 897 726 759 836 726 722 647 720 759 671 946 776 834 805 717 728 571 849 655 988 649 
680 777 822 795 922 717 923 953 918 716 1009 846 910 950 671 794 851 923 842 876 898 908 853 786 810 825 984 899 793 978 912 940 948 915 825 609 932 823 1040 719 
711 785 800 864 763 787 831 836 917 690 939 798 780 880 740 752 876 956 993 1001 853 979 807 866 764 772 963 879 842 1009 929 840 953 767 765 626 946 693 967 660 
713 813 661 968 966 832 770 911 917 798 1033 804 866 795 610 795 880 935 934 979 843 904 1001 892 857 835 946 906 832 1054 882 963 872 827 767 657 1003 752 1083 730 
533 705 676 761 740 723 716 748 769 654 805 668 742 818 569 682 728 796 823 786 718 792 757 663 673 685 773 735 658 839 762 772 785 800 736 547 761 653 910 578 
726 658 642 747 791 643 642 700 776 550 772 607 647 712 587 723 701 813 885 804 648 727 739 734 641 650 787 714 634 849 758 716 751 756 643 617 833 645 895 581 
