1651 2 0 0 0
1
1504
2112
1632
264
-1248
-1984
-1760
-496
944
1824
1696
656
-656
-1568
-1568
-752
376
1184
1312
752
-148
-848
-992
-624
1
496
624
408
55
-196
-236
-114
-7
-31
-156
-244
-132
172
496
624
360
-212
-816
-992
-656
148
992
1376
992
1
-1056
-1696
-1312
-228
1056
1888
1632
496
-976
-1952
-1888
-784
784
1952
1984
992
-528
-1824
-2112
-1248
264
1632
1984
1376
1
-1312
-1952
-1440
-228
992
1632
1376
392
-720
-1312
-1184
-456
424
976
944
424
-196
-592
-592
-296
51
236
204
70
1
70
204
236
51
-296
-592
-592
-196
424
944
976
424
-456
-1184
-1312
-720
392
1376
1632
992
-228
-1440
-1952
-1312
1
1376
1984
1632
264
-1248
-2112
-1824
-528
992
1984
1952
784
-784
-1888
-1952
-976
496
1632
1888
1056
-228
-1312
-1696
-1056
1
992
1376
992
148
-656
-992
-816
-212
360
624
496
172
-132
-244
-156
-31
-7
-114
-236
-196
55
408
624
496
1
-624
-992
-848
-148
752
1312
1184
376
-752
-1568
-1568
-656
656
1696
1824
944
-496
-1760
-1984
-1248
264
1632
2112
1504
1
-1504
-2112
-1632
-264
1248
1984
1760
496
-944
-1824
-1696
-656
656
1568
1568
752
-376
-1184
-1312
-752
148
848
992
624
1
-496
-624
-408
-55
196
236
114
7
31
156
244
132
-172
-496
-624
-360
212
816
992
656
-148
-992
-1376
-992
1
1056
1696
1312
228
-1056
-1888
-1632
-496
976
1952
1888
784
-784
-1952
-1984
-992
528
1824
2112
1248
-264
-1632
-1984
-1376
1
1312
1952
1440
228
-992
-1632
-1376
-392
720
1312
1184
456
-424
-976
-944
-424
196
592
592
296
-51
-236
-204
-70
1
-70
-204
-236
-51
296
592
592
196
-424
-944
-976
-424
456
1184
1312
720
-392
-1376
-1632
-992
228
1440
1952
1312
1
-1376
-1984
-1632
-264
1248
2112
1824
528
-992
-1984
-1952
-784
784
1888
1952
976
-496
-1632
-1888
-1056
228
1312
1696
1056
1
-992
-1376
-992
-148
656
992
816
212
-360
-624
-496
-172
132
244
156
31
7
114
236
196
-55
-408
-624
-496
1
624
992
848
148
-752
-1312
-1184
-376
752
1568
1568
656
-656
-1696
-1824
-944
496
1760
1984
1248
-264
-1632
-2112
-1504
1
1504
2112
1632
264
-1248
-1984
-1760
-496
944
1824
1696
656
-656
-1568
-1568
-752
376
1184
1312
752
-148
-848
-992
-624
1
496
624
408
55
-196
-236
-114
-7
-31
-156
-244
-132
172
496
624
360
-212
-816
-992
-656
148
992
1376
992
1
-1056
-1696
-1312
-228
1056
1888
1632
496
-976
-1952
-1888
-784
784
1952
1984
992
-528
-1824
-2112
-1248
264
1632
1984
1376
1
-1312
-1952
-1440
-228
992
1632
1376
392
-720
-1312
-1184
-456
424
976
944
424
-196
-592
-592
-296
51
236
204
70
1
70
204
236
51
-296
-592
-592
-196
424
944
976
