1651 2 0 0 0
1
1056
1824
1984
1760
992
57
-816
-1312
-1440
-1120
-592
-57
312
440
328
122
-39
-25
196
528
848
976
720
172
-592
-1312
-1760
-1760
-1248
-312
752
1632
2112
1984
1376
392
-656
-1440
-1824
-1696
-1056
-328
392
848
976
752
424
102
-53
1
196
392
440
220
-228
-784
-1248
-1440
-1184
-528
376
1312
1952
1984
1632
720
-376
-1376
-1984
-1984
-1568
-688
248
992
1376
1376
976
408
-94
-392
-424
-264
-55
57
-25
-296
-656
-912
-912
-560
66
848
1504
1824
1632
976
-31
-1056
-1888
-2112
-1888
-1056
-31
976
1632
1824
1504
848
66
-560
-912
-912
-656
-296
-25
57
-55
-264
-424
-392
-94
408
976
1376
1376
992
248
-688
-1568
-1984
-1984
-1376
-376
720
1632
1984
1952
1312
376
-528
-1184
-1440
-1248
-784
-228
220
440
392
196
1
-53
102
424
752
976
848
392
-328
-1056
-1696
-1824
-1440
-656
392
1376
1984
2112
1632
752
-312
-1248
-1760
-1760
-1312
-592
172
720
976
848
528
196
-25
-39
122
328
440
312
-57
-592
-1120
-1440
-1312
-816
57
992
1760
1984
1824
1056
1
-1056
-1824
-1984
-1760
-992
-57
816
1312
1440
1120
592
57
-312
-440
-328
-122
39
25
-196
-528
-848
-976
-720
-172
592
1312
1760
1760
1248
312
-752
-1632
-2112
-1984
-1376
-392
656
1440
1824
1696
1056
328
-392
-848
-976
-752
-424
-102
53
1
-196
-392
-440
-220
228
784
1248
1440
1184
528
-376
-1312
-1952
-1984
-1632
-720
376
1376
1984
1984
1568
688
-248
-992
-1376
-1376
-976
-408
94
392
424
264
55
-57
25
296
656
912
912
560
-66
-848
-1504
-1824
-1632
-976
31
1056
1888
2112
1888
1056
31
-976
-1632
-1824
-1504
-848
-66
560
912
912
656
296
25
-57
55
264
424
392
94
-408
-976
-1376
-1376
-992
-248
688
1568
1984
1984
1376
376
-720
-1632
-1984
-1952
-1312
-376
528
1184
1440
1248
784
228
-220
-440
-392
-196
1
53
-102
-424
-752
-976
-848
-392
328
1056
1696
1824
1440
656
-392
-1376
-1984
-2112
-1632
-752
312
1248
1760
1760
1312
592
-172
-720
-976
-848
-528
-196
25
39
-122
-328
-440
-312
57
592
1120
1440
1312
816
-57
-992
-1760
-1984
-1824
-1056
1
1056
1824
1984
1760
992
57
-816
-1312
-1440
-1120
-592
-57
312
440
328
122
-39
-25
196
528
848
976
720
172
-592
-1312
-1760
-1760
-1248
-312
752
1632
2112
1984
1376
392
-656
-1440
-1824
-1696
-1056
-328
392
848
976
752
424
102
-53
1
196
392
440
220
-228
-784
-1248
-1440
-1184
-528
376
1312
1952
1984
1632
720
-376
-1376
-1984
-1984
-1568
-688
248
992
1376
1376
976
408
-94
-392
-424
-264
-55
57
-25
-296
-656
-912
-912
-560
66
848
1504
1824
1632
976
-31
-1056
-1888
-2112
-1888
-1056
-31
976
1632
1824
1504
848
66
-560
-912
