1651 2 0 0 0
1
1440
1984
1504
228
-976
-1376
-992
-228
296
312
29
-98
212
784
1056
656
-392
-1504
-1952
-1184
264
1696
2112
1440
1
-1248
-1696
-1120
-156
560
688
344
23
98
488
720
392
-488
-1376
-1696
-912
496
1824
2112
1248
-264
-1568
-1888
-1184
1
880
992
592
59
-98
132
376
180
-488
-1184
-1376
-624
688
1824
1984
992
-528
-1824
-1984
-1120
220
1184
1312
752
1
-360
-236
53
47
-392
-944
-992
-360
816
1760
1824
752
-784
-1952
-1984
-992
488
1504
1568
816
-140
-688
-592
-212
1
-212
-592
-688
-140
816
1568
1504
488
-992
-1984
-1952
-784
752
1824
1760
816
-360
-992
-944
-392
47
53
-236
-360
1
752
1312
1184
220
-1120
-1984
-1824
-528
992
1984
1824
688
-624
-1376
-1184
-488
180
376
132
-98
59
592
992
880
1
-1184
-1888
-1568
-264
1248
2112
1824
496
-912
-1696
-1376
-488
392
720
488
98
23
344
688
560
-156
-1120
-1696
-1248
1
1440
2112
1696
264
-1184
-1952
-1504
-392
656
1056
784
212
-98
29
312
296
-228
-992
-1376
-976
228
1504
1984
1440
1
-1440
-1984
-1504
-228
976
1376
992
228
-296
-312
-29
98
-212
-784
-1056
-656
392
1504
1952
1184
-264
-1696
-2112
-1440
1
1248
1696
1120
156
-560
-688
-344
-23
-98
-488
-720
-392
488
1376
1696
912
-496
-1824
-2112
-1248
264
1568
1888
1184
1
-880
-992
-592
-59
98
-132
-376
-180
488
1184
1376
624
-688
-1824
-1984
-992
528
1824
1984
1120
-220
-1184
-1312
-752
1
360
236
-53
-47
392
944
992
360
-816
-1760
-1824
-752
784
1952
1984
992
-488
-1504
-1568
-816
140
688
592
212
1
212
592
688
140
-816
-1568
-1504
-488
992
1984
1952
784
-752
-1824
-1760
-816
360
992
944
392
-47
-53
236
360
1
-752
-1312
-1184
-220
1120
1984
1824
528
-992
-1984
-1824
-688
624
1376
1184
488
-180
-376
-132
98
-59
-592
-992
-880
1
1184
1888
1568
264
-1248
-2112
-1824
-496
912
1696
1376
488
-392
-720
-488
-98
-23
-344
-688
-560
156
1120
1696
1248
1
-1440
-2112
-1696
-264
1184
1952
1504
392
-656
-1056
-784
-212
98
-29
-312
-296
228
992
1376
976
-228
-1504
-1984
-1440
1
1440
1984
1504
228
-976
-1376
-992
-228
296
312
29
-98
212
784
1056
656
-392
-1504
-1952
-1184
264
1696
2112
1440
1
-1248
-1696
-1120
-156
560
688
344
23
98
488
720
392
-488
-1376
-1696
-912
496
1824
2112
1248
-264
-1568
-1888
-1184
1
880
992
592
59
-98
132
376
180
-488
-1184
-1376
-624
688
1824
1984
992
-528
-1824
-1984
-1120
220
1184
1312
752
1
-360
-236
53
47
-392
-944
-992
-360
816
1760
1824
752
-784
-1952
-1984
-992
488
1504
1568
816
-140
-688
-592
-212
1
-212
-592
-688
-140
816
1568
1504
488
-992
-1984
-1952
