1651 2 0 0 0
1
976
1760
2112
1984
1504
624
-312
-1184
-1760
-1952
-1696
-1056
-280
528
1120
1504
1504
1120
592
1
-528
-880
-992
-880
-592
-228
98
312
392
344
212
78
3
19
122
248
360
376
248
1
-344
-688
-944
-992
-784
-376
204
816
1312
1504
1440
976
264
-528
-1312
-1824
-1952
-1632
-912
1
944
1696
2112
1984
1504
656
-344
-1248
-1952
-2112
-1888
-1248
-328
624
1376
1888
1888
1504
816
1
-752
-1312
-1504
-1376
-992
-408
196
688
976
976
784
472
110
-188
-360
-392
-296
-164
-45
1
-45
-164
-296
-392
-360
-188
110
472
784
976
976
688
196
-408
-992
-1376
-1504
-1312
-752
1
816
1504
1888
1888
1376
624
-328
-1248
-1888
-2112
-1952
-1248
-344
656
1504
1984
2112
1696
944
1
-912
-1632
-1952
-1824
-1312
-528
264
976
1440
1504
1312
816
204
-376
-784
-992
-944
-688
-344
1
248
376
360
248
122
19
3
78
212
344
392
312
98
-228
-592
-880
-992
-880
-528
1
592
1120
1504
1504
1120
528
-280
-1056
-1696
-1952
-1760
-1184
-312
624
1504
1984
2112
1760
976
1
-976
-1760
-2112
-1984
-1504
-624
312
1184
1760
1952
1696
1056
280
-528
-1120
-1504
-1504
-1120
-592
1
528
880
992
880
592
228
-98
-312
-392
-344
-212
-78
-3
-19
-122
-248
-360
-376
-248
1
344
688
944
992
784
376
-204
-816
-1312
-1504
-1440
-976
-264
528
1312
1824
1952
1632
912
1
-944
-1696
-2112
-1984
-1504
-656
344
1248
1952
2112
1888
1248
328
-624
-1376
-1888
-1888
-1504
-816
1
752
1312
1504
1376
992
408
-196
-688
-976
-976
-784
-472
-110
188
360
392
296
164
45
1
45
164
296
392
360
188
-110
-472
-784
-976
-976
-688
-196
408
992
1376
1504
1312
752
1
-816
-1504
-1888
-1888
-1376
-624
328
1248
1888
2112
1952
1248
344
-656
-1504
-1984
-2112
-1696
-944
1
912
1632
1952
1824
1312
528
-264
-976
-1440
-1504
-1312
-816
-204
376
784
992
944
688
344
1
-248
-376
-360
-248
-122
-19
-3
-78
-212
-344
-392
-312
-98
228
592
880
992
880
528
1
-592
-1120
-1504
-1504
-1120
-528
280
1056
1696
1952
1760
1184
312
-624
-1504
-1984
-2112
-1760
-976
1
976
1760
2112
1984
1504
624
-312
-1184
-1760
-1952
-1696
-1056
-280
528
1120
1504
1504
1120
592
1
-528
-880
-992
-880
-592
-228
98
312
392
344
212
78
3
19
122
248
360
376
248
1
-344
-688
-944
-992
-784
-376
204
816
1312
1504
1440
976
264
-528
-1312
-1824
-1952
-1632
-912
1
944
1696
2112
1984
1504
656
-344
-1248
-1952
-2112
-1888
-1248
-328
624
1376
1888
1888
1504
816
1
-752
-1312
-1504
-1376
-992
-408
196
688
976
976
784
472
110
-188
-360
-392
-296
-164
-45
1
-45
-164
-296
-392
-360
-188
110
472
784
976
976
