1651 2 0 0 0
1
1120
1952
2112
1632
656
-496
-1504
-1984
-1824
-1120
-118
880
1568
1696
1312
560
-280
-976
-1312
-1184
-752
-132
440
784
816
624
264
-66
-280
-312
-228
-94
-5
-23
-132
-264
-328
-228
35
392
720
848
688
248
-344
-944
-1248
-1248
-784
1
848
1504
1696
1376
560
-472
-1440
-1952
-1888
-1184
-132
992
1888
2112
1760
784
-408
-1504
-1984
-1984
-1312
-264
880
1696
1984
1632
816
-236
-1120
-1696
-1632
-1120
-280
528
1120
1312
1056
560
-66
-560
-816
-784
-496
-148
156
312
296
180
55
1
55
180
296
312
156
-148
-496
-784
-816
-560
-66
560
1056
1312
1120
528
-280
-1120
-1632
-1696
-1120
-236
816
1632
1984
1696
880
-264
-1312
-1984
-1984
-1504
-408
784
1760
2112
1888
992
-132
-1184
-1888
-1952
-1440
-472
560
1376
1696
1504
848
1
-784
-1248
-1248
-944
-344
248
688
848
720
392
35
-228
-328
-264
-132
-23
-5
-94
-228
-312
-280
-66
264
624
816
784
440
-132
-752
-1184
-1312
-976
-280
560
1312
1696
1568
880
-118
-1120
-1824
-1984
-1504
-496
656
1632
2112
1952
1120
1
-1120
-1952
-2112
-1632
-656
496
1504
1984
1824
1120
118
-880
-1568
-1696
-1312
-560
280
976
1312
1184
752
132
-440
-784
-816
-624
-264
66
280
312
228
94
5
23
132
264
328
228
-35
-392
-720
-848
-688
-248
344
944
1248
1248
784
1
-848
-1504
-1696
-1376
-560
472
1440
1952
1888
1184
132
-992
-1888
-2112
-1760
-784
408
1504
1984
1984
1312
264
-880
-1696
-1984
-1632
-816
236
1120
1696
1632
1120
280
-528
-1120
-1312
-1056
-560
66
560
816
784
496
148
-156
-312
-296
-180
-55
1
-55
-180
-296
-312
-156
148
496
784
816
560
66
-560
-1056
-1312
-1120
-528
280
1120
1632
1696
1120
236
-816
-1632
-1984
-1696
-880
264
1312
1984
1984
1504
408
-784
-1760
-2112
-1888
-992
132
1184
1888
1952
1440
472
-560
-1376
-1696
-1504
-848
1
784
1248
1248
944
344
-248
-688
-848
-720
-392
-35
228
328
264
132
23
5
94
228
312
280
66
-264
-624
-816
-784
-440
132
752
1184
1312
976
280
-560
-1312
-1696
-1568
-880
118
1120
1824
1984
1504
496
-656
-1632
-2112
-1952
-1120
1
1120
1952
2112
1632
656
-496
-1504
-1984
-1824
-1120
-118
880
1568
1696
1312
560
-280
-976
-1312
-1184
-752
-132
440
784
816
624
264
-66
-280
-312
-228
-94
-5
-23
-132
-264
-328
-228
35
392
720
848
688
248
-344
-944
-1248
-1248
-784
1
848
1504
1696
1376
560
-472
-1440
-1952
-1888
-1184
-132
992
1888
2112
1760
784
-408
-1504
-1984
-1984
-1312
-264
880
1696
1984
1632
816
-236
-1120
-1696
-1632
-1120
-280
528
1120
1312
1056
560
-66
-560
-816
-784
-496
-148
156
312
296
180
55
1
55
180
296
312
156
-148
-496
-784
-816
-560
-66
