1651 2 0 0 0
1
1248
1984
1984
1248
148
-944
-1568
-1568
-992
-196
488
816
720
408
78
-49
57
264
376
204
-248
-816
-1184
-1120
-592
360
1312
1888
1760
944
-296
-1440
-2112
-1984
-1120
132
1248
1888
1760
992
25
-848
-1248
-1120
-624
-74
296
360
204
1
-35
172
528
784
752
280
-472
-1184
-1632
-1440
-592
528
1568
2112
1824
848
-440
-1568
-1984
-1824
-944
236
1184
1632
1376
752
-57
-624
-816
-624
-280
-7
37
-124
-328
-360
-78
440
992
1248
992
296
-688
-1568
-1952
-1568
-528
720
1760
2112
1760
720
-528
-1568
-1952
-1568
-688
296
992
1248
992
440
-78
-360
-328
-124
37
-7
-280
-624
-816
-624
-57
752
1376
1632
1184
236
-944
-1824
-1984
-1568
-440
848
1824
2112
1568
528
-592
-1440
-1632
-1184
-472
280
752
784
528
172
-35
1
204
360
296
-74
-624
-1120
-1248
-848
25
992
1760
1888
1248
132
-1120
-1984
-2112
-1440
-296
944
1760
1888
1312
360
-592
-1120
-1184
-816
-248
204
376
264
57
-49
78
408
720
816
488
-196
-992
-1568
-1568
-944
148
1248
1984
1984
1248
1
-1248
-1984
-1984
-1248
-148
944
1568
1568
992
196
-488
-816
-720
-408
-78
49
-57
-264
-376
-204
248
816
1184
1120
592
-360
-1312
-1888
-1760
-944
296
1440
2112
1984
1120
-132
-1248
-1888
-1760
-992
-25
848
1248
1120
624
74
-296
-360
-204
1
35
-172
-528
-784
-752
-280
472
1184
1632
1440
592
-528
-1568
-2112
-1824
-848
440
1568
1984
1824
944
-236
-1184
-1632
-1376
-752
57
624
816
624
280
7
-37
124
328
360
78
-440
-992
-1248
-992
-296
688
1568
1952
1568
528
-720
-1760
-2112
-1760
-720
528
1568
1952
1568
688
-296
-992
-1248
-992
-440
78
360
328
124
-37
7
280
624
816
624
57
-752
-1376
-1632
-1184
-236
944
1824
1984
1568
440
-848
-1824
-2112
-1568
-528
592
1440
1632
1184
472
-280
-752
-784
-528
-172
35
1
-204
-360
-296
74
624
1120
1248
848
-25
-992
-1760
-1888
-1248
-132
1120
1984
2112
1440
296
-944
-1760
-1888
-1312
-360
592
1120
1184
816
248
-204
-376
-264
-57
49
-78
-408
-720
-816
-488
196
992
1568
1568
944
-148
-1248
-1984
-1984
-1248
1
1248
1984
1984
1248
148
-944
-1568
-1568
-992
-196
488
816
720
408
78
-49
57
264
376
204
-248
-816
-1184
-1120
-592
360
1312
1888
1760
944
-296
-1440
-2112
-1984
-1120
132
1248
1888
1760
992
25
-848
-1248
-1120
-624
-74
296
360
204
1
-35
172
528
784
752
280
-472
-1184
-1632
-1440
-592
528
1568
2112
1824
848
-440
-1568
-1984
-1824
-944
236
1184
1632
1376
752
-57
-624
-816
-624
-280
-7
37
-124
-328
-360
-78
440
992
1248
992
296
-688
-1568
-1952
-1568
-528
720
1760
2112
1760
720
-528
-1568
-1952
-1568
-688
296
992
1248
992
