1651 2 0 0 0
1
1312
1984
1824
880
-248
-992
-1184
-784
-212
106
27
-264
-424
-156
496
1248
1568
1120
61
-1184
-1984
-1984
-1056
264
1376
1888
1440
528
-344
-784
-688
-312
-21
-86
-456
-784
-720
-82
880
1696
1824
1056
-196
-1504
-2112
-1888
-816
472
1376
1504
992
248
-296
-408
-164
94
41
-392
-944
-1184
-848
106
1248
1984
1888
912
-472
-1632
-1984
-1568
-496
560
1120
1056
592
66
-122
62
360
392
-29
-784
-1440
-1504
-848
376
1568
2112
1824
656
-688
-1632
-1824
-1184
-220
560
816
592
188
1
188
592
816
560
-220
-1184
-1824
-1632
-688
656
1824
2112
1568
376
-848
-1504
-1440
-784
-29
392
360
62
-122
66
592
1056
1120
560
-496
-1568
-1984
-1632
-472
912
1888
1984
1248
106
-848
-1184
-944
-392
41
94
-164
-408
-296
248
992
1504
1376
472
-816
-1888
-2112
-1504
-196
1056
1824
1696
880
-82
-720
-784
-456
-86
-21
-312
-688
-784
-344
528
1440
1888
1376
264
-1056
-1984
-1984
-1184
61
1120
1568
1248
496
-156
-424
-264
27
106
-212
-784
-1184
-992
-248
880
1824
1984
1312
1
-1312
-1984
-1824
-880
248
992
1184
784
212
-106
-27
264
424
156
-496
-1248
-1568
-1120
-61
1184
1984
1984
1056
-264
-1376
-1888
-1440
-528
344
784
688
312
21
86
456
784
720
82
-880
-1696
-1824
-1056
196
1504
2112
1888
816
-472
-1376
-1504
-992
-248
296
408
164
-94
-41
392
944
1184
848
-106
-1248
-1984
-1888
-912
472
1632
1984
1568
496
-560
-1120
-1056
-592
-66
122
-62
-360
-392
29
784
1440
1504
848
-376
-1568
-2112
-1824
-656
688
1632
1824
1184
220
-560
-816
-592
-188
1
-188
-592
-816
-560
220
1184
1824
1632
688
-656
-1824
-2112
-1568
-376
848
1504
1440
784
29
-392
-360
-62
122
-66
-592
-1056
-1120
-560
496
1568
1984
1632
472
-912
-1888
-1984
-1248
-106
848
1184
944
392
-41
-94
164
408
296
-248
-992
-1504
-1376
-472
816
1888
2112
1504
196
-1056
-1824
-1696
-880
82
720
784
456
86
21
312
688
784
344
-528
-1440
-1888
-1376
-264
1056
1984
1984
1184
-61
-1120
-1568
-1248
-496
156
424
264
-27
-106
212
784
1184
992
248
-880
-1824
-1984
-1312
1
1312
1984
1824
880
-248
-992
-1184
-784
-212
106
27
-264
-424
-156
496
1248
1568
1120
61
-1184
-1984
-1984
-1056
264
1376
1888
1440
528
-344
-784
-688
-312
-21
-86
-456
-784
-720
-82
880
1696
1824
1056
-196
-1504
-2112
-1888
-816
472
1376
1504
992
248
-296
-408
-164
94
41
-392
-944
-1184
-848
106
1248
1984
1888
912
-472
-1632
-1984
-1568
-496
560
1120
1056
592
66
-122
62
360
392
-29
-784
-1440
-1504
-848
376
1568
2112
1824
656
-688
-1632
-1824
-1184
-220
560
816
592
188
1
188
592
816
560
-220
-1184
-1824
-1632
-688
656
1824
