1651 2 0 0 0
1
1376
1984
1568
488
-488
-816
-528
-78
-21
-472
-992
-1120
-392
848
1888
1984
1120
-328
-1504
-1760
-1120
-180
424
392
1
-180
188
944
1504
1248
148
-1248
-2112
-1952
-784
592
1440
1376
688
1
-172
132
456
280
-488
-1376
-1760
-1184
164
1504
2112
1632
424
-720
-1184
-880
-280
21
-204
-656
-784
-220
880
1824
1888
976
-496
-1696
-1952
-1248
-118
688
784
360
1
124
688
1120
976
1
-1248
-1984
-1824
-656
784
1696
1632
816
-82
-472
-264
110
124
-424
-1184
-1504
-976
312
1632
2112
1632
312
-976
-1504
-1184
-424
124
110
-264
-472
-82
816
1632
1696
784
-656
-1824
-1984
-1248
1
976
1120
688
124
1
360
784
688
-118
-1248
-1952
-1696
-496
976
1888
1824
880
-220
-784
-656
-204
21
-280
-880
-1184
-720
424
1632
2112
1504
164
-1184
-1760
-1376
-488
280
456
132
-172
1
688
1376
1440
592
-784
-1952
-2112
-1248
148
1248
1504
944
188
-180
1
392
424
-180
-1120
-1760
-1504
-328
1120
1984
1888
848
-392
-1120
-992
-472
-21
-78
-528
-816
-488
488
1568
1984
1376
1
-1376
-1984
-1568
-488
488
816
528
78
21
472
992
1120
392
-848
-1888
-1984
-1120
328
1504
1760
1120
180
-424
-392
1
180
-188
-944
-1504
-1248
-148
1248
2112
1952
784
-592
-1440
-1376
-688
1
172
-132
-456
-280
488
1376
1760
1184
-164
-1504
-2112
-1632
-424
720
1184
880
280
-21
204
656
784
220
-880
-1824
-1888
-976
496
1696
1952
1248
118
-688
-784
-360
1
-124
-688
-1120
-976
1
1248
1984
1824
656
-784
-1696
-1632
-816
82
472
264
-110
-124
424
1184
1504
976
-312
-1632
-2112
-1632
-312
976
1504
1184
424
-124
-110
264
472
82
-816
-1632
-1696
-784
656
1824
1984
1248
1
-976
-1120
-688
-124
1
-360
-784
-688
118
1248
1952
1696
496
-976
-1888
-1824
-880
220
784
656
204
-21
280
880
1184
720
-424
-1632
-2112
-1504
-164
1184
1760
1376
488
-280
-456
-132
172
1
-688
-1376
-1440
-592
784
1952
2112
1248
-148
-1248
-1504
-944
-188
180
1
-392
-424
180
1120
1760
1504
328
-1120
-1984
-1888
-848
392
1120
992
472
21
78
528
816
488
-488
-1568
-1984
-1376
1
1376
1984
1568
488
-488
-816
-528
-78
-21
-472
-992
-1120
-392
848
1888
1984
1120
-328
-1504
-1760
-1120
-180
424
392
1
-180
188
944
1504
1248
148
-1248
-2112
-1952
-784
592
1440
1376
688
1
-172
132
456
280
-488
-1376
-1760
-1184
164
1504
2112
1632
424
-720
-1184
-880
-280
21
-204
-656
-784
-220
880
1824
1888
976
-496
-1696
-1952
-1248
-118
688
784
360
1
124
688
1120
976
1
-1248
-1984
-1824
-656
784
1696
1632
816
-82
-472
-264
110
124
-424
-1184
-1504
-976
312
1632
2112
1632
312
-976
-1504
-1184
-424
124
110
-264
-472
-82
