1651 2 0 0 0
1
1376
2112
1760
624
-720
-1632
-1696
-944
114
912
1056
752
172
-244
-312
-124
35
-43
-360
-656
-656
-164
624
1312
1376
752
-424
-1504
-1984
-1440
-164
1248
2112
1952
816
-656
-1760
-1952
-1184
1
1056
1440
1120
360
-376
-720
-592
-244
15
1
-204
-328
-140
360
912
1056
688
-236
-1248
-1760
-1440
-296
1056
1984
1984
976
-496
-1760
-2112
-1440
-156
1120
1760
1504
592
-424
-992
-992
-560
1
296
264
57
-41
124
488
720
528
-86
-912
-1440
-1248
-392
816
1760
1952
1056
-328
-1632
-2112
-1632
-328
1056
1952
1760
816
-392
-1248
-1440
-912
-86
528
720
488
124
-41
57
264
296
1
-560
-992
-992
-424
592
1504
1760
1120
-156
-1440
-2112
-1760
-496
976
1984
1984
1056
-296
-1440
-1760
-1248
-236
688
1056
912
360
-140
-328
-204
1
15
-244
-592
-720
-376
360
1120
1440
1056
1
-1184
-1952
-1760
-656
816
1952
2112
1248
-164
-1440
-1984
-1504
-424
752
1376
1312
624
-164
-656
-656
-360
-43
35
-124
-312
-244
172
752
1056
912
114
-944
-1696
-1632
-720
624
1760
2112
1376
1
-1376
-2112
-1760
-624
720
1632
1696
944
-114
-912
-1056
-752
-172
244
312
124
-35
43
360
656
656
164
-624
-1312
-1376
-752
424
1504
1984
1440
164
-1248
-2112
-1952
-816
656
1760
1952
1184
1
-1056
-1440
-1120
-360
376
720
592
244
-15
1
204
328
140
-360
-912
-1056
-688
236
1248
1760
1440
296
-1056
-1984
-1984
-976
496
1760
2112
1440
156
-1120
-1760
-1504
-592
424
992
992
560
1
-296
-264
-57
41
-124
-488
-720
-528
86
912
1440
1248
392
-816
-1760
-1952
-1056
328
1632
2112
1632
328
-1056
-1952
-1760
-816
392
1248
1440
912
86
-528
-720
-488
-124
41
-57
-264
-296
1
560
992
992
424
-592
-1504
-1760
-1120
156
1440
2112
1760
496
-976
-1984
-1984
-1056
296
1440
1760
1248
236
-688
-1056
-912
-360
140
328
204
1
-15
244
592
720
376
-360
-1120
-1440
-1056
1
1184
1952
1760
656
-816
-1952
-2112
-1248
164
1440
1984
1504
424
-752
-1376
-1312
-624
164
656
656
360
43
-35
124
312
244
-172
-752
-1056
-912
-114
944
1696
1632
720
-624
-1760
-2112
-1376
1
1376
2112
1760
624
-720
-1632
-1696
-944
114
912
1056
752
172
-244
-312
-124
35
-43
-360
-656
-656
-164
624
1312
1376
752
-424
-1504
-1984
-1440
-164
1248
2112
1952
816
-656
-1760
-1952
-1184
1
1056
1440
1120
360
-376
-720
-592
-244
15
1
-204
-328
-140
360
912
1056
688
-236
-1248
-1760
-1440
-296
1056
1984
1984
976
-496
-1760
-2112
-1440
-156
1120
1760
1504
592
-424
-992
-992
-560
1
296
264
57
-41
124
488
720
528
-86
-912
-1440
-1248
-392
816
1760
1952
1056
-328
-1632
-2112
-1632
-328
1056
1952
1760
816
-392
-1248
-1440
-912
-86
