1651 2 0 0 0
1
1248
1888
1504
592
-124
-248
164
560
376
-472
-1504
-1984
-1632
-408
912
1568
1376
624
15
1
488
912
720
-220
-1376
-2112
-1888
-752
496
1248
1120
496
37
140
720
1248
1056
122
-1184
-1984
-1984
-992
156
880
816
296
-66
164
912
1504
1440
496
-848
-1888
-1984
-1184
-132
528
472
1
-280
61
944
1696
1760
912
-472
-1568
-1824
-1248
-312
244
140
-328
-592
-156
848
1824
1984
1248
-66
-1184
-1632
-1120
-376
62
-124
-656
-944
-472
624
1760
2112
1568
312
-848
-1248
-944
-312
1
-312
-944
-1248
-848
312
1568
2112
1760
624
-472
-944
-656
-124
62
-376
-1120
-1632
-1184
-66
1248
1984
1824
848
-156
-592
-328
140
244
-312
-1248
-1824
-1568
-472
912
1760
1696
944
61
-280
1
472
528
-132
-1184
-1984
-1888
-848
496
1440
1504
912
164
-66
296
816
880
156
-992
-1984
-1984
-1184
122
1056
1248
720
140
37
496
1120
1248
496
-752
-1888
-2112
-1376
-220
720
912
488
1
15
624
1376
1568
912
-408
-1632
-1984
-1504
-472
376
560
164
-248
-124
592
1504
1888
1248
1
-1248
-1888
-1504
-592
124
248
-164
-560
-376
472
1504
1984
1632
408
-912
-1568
-1376
-624
-15
1
-488
-912
-720
220
1376
2112
1888
752
-496
-1248
-1120
-496
-37
-140
-720
-1248
-1056
-122
1184
1984
1984
992
-156
-880
-816
-296
66
-164
-912
-1504
-1440
-496
848
1888
1984
1184
132
-528
-472
1
280
-61
-944
-1696
-1760
-912
472
1568
1824
1248
312
-244
-140
328
592
156
-848
-1824
-1984
-1248
66
1184
1632
1120
376
-62
124
656
944
472
-624
-1760
-2112
-1568
-312
848
1248
944
312
1
312
944
1248
848
-312
-1568
-2112
-1760
-624
472
944
656
124
-62
376
1120
1632
1184
66
-1248
-1984
-1824
-848
156
592
328
-140
-244
312
1248
1824
1568
472
-912
-1760
-1696
-944
-61
280
1
-472
-528
132
1184
1984
1888
848
-496
-1440
-1504
-912
-164
66
-296
-816
-880
-156
992
1984
1984
1184
-122
-1056
-1248
-720
-140
-37
-496
-1120
-1248
-496
752
1888
2112
1376
220
-720
-912
-488
1
-15
-624
-1376
-1568
-912
408
1632
1984
1504
472
-376
-560
-164
248
124
-592
-1504
-1888
-1248
1
1248
1888
1504
592
-124
-248
164
560
376
-472
-1504
-1984
-1632
-408
912
1568
1376
624
15
1
488
912
720
-220
-1376
-2112
-1888
-752
496
1248
1120
496
37
140
720
1248
1056
122
-1184
-1984
-1984
-992
156
880
816
296
-66
164
912
1504
1440
496
-848
-1888
-1984
-1184
-132
528
472
1
-280
61
944
1696
1760
912
-472
-1568
-1824
-1248
-312
244
140
-328
-592
-156
848
1824
1984
1248
-66
-1184
-1632
-1120
-376
62
-124
-656
-944
-472
624
1760
2112
1568
312
-848
-1248
-944
-312
1
-312
-944
-1248
-848
312
1568
2112
1760
624
-472
-944
