1651 2 0 0 0
1
1568
2112
1376
-124
-1440
-1824
-1056
196
1120
1248
624
-172
-592
-528
-172
33
-59
-248
-220
204
784
976
496
-496
-1376
-1504
-624
816
1888
1824
624
-992
-1984
-1888
-496
1120
1984
1632
312
-992
-1632
-1184
-140
752
976
592
27
-280
-204
1
-1
-296
-592
-528
74
912
1312
912
-228
-1440
-1824
-1056
408
1760
1984
1056
-560
-1888
-1984
-944
624
1696
1696
656
-592
-1248
-1120
-344
376
624
424
74
-33
132
280
118
-408
-912
-912
-196
848
1568
1312
172
-1248
-1984
-1504
-66
1504
2112
1504
-66
-1504
-1984
-1248
172
1312
1568
848
-196
-912
-912
-408
118
280
132
-33
74
424
624
376
-344
-1120
-1248
-592
656
1696
1696
624
-944
-1984
-1888
-560
1056
1984
1760
408
-1056
-1824
-1440
-228
912
1312
912
74
-528
-592
-296
-1
1
-204
-280
27
592
976
752
-140
-1184
-1632
-992
312
1632
1984
1120
-496
-1888
-1984
-992
624
1824
1888
816
-624
-1504
-1376
-496
496
976
784
204
-220
-248
-59
33
-172
-528
-592
-172
624
1248
1120
196
-1056
-1824
-1440
-124
1376
2112
1568
1
-1568
-2112
-1376
124
1440
1824
1056
-196
-1120
-1248
-624
172
592
528
172
-33
59
248
220
-204
-784
-976
-496
496
1376
1504
624
-816
-1888
-1824
-624
992
1984
1888
496
-1120
-1984
-1632
-312
992
1632
1184
140
-752
-976
-592
-27
280
204
1
1
296
592
528
-74
-912
-1312
-912
228
1440
1824
1056
-408
-1760
-1984
-1056
560
1888
1984
944
-624
-1696
-1696
-656
592
1248
1120
344
-376
-624
-424
-74
33
-132
-280
-118
408
912
912
196
-848
-1568
-1312
-172
1248
1984
1504
66
-1504
-2112
-1504
66
1504
1984
1248
-172
-1312
-1568
-848
196
912
912
408
-118
-280
-132
33
-74
-424
-624
-376
344
1120
1248
592
-656
-1696
-1696
-624
944
1984
1888
560
-1056
-1984
-1760
-408
1056
1824
1440
228
-912
-1312
-912
-74
528
592
296
1
1
204
280
-27
-592
-976
-752
140
1184
1632
992
-312
-1632
-1984
-1120
496
1888
1984
992
-624
-1824
-1888
-816
624
1504
1376
496
-496
-976
-784
-204
220
248
59
-33
172
528
592
172
-624
-1248
-1120
-196
1056
1824
1440
124
-1376
-2112
-1568
1
1568
2112
1376
-124
-1440
-1824
-1056
196
1120
1248
624
-172
-592
-528
-172
33
-59
-248
-220
204
784
976
496
-496
-1376
-1504
-624
816
1888
1824
624
-992
-1984
-1888
-496
1120
1984
1632
312
-992
-1632
-1184
-140
752
976
592
27
-280
-204
1
-1
-296
-592
-528
74
912
1312
912
-228
-1440
-1824
-1056
408
1760
1984
1056
-560
-1888
-1984
-944
624
1696
1696
656
-592
-1248
-1120
-344
376
624
424
74
-33
132
280
118
-408
-912
-912
-196
848
1568
1312
172
-1248
-1984
-1504
-66
1504
2112
1504
-66
-1504
-1984
-1248
172
1312
1568
848
-196
-912
