1651 2 0 0 0
1
1184
1888
1760
992
98
-472
-488
-132
188
106
-456
-1184
-1632
-1440
-488
784
1824
2112
1568
528
-440
-912
-784
-344
1
-86
-592
-1120
-1312
-784
264
1440
2112
1984
1056
-118
-992
-1312
-992
-392
-3
-74
-496
-912
-816
-148
912
1824
2112
1504
360
-848
-1568
-1568
-976
-228
188
114
-264
-528
-328
392
1312
1888
1760
848
-440
-1504
-1952
-1568
-688
140
528
392
1
-220
37
720
1440
1696
1184
66
-1184
-1984
-1984
-1248
-180
656
944
656
196
-25
220
784
1248
1184
488
-688
-1760
-2112
-1760
-688
488
1184
1248
784
220
-25
196
656
944
656
-180
-1248
-1984
-1984
-1184
66
1184
1696
1440
720
37
-220
1
392
528
140
-688
-1568
-1952
-1504
-440
848
1760
1888
1312
392
-328
-528
-264
114
188
-228
-976
-1568
-1568
-848
360
1504
2112
1824
912
-148
-816
-912
-496
-74
-3
-392
-992
-1312
-992
-118
1056
1984
2112
1440
264
-784
-1312
-1120
-592
-86
1
-344
-784
-912
-440
528
1568
2112
1824
784
-488
-1440
-1632
-1184
-456
106
188
-132
-488
-472
98
992
1760
1888
1184
1
-1184
-1888
-1760
-992
-98
472
488
132
-188
-106
456
1184
1632
1440
488
-784
-1824
-2112
-1568
-528
440
912
784
344
1
86
592
1120
1312
784
-264
-1440
-2112
-1984
-1056
118
992
1312
992
392
3
74
496
912
816
148
-912
-1824
-2112
-1504
-360
848
1568
1568
976
228
-188
-114
264
528
328
-392
-1312
-1888
-1760
-848
440
1504
1952
1568
688
-140
-528
-392
1
220
-37
-720
-1440
-1696
-1184
-66
1184
1984
1984
1248
180
-656
-944
-656
-196
25
-220
-784
-1248
-1184
-488
688
1760
2112
1760
688
-488
-1184
-1248
-784
-220
25
-196
-656
-944
-656
180
1248
1984
1984
1184
-66
-1184
-1696
-1440
-720
-37
220
1
-392
-528
-140
688
1568
1952
1504
440
-848
-1760
-1888
-1312
-392
328
528
264
-114
-188
228
976
1568
1568
848
-360
-1504
-2112
-1824
-912
148
816
912
496
74
3
392
992
1312
992
118
-1056
-1984
-2112
-1440
-264
784
1312
1120
592
86
1
344
784
912
440
-528
-1568
-2112
-1824
-784
488
1440
1632
1184
456
-106
-188
132
488
472
-98
-992
-1760
-1888
-1184
1
1184
1888
1760
992
98
-472
-488
-132
188
106
-456
-1184
-1632
-1440
-488
784
1824
2112
1568
528
-440
-912
-784
-344
1
-86
-592
-1120
-1312
-784
264
1440
2112
1984
1056
-118
-992
-1312
-992
-392
-3
-74
-496
-912
-816
-148
912
1824
2112
1504
360
-848
-1568
-1568
-976
-228
188
114
-264
-528
-328
392
1312
1888
1760
848
-440
-1504
-1952
-1568
-688
140
528
392
1
-220
37
720
1440
1696
1184
66
-1184
-1984
-1984
-1248
-180
656
944
656
196
-25
220
784
1248
1184
488
-688
-1760
-2112
-1760
-688
488
1184
1248
784
220
-25
196
656
944
