1651 2 0 0 0
1
1312
1984
1952
992
-328
-1504
-1984
-1696
-656
592
1568
1824
1312
312
-752
-1440
-1440
-912
-43
752
1120
992
496
-114
-592
-720
-528
-196
122
264
236
106
5
27
148
264
244
29
-312
-624
-720
-456
90
720
1120
1056
496
-344
-1120
-1504
-1248
-408
688
1568
1824
1312
180
-1056
-1888
-1952
-1184
132
1376
2112
1952
912
-472
-1696
-2112
-1760
-592
784
1760
1984
1376
244
-976
-1760
-1760
-992
53
992
1504
1312
624
-248
-944
-1120
-880
-296
296
656
688
440
78
-196
-280
-196
-62
1
-62
-196
-280
-196
78
440
688
656
296
-296
-880
-1120
-944
-248
624
1312
1504
992
53
-992
-1760
-1760
-976
244
1376
1984
1760
784
-592
-1760
-2112
-1696
-472
912
1952
2112
1376
132
-1184
-1952
-1888
-1056
180
1312
1824
1568
688
-408
-1248
-1504
-1120
-344
496
1056
1120
720
90
-456
-720
-624
-312
29
244
264
148
27
5
106
236
264
122
-196
-528
-720
-592
-114
496
992
1120
752
-43
-912
-1440
-1440
-752
312
1312
1824
1568
592
-656
-1696
-1984
-1504
-328
992
1952
1984
1312
1
-1312
-1984
-1952
-992
328
1504
1984
1696
656
-592
-1568
-1824
-1312
-312
752
1440
1440
912
43
-752
-1120
-992
-496
114
592
720
528
196
-122
-264
-236
-106
-5
-27
-148
-264
-244
-29
312
624
720
456
-90
-720
-1120
-1056
-496
344
1120
1504
1248
408
-688
-1568
-1824
-1312
-180
1056
1888
1952
1184
-132
-1376
-2112
-1952
-912
472
1696
2112
1760
592
-784
-1760
-1984
-1376
-244
976
1760
1760
992
-53
-992
-1504
-1312
-624
248
944
1120
880
296
-296
-656
-688
-440
-78
196
280
196
62
1
62
196
280
196
-78
-440
-688
-656
-296
296
880
1120
944
248
-624
-1312
-1504
-992
-53
992
1760
1760
976
-244
-1376
-1984
-1760
-784
592
1760
2112
1696
472
-912
-1952
-2112
-1376
-132
1184
1952
1888
1056
-180
-1312
-1824
-1568
-688
408
1248
1504
1120
344
-496
-1056
-1120
-720
-90
456
720
624
312
-29
-244
-264
-148
-27
-5
-106
-236
-264
-122
196
528
720
592
114
-496
-992
-1120
-752
43
912
1440
1440
752
-312
-1312
-1824
-1568
-592
656
1696
1984
1504
328
-992
-1952
-1984
-1312
1
1312
1984
1952
992
-328
-1504
-1984
-1696
-656
592
1568
1824
1312
312
-752
-1440
-1440
-912
-43
752
1120
992
496
-114
-592
-720
-528
-196
122
264
236
106
5
27
148
264
244
29
-312
-624
-720
-456
90
720
1120
1056
496
-344
-1120
-1504
-1248
-408
688
1568
1824
1312
180
-1056
-1888
-1952
-1184
132
1376
2112
1952
912
-472
-1696
-2112
-1760
-592
784
1760
1984
1376
244
-976
-1760
-1760
-992
53
992
1504
1312
624
-248
-944
-1120
-880
-296
296
656
688
440
78
-196
-280
-196
-62
1
-62
-196
-280
-196
78
440
688
656
296
-296
-880
