1651 2 0 0 0
1
1120
1888
1952
1376
496
-360
-880
-912
-592
-196
-1
-124
-496
-848
-912
-496
296
1184
1888
1952
1376
264
-912
-1760
-1984
-1568
-720
188
784
944
688
280
17
74
408
784
944
624
-98
-992
-1760
-1984
-1568
-528
656
1632
1984
1696
944
1
-688
-944
-752
-360
-53
-33
-312
-720
-944
-752
-94
816
1632
1984
1696
784
-408
-1440
-1984
-1824
-1120
-196
560
944
816
456
102
7
236
624
912
848
264
-592
-1504
-1984
-1824
-992
132
1248
1952
1952
1312
408
-440
-912
-880
-528
-164
1
-164
-528
-880
-912
-440
408
1312
1952
1952
1248
132
-992
-1824
-1984
-1504
-592
264
848
912
624
236
7
102
456
816
944
560
-196
-1120
-1824
-1984
-1440
-408
784
1696
1984
1632
816
-94
-752
-944
-720
-312
-33
-53
-360
-752
-944
-688
1
944
1696
1984
1632
656
-528
-1568
-1984
-1760
-992
-98
624
944
784
408
74
17
280
688
944
784
188
-720
-1568
-1984
-1760
-912
264
1376
1952
1888
1184
296
-496
-912
-848
-496
-124
-1
-196
-592
-912
-880
-360
496
1376
1952
1888
1120
1
-1120
-1888
-1952
-1376
-496
360
880
912
592
196
1
124
496
848
912
496
-296
-1184
-1888
-1952
-1376
-264
912
1760
1984
1568
720
-188
-784
-944
-688
-280
-17
-74
-408
-784
-944
-624
98
992
1760
1984
1568
528
-656
-1632
-1984
-1696
-944
1
688
944
752
360
53
33
312
720
944
752
94
-816
-1632
-1984
-1696
-784
408
1440
1984
1824
1120
196
-560
-944
-816
-456
-102
-7
-236
-624
-912
-848
-264
592
1504
1984
1824
992
-132
-1248
-1952
-1952
-1312
-408
440
912
880
528
164
1
164
528
880
912
440
-408
-1312
-1952
-1952
-1248
-132
992
1824
1984
1504
592
-264
-848
-912
-624
-236
-7
-102
-456
-816
-944
-560
196
1120
1824
1984
1440
408
-784
-1696
-1984
-1632
-816
94
752
944
720
312
33
53
360
752
944
688
1
-944
-1696
-1984
-1632
-656
528
1568
1984
1760
992
98
-624
-944
-784
-408
-74
-17
-280
-688
-944
-784
-188
720
1568
1984
1760
912
-264
-1376
-1952
-1888
-1184
-296
496
912
848
496
124
1
196
592
912
880
360
-496
-1376
-1952
-1888
-1120
1
1120
1888
1952
1376
496
-360
-880
-912
-592
-196
-1
-124
-496
-848
-912
-496
296
1184
1888
1952
1376
264
-912
-1760
-1984
-1568
-720
188
784
944
688
280
17
74
408
784
944
624
-98
-992
-1760
-1984
-1568
-528
656
1632
1984
1696
944
1
-688
-944
-752
-360
-53
-33
-312
-720
-944
-752
-94
816
1632
1984
1696
784
-408
-1440
-1984
-1824
-1120
-196
560
944
816
456
102
7
236
624
912
848
264
-592
-1504
-1984
-1824
-992
132
1248
1952
1952
1312
408
-440
-912
-880
-528
-164
1
-164
-528
-880
-912
-440
408
1312
1952
1952
1248
132
