1651 2 0 0 0
1
1632
2112
1184
-528
-1888
-1952
-688
976
1952
1568
172
-1248
-1760
-1056
248
1312
1440
592
-528
-1184
-992
-204
624
912
592
-45
-496
-528
-228
106
220
122
7
35
164
212
11
-344
-560
-392
164
752
912
376
-496
-1184
-1056
-172
976
1504
1056
-212
-1440
-1760
-848
688
1824
1760
440
-1184
-1984
-1568
66
1632
2112
1120
-592
-1952
-1984
-656
1056
1984
1632
124
-1376
-1952
-1184
344
1568
1696
656
-688
-1504
-1248
-220
848
1248
784
-102
-784
-880
-376
236
560
456
102
-172
-204
-74
1
-74
-204
-172
102
456
560
236
-376
-880
-784
-102
784
1248
848
-220
-1248
-1504
-688
656
1696
1568
344
-1184
-1952
-1376
124
1632
1984
1056
-656
-1984
-1952
-592
1120
2112
1632
66
-1568
-1984
-1184
440
1760
1824
688
-848
-1760
-1440
-212
1056
1504
976
-172
-1056
-1184
-496
376
912
752
164
-392
-560
-344
11
212
164
35
7
122
220
106
-228
-528
-496
-45
592
912
624
-204
-992
-1184
-528
592
1440
1312
248
-1056
-1760
-1248
172
1568
1952
976
-688
-1952
-1888
-528
1184
2112
1632
1
-1632
-2112
-1184
528
1888
1952
688
-976
-1952
-1568
-172
1248
1760
1056
-248
-1312
-1440
-592
528
1184
992
204
-624
-912
-592
45
496
528
228
-106
-220
-122
-7
-35
-164
-212
-11
344
560
392
-164
-752
-912
-376
496
1184
1056
172
-976
-1504
-1056
212
1440
1760
848
-688
-1824
-1760
-440
1184
1984
1568
-66
-1632
-2112
-1120
592
1952
1984
656
-1056
-1984
-1632
-124
1376
1952
1184
-344
-1568
-1696
-656
688
1504
1248
220
-848
-1248
-784
102
784
880
376
-236
-560
-456
-102
172
204
74
1
74
204
172
-102
-456
-560
-236
376
880
784
102
-784
-1248
-848
220
1248
1504
688
-656
-1696
-1568
-344
1184
1952
1376
-124
-1632
-1984
-1056
656
1984
1952
592
-1120
-2112
-1632
-66
1568
1984
1184
-440
-1760
-1824
-688
848
1760
1440
212
-1056
-1504
-976
172
1056
1184
496
-376
-912
-752
-164
392
560
344
-11
-212
-164
-35
-7
-122
-220
-106
228
528
496
45
-592
-912
-624
204
992
1184
528
-592
-1440
-1312
-248
1056
1760
1248
-172
-1568
-1952
-976
688
1952
1888
528
-1184
-2112
-1632
1
1632
2112
1184
-528
-1888
-1952
-688
976
1952
1568
172
-1248
-1760
-1056
248
1312
1440
592
-528
-1184
-992
-204
624
912
592
-45
-496
-528
-228
106
220
122
7
35
164
212
11
-344
-560
-392
164
752
912
376
-496
-1184
-1056
-172
976
1504
1056
-212
-1440
-1760
-848
688
1824
1760
440
-1184
-1984
-1568
66
1632
2112
1120
-592
-1952
-1984
-656
1056
1984
1632
124
-1376
-1952
-1184
344
1568
1696
656
-688
-1504
-1248
-220
848
1248
784
-102
-784
-880
-376
236
560
456
102
-172
-204
-74
1
-74
-204
-172
102
456
560
236
-376
-880
-784
-102
