1.2254  2.2202  0.1000  185.0000  185.0000  370.0000  370.0000  2120  477.0000  2222.0000  0.4800  0.0000  0.0000  11.0000  7.0000  4.0000  6.1000  5.1000  10.0000  3.0000  3.0200 10.5400
1.2254  2.2202  0.1000  195.0000  185.0000  380.0000  380.0000  2120  477.0000  2222.0000  0.4800  0.0000  0.0000  11.0000  7.0000  4.0000  6.1000  5.1000  10.0000  3.0000  3.0200 10.5400
1.2254  2.2202  0.1000  195.0000  185.0000  390.0000  390.0000  2120  477.0000  2222.0000  0.4900  0.0000  0.0000  11.0000  7.0000  4.0000  6.1000  5.1000  10.0000  3.0000  3.0200 10.5400
1.2254  2.2202  0.1000  195.0000  185.0000  390.0000  390.0000  2120  517.0000  2222.0000  0.4900  0.0000  0.0000  11.0000  7.0000  4.0000  6.1000  5.1000  10.0000  3.0000  3.0200 10.5400
1.2254  2.2202  0.1000  185.0000  195.0000  390.0000  390.0000  2120  477.0000  2222.0000  0.4900  0.0000  0.0000  11.0000  7.0000  4.0000  6.1000  5.1000  10.0000  3.0000  3.0200 10.5400
1.2254  2.2202  0.1000  195.0000  185.0000  390.0000  390.0000  2120  477.0000  2002.0000  0.4700  0.0000  0.0000  11.0000  7.0000  4.0000  6.1000  5.1000  10.0000  3.0000  3.0200 10.5400
1.2254  2.2202  0.1000  215.0000  195.0000  390.0000  390.0000  2120  517.0000  2002.0000  0.4500  0.0000  0.0000  11.0000  7.0000  4.0000  6.1000  5.1000  10.0000  3.0000  3.0200 10.5400
1.2254  2.2202  0.1000  215.0000  195.0000  390.0000  370.0000  2120  511.0000  2002.0000  0.4500  0.0000  0.0000  11.0000  7.0000  4.0000  6.1000  5.1000  10.0000  3.0000  3.0200 10.5400
1.2254  2.2202  0.1000  195.0000  215.0000  410.0000  390.0000  2120  497.0000  2222.0000  0.4500  0.0000  0.0000  11.0000  7.0000  4.0000  6.1000  5.1000  10.0000  3.0000  3.0200 10.5400
1.2254  2.2202  0.1000  185.0000  225.0000  370.0000  370.0000  2120  517.0000  2442.0000  0.4800  0.0000  0.0000  11.0000  7.0000  4.0000  6.1000  5.1000  10.0000  3.0000  6.0200 10.5400
1.2254  2.2202  0.1000  195.0000  225.0000  380.0000  410.0000  2120  477.0000  2442.0000  0.4800  0.0000  0.0000  11.0000  7.0000  4.0000  6.1000  5.1000  10.0000  3.0000  6.0200 10.5400
1.2254  2.2202  0.1000  225.0000  185.0000  410.0000  390.0000  2120  477.0000  2322.0000  0.4800  0.0000  0.0000  11.0000  7.0000  4.0000  6.1000  5.1000  10.0000  3.0000  6.0200 10.5400
1.2254  2.2202  0.1000  225.0000  185.0000  410.0000  390.0000  2120  477.0000  2432.0000  0.4660  0.0000  0.0000  11.0000  7.0000  4.0000  6.1000  5.1000  10.0000  3.0000  6.0200 10.5400
1.2254  2.2202  0.1000  185.0000  195.0000  410.0000  410.0000  2120  487.0000  2542.0000  0.4600  0.0000  0.0000  11.0000  7.0000  4.0000  6.1000  5.1000  10.0000  3.0000  6.0200 10.5400
1.2254  2.2202  0.1000  205.0000  205.0000  410.0000  410.0000  2120  487.0000  2452.0000  0.4600  0.0000  0.0000  11.0000  7.0000  4.0000  6.1000  5.1000  10.0000  3.0000  6.0200 10.5400
1.2254  2.2202  0.1000  205.0000  205.0000  430.0000  430.0000  2120  487.0000  2542.0000  0.4300  0.0000  0.0000  11.0000  7.0000  4.0000  6.1000  5.1000  10.0000  3.0000  6.0200 10.5400
1.2254  2.2202  0.1000  205.0000  205.0000  430.0000  430.0000  2120  477.0000  2222.0000  0.4400  0.0000  0.0000  11.0000  7.0000  4.0000  2.1000  5.1000  10.0000  3.0000  6.0200 10.5400
1.2254  2.2202  0.1000  185.0000  195.0000  410.0000  410.0000  2120  487.0000  2542.0000  0.4600  0.0000  0.0000  11.0000  7.0000  4.0000  6.1000  5.1000  10.0000  3.0000  6.0200 10.5400
1.2254  2.2202  0.1000  205.0000  205.0000  430.0000  430.0000  2120  477.0000  2222.0000  0.4400  0.0000  0.0000  11.0000  7.0000  4.0000  6.1000  5.1000  10.0000  3.0000  6.0200 10.5400
1.2254  2.2202  0.1000  195.0000  205.0000  415.0000  415.0000  2120  487.0000  2542.0000  0.4600  0.0000  0.0000  11.0000  7.0000  4.0000  6.1000  5.1000  10.0000  3.0000  6.0200 10.5400
1.2254  2.2202  0.1000  205.0000  205.0000  415.0000  415.0000  2120  487.0000  2452.0000  0.4600  0.0000  0.0000  11.0000  7.0000  4.0000  6.1000  5.1000  10.0000  3.0000  6.0200 10.5400
1.2254  2.2202  0.1000  205.0000  205.0000  430.0000  430.0000  2120  487.0000  2542.0000  0.4300  0.0000  0.0000  11.0000  7.0000  4.0000  6.1000  5.1000  10.0000  3.0000  6.0200 10.5400
1.2254  2.2202  0.1000  205.0000  205.0000  430.0000  430.0000  2120  477.0000  2222.0000  0.4400  0.0000  0.0000  11.0000  7.0000  4.0000  6.1000  5.1000  10.0000  3.0000  6.0200 10.5400
1.2254  2.2202  0.1000  195.0000  205.0000  415.0000  415.0000  2120  487.0000  2542.0000  0.4600  0.0000  0.0000  11.0000  7.0000  4.0000  6.1000  5.1000  10.0000  3.0000  6.0200 10.5400
1.2254  2.2202  0.1000  205.0000  205.0000  430.0000  430.0000  2120  487.0000  2542.0000  0.4300  0.0000  0.0000  11.0000  7.0000  4.0000  6.1000  5.1000  10.0000  3.0000  6.0200 10.5400
1.2254  2.2202  0.1000  205.0000  205.0000  430.0000  430.0000  2120  477.0000  2222.0000  0.4400  0.0000  0.0000  11.0000  7.0000  4.0000  6.1000  5.1000  10.0000  3.0000  6.0200 10.5400
1.2254  2.2202  0.1000  195.0000  205.0000  415.0000  415.0000  2120  487.0000  2542.0000  0.4600  0.0000  0.0000  11.0000  5.0000  4.0000  6.1000  5.1000  10.0000  3.0000  6.0200 10.5400
1.2254  2.2202  0.1000  205.0000  205.0000  415.0000  415.0000  2120  487.0000  2452.0000  0.4600  0.0000  0.0000  11.0000  5.0000  4.0000  2.1000  5.1000  10.0000  3.0000  6.0200 10.5400
1.2254  2.2202  0.1000  205.0000  205.0000  430.0000  430.0000  2120  487.0000  2542.0000  0.4300  0.0000  0.0000  11.0000  5.0000  4.0000  2.1000  5.1000  10.0000  3.0000  6.0200 10.5400
1.2254  2.2202  0.1000  205.0000  205.0000  430.0000  430.0000  2120  477.0000  2222.0000  0.4400  0.0000  0.0000  11.0000  5.0000  4.0000  2.1000  5.1000  10.0000  3.0000  6.0200 10.5400
1.2254  2.2202  0.1000  195.0000  205.0000  415.0000  415.0000  2120  487.0000  2542.0000  0.4600  0.0000  0.0000  11.0000  5.0000  4.0000  2.1000  5.1000  10.0000  3.0000  6.0200 10.5400
1.2254  2.2202  0.1000  205.0000  205.0000  415.0000  415.0000  2120  487.0000  2452.0000  0.4600  0.0000  0.0000  11.0000  5.0000  4.0000  2.1000  5.1000  10.0000  3.0000  6.0200 10.5400
1.2254  2.2202  0.1000  205.0000  205.0000  430.0000  430.0000  2120  487.0000  2542.0000  0.4300  0.0000  0.0000  11.0000  5.0000  4.0000  2.1000  5.1000  10.0000  3.0000  6.0200 10.5400
1.2254  2.2202  0.1000  205.0000  205.0000  430.0000  430.0000  2120  477.0000  2222.0000  0.4400  0.0000  0.0000  11.0000  5.0000  4.0000  2.1000  5.1000  10.0000  3.0000  6.0200 10.5400
1.2254  2.2202  0.1000  195.0000  205.0000  415.0000  415.0000  2120  487.0000  2542.0000  0.4600  0.0000  0.0000  11.0000  5.0000  4.0000  2.1000  5.1000  10.0000  3.0000  6.0200 10.5400
1.2254  2.2202  0.1000  205.0000  205.0000  415.0000  415.0000  2120  487.0000  2452.0000  0.4600  0.0000  0.0000  11.0000  5.0000  4.0000  2.1000  5.1000  10.0000  3.0000  6.0200 10.5400
1.2254  2.2202  0.1000  205.0000  205.0000  430.0000  430.0000  2120  487.0000  2542.0000  0.4300  0.0000  0.0000  11.0000  5.0000  4.0000  2.1000  5.1000  10.0000  3.0000  6.0200 10.5400
1.2254  2.2202  0.1000  205.0000  205.0000  430.0000  430.0000  2120  477.0000  2222.0000  0.4400  0.0000  0.0000  11.0000  5.0000  4.0000  2.1000  5.1000  10.0000  3.0000  6.0200 10.5400
1.2254  2.2202  0.1000  195.0000  205.0000  415.0000  415.0000  2120  487.0000  2542.0000  0.4600  0.0000  0.0000  11.0000  5.0000  4.0000  2.1000  5.1000  10.0000  3.0000  6.0200 10.5400
1.2254  2.2202  0.1000  205.0000  205.0000  415.0000  415.0000  2120  487.0000  2452.0000  0.4600  0.0000  0.0000  11.0000  5.0000  4.0000  2.1000  5.1000  10.0000  3.0000  6.0200 10.5400
1.2254  2.2202  0.1000  205.0000  205.0000  430.0000  430.0000  2120  487.0000  2542.0000  0.4300  0.0000  0.0000  11.0000  5.0000  4.0000  2.1000  5.1000  10.0000  3.0000  6.0200 10.5400
1.2254  2.2202  0.1000  205.0000  205.0000  430.0000  430.0000  2120  477.0000  2222.0000  0.4400  0.0000  0.0000  11.0000  5.0000  4.0000  2.1000  5.1000  10.0000  3.0000  6.0200 10.5400
1.2254  2.2202  0.1000  195.0000  205.0000  415.0000  415.0000  2120  487.0000  2542.0000  0.4600  0.0000  0.0000  11.0000  5.0000  4.0000  2.1000  5.1000  10.0000  3.0000  6.0200 10.5400
1.2254  2.2202  0.1000  205.0000  205.0000  415.0000  415.0000  2120  487.0000  2452.0000  0.4600  0.0000  0.0000  11.0000  5.0000  7.0000  2.1000  5.1000  10.0000  3.0000  6.0200 10.5400
1.2254  2.2202  0.1000  205.0000  205.0000  430.0000  430.0000  2120  487.0000  2542.0000  0.4300  0.0000  0.0000  11.0000  5.0000  7.0000  2.1000  5.1000  10.0000  3.0000  6.0200 10.5400
1.2254  2.2202  0.1000  205.0000  205.0000  430.0000  430.0000  2120  477.0000  2222.0000  0.4400  0.0000  0.0000  11.0000  5.0000  7.0000  2.1000  5.1000  10.0000  3.0000  6.0200 10.5400
1.2254  2.2202  0.1000  195.0000  205.0000  415.0000  415.0000  2120  487.0000  2542.0000  0.4600  0.0000  0.0000  11.0000  5.0000  7.0000  2.1000  5.1000  10.0000  3.0000  6.0200 10.5400
1.2254  2.2202  0.1000  205.0000  205.0000  415.0000  415.0000  2120  487.0000  2452.0000  0.4600  0.0000  0.0000  11.0000  5.0000  7.0000  2.1000  5.1000  10.0000  3.0000  6.0200 10.5400
1.2254  2.2202  0.1000  205.0000  205.0000  430.0000  430.0000  2120  487.0000  2542.0000  0.4300  0.0000  0.0000  11.0000  5.0000  7.0000  2.1000  5.1000  10.0000  3.0000  6.0200 10.5400
1.2254  2.2202  0.1000  205.0000  205.0000  430.0000  430.0000  2120  477.0000  2222.0000  0.4400  0.0000  0.0000  11.0000  5.0000  7.0000  2.1000  5.1000  10.0000  3.0000  6.0200 10.5400
1.2254  2.2202  0.1000  195.0000  205.0000  415.0000  415.0000  2120  487.0000  2542.0000  0.4600  0.0000  0.0000  11.0000  5.0000  7.0000  2.1000  5.1000  10.0000  3.0000  6.0200 10.5400
1.2254  2.2202  0.1000  205.0000  205.0000  415.0000  415.0000  2120  487.0000  2452.0000  0.4600  0.0000  0.0000  11.0000  5.0000  7.0000  2.1000  5.1000  10.0000  3.0000  6.0200 10.5400
1.2254  2.2202  0.1000  205.0000  205.0000  430.0000  430.0000  2120  487.0000  2542.0000  0.4300  0.0000  0.0000  11.0000  5.0000  7.0000  2.1000  5.1000  10.0000  3.0000  6.0200 10.5400
1.2254  2.2202  1.8800  265.0000  265.0000  430.0000  430.0000  2120  77.0000  0.220000  0.4400  32.0000  31.0000  11.0000  5.0000  7.0000  2.1000  5.1000  10.0000  7.0000  3.0200 10.5400
1.2254  2.2202  1.7200  260.0000  260.0000  430.0000  430.0000  2120  77.0000  0.220000  0.4400  33.0000  33.0000  11.0000  5.0000  7.0000  2.1000  5.1000  10.0000  7.0000  3.0200 10.5400
1.2254  2.2202  1.7000  260.0000  265.0000  415.0000  415.0000  2120  87.0000  0.520000  0.4600  33.0000  33.0000  11.0000  5.0000  7.0000  2.1000  5.1000  10.0000  7.0000  3.0200 10.5400
1.2254  2.2202  1.7500  275.0000  275.0000  430.0000  430.0000  2120  77.0000  0.220000  0.4400  32.0000  33.0000  11.0000  5.0000  7.0000  2.1000  5.1000  10.0000  7.0000  3.0200 10.5400
1.2254  2.2202  1.8000  275.0000  275.0000  415.0000  415.0000  2120  487.0000  0.420000  0.4600  35.0000  35.0000  11.0000  5.0000  7.0000  2.1000  5.1000  10.0000  7.0000  3.0200 10.5400
1.2254  2.2202  1.8800  275.0000  275.0000  430.0000  430.0000  2120  77.0000  0.220000  0.4400  36.0000  30.0000  11.0000  5.0000  7.0000  2.1000  5.1000  10.0000  7.0000  3.0200 10.5400
1.2254  2.2202  1.3000  255.0000  255.0000  415.0000  415.0000  2120  -87.0000  0.520000  0.4600  25.0000  23.0000  11.0000  5.0000  7.0000  2.1000  5.1000  10.0000  7.0000  3.0200 10.5400
1.2254  2.2202  1.7500  255.0000  255.0000  430.0000  430.0000  2120  -77.0000  0.220000  0.4400  30.0000  30.0000  11.0000  5.0000  7.0000  2.1000  5.1000  10.0000  7.0000  3.0200 10.5400
1.2254  2.2202  1.8000  265.0000  265.0000  415.0000  415.0000  2120  -87.0000  0.420000  0.4600  30.0000  30.0000  11.0000  5.0000  7.0000  2.1000  5.1000  10.0000  7.0000  3.0200 10.5400
1.2254  2.2202  1.8800  265.0000  265.0000  430.0000  430.0000  2120  -77.0000  -222.0000  0.4400  32.0000  31.0000  11.0000  5.0000  7.0000  2.1000  5.1000  10.0000  7.0000  3.0200 10.5400
1.2254  2.2202  1.7200  260.0000  260.0000  430.0000  430.0000  2120  -77.0000  -222.0000  0.4400  33.0000  33.0000  11.0000  5.0000  7.0000  2.1000  5.1000  10.0000  7.0000  3.0200 10.5400
1.2254  2.2202  1.7000  260.0000  265.0000  415.0000  415.0000  2120  -87.0000  -452.0000  0.4600  33.0000  33.0000  11.0000  5.0000  7.0000  2.1000  5.1000  10.0000  7.0000  3.0200 10.5400
1.2254  2.2202  1.7500  275.0000  275.0000  430.0000  430.0000  2120  -77.0000  -222.0000  0.4400  32.0000  33.0000  11.0000  5.0000  7.0000  2.1000  5.1000  10.0000  7.0000  3.0200 10.5400
1.2254  2.2202  1.8000  275.0000  275.0000  415.0000  415.0000  2120  -87.0000  -542.0000  0.4600  35.0000  35.0000  11.0000  5.0000  7.0000  2.1000  5.1000  10.0000  7.0000  3.0200 10.5400
1.2254  2.2202  1.8800  275.0000  275.0000  430.0000  430.0000  2120  -77.0000  -222.0000  0.4400  36.0000  30.0000  11.0000  5.0000  7.0000  2.1000  5.1000  10.0000  7.0000  3.0200 10.5400
1.2254  2.2202  1.8800  265.0000  265.0000  430.0000  430.0000  2120  -77.0000  -222.0000  0.4400  32.0000  31.0000  11.0000  5.0000  7.0000  2.1000  5.1000  10.0000  7.0000  3.0200 10.5400
1.2254  2.2202  1.7200  260.0000  260.0000  430.0000  430.0000  2120  -77.0000  -122.0000  0.4400  33.0000  33.0000  11.0000  5.0000  7.0000  2.1000  5.1000  10.0000  7.0000  3.0200 10.5400
1.2254  2.2202  1.7000  260.0000  265.0000  415.0000  415.0000  2120  -87.0000  -1452.0000  0.4600  33.0000  33.0000  11.0000  5.0000  7.0000  2.1000  5.1000  10.0000  7.0000  3.0200 10.5400
1.2254  2.2202  1.7500  275.0000  275.0000  430.0000  430.0000  2120  -177.0000  -1222.0000  0.4400  32.0000  33.0000  11.0000  5.0000  7.0000  2.1000  5.1000  10.0000  7.0000  3.0200 10.5400
1.2254  2.2202  1.8000  275.0000  275.0000  415.0000  415.0000  2120  -187.0000  -1542.0000  0.4600  35.0000  35.0000  11.0000  5.0000  7.0000  2.1000  5.1000  10.0000  7.0000  3.0200 10.5400
1.2254  2.2202  1.8800  275.0000  275.0000  430.0000  430.0000  2120  -177.0000  -1222.0000  0.4400  36.0000  30.0000  11.0000  5.0000  7.0000  2.1000  5.1000  10.0000  7.0000  3.0200 10.5400
1.2254  2.2202  1.8800  265.0000  265.0000  430.0000  430.0000  2120  -1177.0000  -1222.0000  0.4400  32.0000  31.0000  11.0000  5.0000  7.0000  2.1000  5.1000  10.0000  7.0000  3.0200 10.5400
1.2254  2.2202  1.7200  260.0000  260.0000  430.0000  430.0000  2120  -1177.0000  -1222.0000  0.4400  33.0000  33.0000  11.0000  5.0000  7.0000  2.1000  5.1000  10.0000  7.0000  3.0200 10.5400
1.2254  2.2202  1.7000  260.0000  265.0000  415.0000  415.0000  2120  -187.0000  -1452.0000  0.4600  33.0000  33.0000  11.0000  5.0000  7.0000  2.1000  5.1000  10.0000  7.0000  3.0200 10.5400
1.2254  2.2202  1.7500  275.0000  275.0000  430.0000  430.0000  2120  -177.0000  -1222.0000  0.4400  32.0000  33.0000  11.0000  5.0000  7.0000  2.1000  5.1000  10.0000  7.0000  3.0200 10.5400
1.2254  2.2202  1.8000  275.0000  275.0000  415.0000  415.0000  2120  -287.0000  -1542.0000  0.4600  35.0000  35.0000  11.0000  5.0000  7.0000  2.1000  5.1000  10.0000  7.0000  3.0200 10.5400
1.2254  2.2202  1.8800  275.0000  275.0000  430.0000  430.0000  2120  -177.0000  -2222.0000  0.4400  36.0000  30.0000  11.0000  5.0000  7.0000  2.1000  5.1000  10.0000  7.0000  3.0200 10.5400
1.2254  2.2202  1.8800  265.0000  265.0000  430.0000  430.0000  2120  -177.0000  -2222.0000  0.4400  32.0000  31.0000  11.0000  5.0000  7.0000  2.1000  5.1000  10.0000  7.0000  3.0200 10.5400
1.2254  2.2202  1.7200  260.0000  260.0000  430.0000  430.0000  2120  -577.0000  -2222.0000  0.4400  33.0000  33.0000  11.0000  5.0000  7.0000  2.1000  5.1000  10.0000  7.0000  3.0200 10.5400
1.2254  2.2202  1.7000  260.0000  265.0000  415.0000  415.0000  2120  -587.0000  -1452.0000  0.4600  33.0000  33.0000  11.0000  5.0000  7.0000  2.1000  5.1000  10.0000  7.0000  3.0200 10.5400
1.2254  2.2202  1.7500  275.0000  275.0000  430.0000  430.0000  2120  -577.0000  -1222.0000  0.4400  32.0000  33.0000  11.0000  5.0000  7.0000  2.1000  5.1000  10.0000  7.0000  3.0200 10.5400
1.2254  2.2202  1.8000  275.0000  275.0000  415.0000  415.0000  2120  -687.0000  -2542.0000  0.4600  35.0000  35.0000  11.0000  5.0000  7.0000  2.1000  5.1000  10.0000  7.0000  3.0200 10.5400
1.2254  2.2202  1.8800  275.0000  275.0000  430.0000  430.0000  2120  -277.0000  -2222.0000  0.4400  36.0000  30.0000  11.0000  5.0000  7.0000  2.1000  5.1000  10.0000  7.0000  3.0200 10.5400
1.2254  2.2202  1.8800  265.0000  265.0000  430.0000  430.0000  2120  -577.0000  -1222.0000  0.4400  32.0000  31.0000  11.0000  5.0000  7.0000  2.1000  5.1000  10.0000  7.0000  3.0200 10.5400
1.2254  2.2202  1.7200  260.0000  260.0000  430.0000  430.0000  2120  -577.0000  -2222.0000  0.4400  33.0000  33.0000  11.0000  5.0000  7.0000  2.1000  5.1000  10.0000  7.0000  3.0200 10.5400
1.2254  2.2202  1.7000  260.0000  265.0000  415.0000  415.0000  2120  -687.0000  -1452.0000  0.4600  33.0000  33.0000  11.0000  5.0000  7.0000  2.1000  5.1000  10.0000  7.0000  3.0200 10.5400
1.2254  2.2202  1.7500  275.0000  275.0000  430.0000  430.0000  2120  -757.0000  -2222.0000  0.4400  32.0000  33.0000  11.0000  5.0000  7.0000  2.1000  5.1000  10.0000  7.0000  3.0200 10.5400
1.2254  2.2202  1.8000  275.0000  275.0000  415.0000  415.0000  2120  -587.0000  -1542.0000  0.4600  35.0000  35.0000  11.0000  5.0000  7.0000  2.1000  5.1000  10.0000  7.0000  3.0200 10.5400
1.2254  2.2202  1.8800  275.0000  275.0000  430.0000  430.0000  2120  -577.0000  -3222.0000  0.4400  36.0000  30.0000  11.0000  5.0000  7.0000  2.1000  5.1000  10.0000  7.0000  3.0200 10.5400
1.2254  2.2202  1.8800  265.0000  265.0000  430.0000  430.0000  2120  -577.0000  -1222.0000  0.4400  32.0000  31.0000  11.0000  5.0000  7.0000  2.1000  5.1000  10.0000  7.0000  3.0200 10.5400
1.2254  2.2202  1.7200  260.0000  260.0000  430.0000  430.0000  2120  -777.0000  -1222.0000  0.4400  33.0000  33.0000  11.0000  5.0000  7.0000  2.1000  5.1000  10.0000  7.0000  3.0200 10.5400
1.2254  2.2202  1.7000  260.0000  265.0000  415.0000  415.0000  2120  -887.0000  -1452.0000  0.4600  33.0000  33.0000  11.0000  5.0000  7.0000  2.1000  5.1000  10.0000  7.0000  3.0200 10.5400
1.2254  2.2202  1.7500  275.0000  275.0000  430.0000  430.0000  2120  -677.0000  -1222.0000  0.4400  32.0000  33.0000  11.0000  5.0000  7.0000  2.1000  5.1000  10.0000  7.0000  3.0200 10.5400
1.2254  2.2202  1.8000  275.0000  275.0000  415.0000  415.0000  2120  -1187.0000  -1542.0000  0.4600  35.0000  35.0000  11.0000  5.0000  7.0000  2.1000  5.1000  10.0000  7.0000  3.0200 10.5400
1.2254  2.2202  1.8800  275.0000  275.0000  430.0000  430.0000  2120  -2177.0000  -222.0000  0.4400  36.0000  30.0000  11.0000  5.0000  7.0000  2.1000  5.1000  10.0000  7.0000  3.0200 10.5400
1.2254  2.2202  1.8000  275.0000  275.0000  415.0000  415.0000  2120  -587.0000  -1542.0000  0.4600  35.0000  35.0000  11.0000  5.0000  7.0000  2.1000  5.1000  10.0000  7.0000  3.0200 10.5400
1.2254  2.2202  1.8800  275.0000  275.0000  430.0000  430.0000  2120  -577.0000  -3222.0000  0.4400  36.0000  30.0000  11.0000  5.0000  7.0000  2.1000  5.1000  10.0000  7.0000  3.0200 10.5400
1.2254  2.2202  1.8800  265.0000  265.0000  430.0000  430.0000  2120  -577.0000  -1222.0000  0.4400  32.0000  31.0000  11.0000  5.0000  7.0000  2.1000  5.1000  10.0000  7.0000  3.0200 10.5400
1.2254  2.2202  2.1200  260.0000  260.0000  430.0000  430.0000  2120  -777.0000  -1222.0000  0.4400  33.0000  33.0000  11.0000  5.0000  7.0000  2.1000  5.1000  10.0000  7.0000  3.0200 10.5400
1.2254  2.2202  2.2000  260.0000  265.0000  415.0000  415.0000  2120  -887.0000  -1452.0000  0.4600  33.0000  33.0000  11.0000  5.0000  7.0000  2.1000  5.1000  10.0000  7.0000  3.0200 10.5400
1.2254  2.2202  2.3500  275.0000  275.0000  430.0000  460.0000  2120  -1677.0000  -1722.0000  0.4400  42.0000  43.0000  11.0000  5.0000  7.0000  2.1000  5.1000  10.0000  7.0000  3.0200 10.5400
1.2254  2.2202  2.5000  275.0000  275.0000  455.0000  456.0000  2120  -1487.0000  -16242.0000  0.4600  45.0000  45.0000  11.0000  5.0000  7.0000  2.1000  5.1000  10.0000  7.0000  3.0200 10.5400
1.2254  2.2202  2.8000  275.0000  275.0000  450.0000  450.0000  2120  -1477.0000  -1822.0000  0.4400  46.0000  40.0000  11.0000  5.0000  7.0000  2.1000  5.1000  10.0000  7.0000  3.0200 10.5400
1.2254  2.2202  3.3500  275.0000  275.0000  450.0000  460.0000  2120  -1677.0000  -1822.0000  0.4400  46.0000  43.0000  11.0000  5.0000  7.0000  2.1000  5.1000  10.0000  7.0000  3.0200 10.5400
1.2254  2.2202  3.5000  275.0000  275.0000  445.0000  465.0000  2120  -1487.0000  -1842.0000  0.4600  46.0000  45.0000  11.0000  5.0000  7.0000  2.1000  5.1000  10.0000  7.0000  3.0200 10.5400
1.2254  2.2202  3.8000  275.0000  275.0000  450.0000  460.0000  2120  -1777.0000  -2022.0000  0.4400  50.0000  50.0000  11.0000  5.0000  7.0000  2.1000  5.1000  10.0000  7.0000  3.0200 10.5400
1.2254  2.2202  3.7500  275.0000  275.0000  470.0000  430.0000  2120  -1437.0000  -2022.0000  0.4400  55.0000  61.0000  11.0000  5.0000  7.0000  2.1000  5.1000  10.0000  7.0000  3.0200 10.5400
1.2254  2.2202  3.7000  275.0000  275.0000  475.0000  475.0000  2120  -1587.0000  -2242.0000  0.4600  57.0000  65.0000  11.0000  5.0000  7.0000  2.1000  5.1000  10.0000  7.0000  3.0200 10.5400
1.2254  2.2202  3.8000  275.0000  275.0000  470.0000  480.0000  2120  -1577.0000  -2222.0000  0.4400  58.0000  60.0000  11.0000  5.0000  7.0000  2.1000  5.1000  10.0000  7.0000  3.0200 10.5400
1.2254  2.2202  3.7500  275.0000  275.0000  490.0000  490.0000  2120  -1577.0000  -2222.0000  0.4400  60.0000  66.0000  11.0000  5.0000  7.0000  2.1000  5.1000  10.0000  7.0000  3.0200 10.5400
1.2254  2.2202  3.7000  275.0000  275.0000  495.0000  515.0000  2120  -1687.0000  -2442.0000  0.4600  64.0000  66.0000  11.0000  5.0000  7.0000  2.1000  5.1000  10.0000  7.0000  3.0200 10.5400
1.2254  2.2202  3.8000  275.0000  275.0000  490.0000  530.0000  2120  -1777.0000  -2522.0000  0.4400  64.0000  66.000  11.0000  5.0000  7.0000  2.1000  5.1000  10.0000  7.0000  3.0200 10.5400
1.2254  2.2202  3.7500  275.0000  275.0000  510.0000  530.0000  2120  -1877.0000  -2722.0000  0.4400  67.0000  66.0000  11.0000  5.0000  7.0000  2.1000  5.1000  10.0000  7.0000  3.0200 10.5400
1.2254  2.2202  3.7000  275.0000  275.0000  515.0000  515.0000  2120  -1587.0000  -2742.0000  0.4600  67.0000  68.0000  11.0000  5.0000  7.0000  2.1000  5.1000  10.0000  7.0000  3.0200 10.5400
1.2254  2.2202  3.8000  275.0000  275.0000  530.0000  530.0000  2120  -1577.0000  -2722.0000  0.4400  67.0000  67.0000  11.0000  5.0000  7.0000  2.1000  5.1000  10.0000  7.0000  3.0200 10.5400
1.2254  2.2202  3.7500  275.0000  275.0000  530.0000  530.0000  2120  -1537.0000  -2722.0000  0.4400  70.0000  73.0000  11.0000  5.0000  7.0000  2.1000  5.1000  10.0000  7.0000  3.0200 10.5400
1.2254  2.2202  3.7000  275.0000  275.0000  515.0000  515.0000  2120  -1787.0000  -2842.0000  0.4600  70.0000  75.0000  11.0000  5.0000  7.0000  2.1000  5.1000  10.0000  7.0000  3.0200 10.5400
1.2254  2.2202  3.8000  275.0000  275.0000  530.0000  530.0000  2120  -1977.0000  -2822.0000  0.4400  70.0000  70.0000  11.0000  5.0000  7.0000  2.1000  5.1000  10.0000  7.0000  3.0200 10.5400
1.2254  2.2202  3.7500  275.0000  275.0000  530.0000  530.0000  2120  -1977.0000  -2722.0000  0.4400  73.0000  73.0000  11.0000  5.0000  7.0000  2.1000  5.1000  10.0000  7.0000  3.0200 10.5400
1.2254  2.2202  3.7000  275.0000  275.0000  555.0000  545.0000  2120  -2287.0000  -2942.0000  0.4600  73.0000  75.0000  11.0000  5.0000  7.0000  2.1000  5.1000  10.0000  7.0000  3.0200 10.5400
1.2254  2.2202  3.8000  275.0000  275.0000  550.0000  530.0000  2120  -2177.0000  -3122.0000  0.4400  75.0000  70.0000  11.0000  5.0000  7.0000  2.1000  5.1000  10.0000  7.0000  3.0200 10.5400
1.2254  2.2202  3.7500  275.0000  275.0000  530.0000  530.0000  2120  -2177.0000  -3122.0000  0.4400  75.0000  73.0000  11.0000  5.0000  7.0000  2.1000  5.1000  10.0000  7.0000  3.0200 10.5400
1.2254  2.2202  3.7000  275.0000  275.0000  555.0000  555.0000  2120  -2287.0000  -3342.0000  0.4600  75.0000  75.0000  11.0000  5.0000  7.0000  2.1000  5.1000  10.0000  7.0000  3.0200 10.5400
1.2254  2.2202  3.8000  275.0000  275.0000  530.0000  530.0000  2120  -2177.0000  -3322.0000  0.4400  75.0000  74.0000  11.0000  5.0000  7.0000  2.1000  5.1000  10.0000  7.0000  3.0200 10.5400
1.2254  2.2202  3.7500  275.0000  275.0000  530.0000  530.0000  2120  -2237.0000  -3522.0000  0.4400  76.0000  75.0000  11.0000  5.0000  7.0000  2.1000  5.1000  10.0000  7.0000  3.0200 10.5400
1.2254  2.2202  3.7000  275.0000  275.0000  515.0000  515.0000  2120  -2287.0000  -3542.0000  0.4600  77.0000  76.0000  11.0000  5.0000  7.0000  2.1000  5.1000  10.0000  7.0000  3.0200 10.5400
1.2254  2.2202  3.8000  275.0000  275.0000  530.0000  530.0000  2120  -2177.0000  -3322.0000  0.4400  78.0000  77.0000  11.0000  5.0000  7.0000  2.1000  5.1000  10.0000  7.0000  3.0200 10.5400
1.2254  2.2202  3.7000  275.0000  275.0000  555.0000  555.0000  2120  -2587.0000  -3342.0000  0.4600  75.0000  75.0000  11.0000  5.0000  7.0000  2.1000  5.1000  10.0000  7.0000  3.0200 10.5400
1.2254  2.2202  3.8000  275.0000  275.0000  530.0000  530.0000  2120  -2577.0000  -3222.0000  0.4400  75.0000  74.0000  11.0000  5.0000  7.0000  2.1000  5.1000  10.0000  7.0000  3.0200 10.5400
1.2254  2.2202  3.7500  275.0000  275.0000  530.0000  530.0000  2120  -2537.0000  -3222.0000  0.4400  76.0000  75.0000  11.0000  5.0000  7.0000  2.1000  5.1000  10.0000  7.0000  3.0200 10.5400
1.2254  2.2202  3.7000  275.0000  275.0000  515.0000  515.0000  2120  -2587.0000  -3542.0000  0.4600  77.0000  76.0000  11.0000  5.0000  7.0000  2.1000  5.1000  10.0000  7.0000  3.0200 10.5400
1.2254  2.2202  3.8000  275.0000  275.0000  530.0000  530.0000  2120  -2577.0000  -3522.0000  0.4400  78.0000  77.0000  11.0000  5.0000  7.0000  2.1000  5.1000  10.0000  7.0000  3.0200 10.5400
1.2254  2.2202  3.7000  275.0000  275.0000  555.0000  555.0000  2120  -2687.0000  -3542.0000  0.4600  75.0000  75.0000  11.0000  5.0000  7.0000  2.1000  5.1000  10.0000  7.0000  3.0200 10.5400
1.2254  2.2202  3.8000  275.0000  275.0000  530.0000  530.0000  2120  -2677.0000  -3222.0000  0.4400  75.0000  74.0000  11.0000  5.0000  7.0000  2.1000  5.1000  10.0000  7.0000  3.0200 10.5400
1.2254  2.2202  3.7500  275.0000  275.0000  530.0000  530.0000  2120  -2937.0000  -3522.0000  0.4400  76.0000  75.0000  11.0000  5.0000  7.0000  2.1000  5.1000  10.0000  7.0000  3.0200 10.5400
1.2254  2.2202  3.7000  275.0000  275.0000  515.0000  515.0000  2120  -2987.0000  -3542.0000  0.4600  77.0000  76.0000  11.0000  5.0000  7.0000  2.1000  5.1000  10.0000  7.0000  3.0200 10.5400
1.2254  2.2202  3.8000  275.0000  275.0000  530.0000  530.0000  2120  -2977.0000  -3222.0000  0.4400  78.0000  77.0000  11.0000  5.0000  7.0000  2.1000  5.1000  10.0000  7.0000  3.0200 10.5400
1.2254  2.2202  3.7000  275.0000  275.0000  555.0000  555.0000  2120  -3387.0000  -3542.0000  0.4600  75.0000  75.0000  11.0000  5.0000  7.0000  2.1000  5.1000  10.0000  7.0000  3.0200 10.5400
1.2254  2.2202  3.8000  275.0000  275.0000  530.0000  530.0000  2120  -3177.0000  -3722.0000  0.4400  75.0000  74.0000  11.0000  5.0000  7.0000  2.1000  5.1000  10.0000  7.0000  3.0200 10.5400
1.2254  2.2202  3.7500  275.0000  275.0000  530.0000  530.0000  2120  -3137.0000  -3722.0000  0.4400  76.0000  75.0000  11.0000  5.0000  7.0000  2.1000  5.1000  10.0000  7.0000  3.0200 10.5400
1.2254  2.2202  3.7000  275.0000  275.0000  515.0000  515.0000  2120  -3187.0000  -3742.0000  0.4600  77.0000  76.0000  11.0000  5.0000  7.0000  2.1000  5.1000  10.0000  7.0000  3.0200 10.5400
1.2254  2.2202  3.8000  275.0000  275.0000  530.0000  530.0000  2120  -3177.0000  -3722.0000  0.4400  78.0000  77.0000  11.0000  5.0000  7.0000  2.1000  5.1000  10.0000  7.0000  3.0200 10.5400
1.2254  2.2202  3.7000  275.0000  275.0000  555.0000  555.0000  2120  -3287.0000  -3442.0000  0.4600  75.0000  75.0000  11.0000  5.0000  7.0000  2.1000  5.1000  10.0000  7.0000  3.0200 10.5400
1.2254  2.2202  3.8000  275.0000  275.0000  530.0000  530.0000  2120  -2977.0000  -3722.0000  0.4400  75.0000  74.0000  11.0000  5.0000  7.0000  2.1000  5.1000  10.0000  7.0000  3.0200 10.5400
1.2254  2.2202  3.7500  275.0000  275.0000  530.0000  530.0000  2120  -2937.0000  -3522.0000  0.4400  76.0000  75.0000  11.0000  5.0000  7.0000  2.1000  5.1000  10.0000  7.0000  3.0200 10.5400
1.2254  2.2202  3.7000  275.0000  275.0000  515.0000  515.0000  2120  -2787.0000  -3542.0000  0.4600  77.0000  76.0000  11.0000  5.0000  7.0000  2.1000  5.1000  10.0000  7.0000  3.0200 10.5400
1.2254  2.2202  3.8000  275.0000  275.0000  530.0000  530.0000  2120  -2777.0000  -3722.0000  0.4400  78.0000  77.0000  11.0000  5.0000  7.0000  2.1000  5.1000  10.0000  7.0000  3.0200 10.5400
1.2254  2.2202  3.8000  275.0000  275.0000  530.0000  530.0000  2120  -2677.0000  -3722.0000  0.4400  78.0000  77.0000  11.0000  5.0000  7.0000  2.1000  5.1000  10.0000  7.0000  3.0200 10.5400
1.2254  2.2202  4.0000  275.0000  275.0000  555.0000  555.0000  2120  -2687.0000  -3742.0000  0.4600  75.0000  75.0000  11.0000  5.0000  7.0000  2.1000  5.1000  10.0000  7.0000  3.0200 10.5400
1.2254  2.2202  4.0000  275.0000  275.0000  530.0000  530.0000  2120  -2677.0000  -3722.0000  0.4400  75.0000  74.0000  11.0000  5.0000  7.0000  2.1000  5.1000  10.0000  7.0000  3.0200 10.5400
1.2254  2.2202  4.2500  275.0000  275.0000  550.0000  550.0000  2120  -2237.0000  -3522.0000  0.4400  76.0000  75.0000  11.0000  5.0000  7.0000  2.1000  5.1000  10.0000  7.0000  3.0200 10.5400
1.2254  2.2202  4.2000  275.0000  275.0000  555.0000  575.0000  2120  -3287.0000  -3542.0000  0.4600  80.0000  76.0000  11.0000  5.0000  7.0000  2.1000  5.1000  10.0000  7.0000  3.0200 10.5400
1.2254  2.2202  4.5000  275.0000  275.0000  570.0000  570.0000  2120  -2377.0000  -3722.0000  0.4400  80.0000  77.0000  11.0000  5.0000  7.0000  2.1000  5.1000  10.0000  7.0000  3.0200 10.5400
1.2254  2.2202  4.5000  275.0000  275.0000  570.0000  560.0000  2120  -1177.0000  -4022.0000  0.4400  82.0000  87.0000  11.0000  5.0000  7.0000  2.1000  5.1000  10.0000  7.0000  3.0200 10.5400
1.2254  2.2202  4.5000  275.0000  275.0000  595.0000  575.0000  2120  -1287.0000  -4142.0000  0.4600  82.0000  85.0000  11.0000  5.0000  7.0000  2.1000  5.1000  10.0000  7.0000  3.0200 10.5400
1.2254  2.2202  4.5000  275.0000  275.0000  590.0000  570.0000  2120  -1777.0000  -4122.0000  0.4400  85.0000  84.0000  11.0000  5.0000  7.0000  2.1000  5.1000  10.0000  7.0000  3.0200 10.5400
1.2254  2.2202  4.5000  275.0000  275.0000  590.0000  580.0000  2120  -1237.0000  -4122.0000  0.4400  86.0000  85.0000  11.0000  5.0000  7.0000  2.1000  5.1000  10.0000  7.0000  3.0200 10.5400
1.2254  2.2202  4.5000  275.0000  275.0000  595.0000  585.0000  2120  -1287.0000  -4242.0000  0.4600  87.0000  86.0000  11.0000  5.0000  7.0000  2.1000  5.1000  10.0000  7.0000  3.0200 10.5400
1.2254  2.2202  4.5000  275.0000  275.0000  590.0000  590.0000  2120  -1177.0000  -4222.0000  0.4400  88.0000  87.0000  11.0000  5.0000  7.0000  2.1000  5.1000  10.0000  7.0000  3.0200 10.5400
1.2254  2.2202  4.5000  275.0000  275.0000  580.0000  590.0000  2120  -1177.0000  -4222.0000  0.4400  88.0000  87.0000  11.0000  5.0000  7.0000  2.1000  5.1000  10.0000  7.0000  3.0200 10.5400
1.2254  2.2202  4.5000  275.0000  275.0000  600.0000  590.0000  2120  -1177.0000  -4222.0000  0.4400  90.0000  87.0000  11.0000  5.0000  7.0000  2.1000  5.1000  10.0000  7.0000  3.0200 10.5400
1.2254  2.2202  4.5000  275.0000  275.0000  605.0000  597.0000  2120  -1287.0000  -4542.0000  0.4600  91.0000  95.0000  11.0000  5.0000  7.0000  2.1000  5.1000  10.0000  7.0000  3.0200 10.5400
1.2254  2.2202  4.5000  275.0000  275.0000  600.0000  630.0000  2120  -1777.0000  -4322.0000  0.4400  93.0000  94.0000  11.0000  5.0000  7.0000  2.1000  5.1000  10.0000  7.0000  3.0200 10.5400
1.2254  2.2202  4.5000  275.0000  275.0000  610.0000  600.0000  2120  -1237.0000  -4322.0000  0.4400  95.0000  95.0000  11.0000  5.0000  7.0000  2.1000  5.1000  10.0000  7.0000  3.0200 10.5400
1.2254  2.2202  4.5000  275.0000  275.0000  615.0000  615.0000  2120  -1287.0000  -4542.0000  0.4600  97.0000  96.0000  11.0000  5.0000  7.0000  2.1000  5.1000  10.0000  7.0000  3.0200 10.5400
1.2254  2.2202  4.5000  275.0000  275.0000  610.0000  630.0000  2120  -1177.0000  -4222.0000  0.4400  98.0000  99.0000  11.0000  5.0000  7.0000  2.1000  5.1000  10.0000  7.0000  3.0200 10.5400
1.2254  2.2202  4.5000  275.0000  275.0000  610.0000  630.0000  2120  -1177.0000  -4222.0000  0.4400  98.0000  97.0000  11.0000  5.0000  7.0000  2.1000  5.1000  10.0000  7.0000  3.0200 10.5400
1.2254  2.2202  4.5000  275.0000  275.0000  630.0000  630.0000  2120  -1177.0000  -4222.0000  0.4400  78.0000  77.0000  11.0000  5.0000  7.0000  2.1000  5.1000  10.0000  7.0000  3.0200 10.5400
1.2254  2.2202  4.5000  275.0000  275.0000  635.0000  635.0000  2120  -1287.0000  -4342.0000  0.4600  75.0000  75.0000  11.0000  5.0000  7.0000  2.1000  5.1000  10.0000  7.0000  3.0200 10.5400
1.2254  2.2202  4.5000  275.0000  275.0000  630.0000  630.0000  2120  -1777.0000  -4222.0000  0.4400  75.0000  74.0000  11.0000  5.0000  7.0000  2.1000  5.1000  10.0000  7.0000  3.0200 10.5400
1.2254  2.2202  4.5000  275.0000  275.0000  630.0000  630.0000  2120  -1237.0000  -4522.0000  0.4400  76.0000  75.0000  11.0000  5.0000  7.0000  2.1000  5.1000  10.0000  7.0000  3.0200 10.5400
1.2254  2.2202  4.5000  275.0000  275.0000  615.0000  615.0000  2120  -1287.0000  -4542.0000  0.4600  77.0000  76.0000  11.0000  5.0000  7.0000  2.1000  5.1000  10.0000  7.0000  3.0200 10.5400
1.2254  2.2202  4.5000  275.0000  275.0000  630.0000  630.0000  2120  -1177.0000  -4322.0000  0.4400  78.0000  77.0000  11.0000  5.0000  7.0000  2.1000  5.1000  10.0000  7.0000  3.0200 10.5400
1.2254  2.2202  4.5000  275.0000  275.0000  630.0000  630.0000  2120  -1237.0000  -4322.0000  0.4400  76.0000  75.0000  11.0000  5.0000  7.0000  2.1000  5.1000  10.0000  7.0000  3.0200 10.5400
1.2254  2.2202  4.5000  275.0000  275.0000  615.0000  615.0000  2120  -1287.0000  -4342.0000  0.4600  77.0000  76.0000  11.0000  5.0000  7.0000  2.1000  5.1000  10.0000  7.0000  3.0200 10.5400
1.2254  2.2202  4.5000  275.0000  275.0000  630.0000  630.0000  2120  -1177.0000  -4322.0000  0.4400  78.0000  77.0000  11.0000  5.0000  7.0000  2.1000  5.1000  10.0000  7.0000  3.0200 10.5400
1.2254  2.2202  4.5000  275.0000  275.0000  630.0000  630.0000  2120  -1237.0000  -4322.0000  0.4400  76.0000  75.0000  11.0000  5.0000  7.0000  2.1000  5.1000  10.0000  7.0000  3.0200 10.5400
1.2254  2.2202  4.5000  275.0000  275.0000  615.0000  615.0000  2120  -1287.0000  -4542.0000  0.4600  77.0000  76.0000  11.0000  5.0000  7.0000  2.1000  5.1000  10.0000  7.0000  3.0200 10.5400
1.2254  2.2202  4.5000  275.0000  275.0000  630.0000  630.0000  2120  -1177.0000  -4222.0000  0.4400  78.0000  77.0000  11.0000  5.0000  7.0000  2.1000  5.1000  10.0000  7.0000  3.0200 10.5400
1.2254  2.2202  4.5000  275.0000  275.0000  630.0000  630.0000  2120  -1237.0000  -4522.0000  0.4400  76.0000  75.0000  11.0000  5.0000  7.0000  2.1000  5.1000  10.0000  7.0000  3.0200 10.5400
1.2254  2.2202  4.5000  275.0000  275.0000  615.0000  615.0000  2120  -1287.0000  -4542.0000  0.4600  77.0000  76.0000  11.0000  5.0000  7.0000  2.1000  5.1000  10.0000  7.0000  3.0200 10.5400
1.2254  2.2202  4.5000  275.0000  275.0000  630.0000  630.0000  2120  -1177.0000  -4222.0000  0.4400  78.0000  77.0000  11.0000  5.0000  7.0000  2.1000  5.1000  10.0000  7.0000  3.0200 10.5400
1.2254  2.2202  4.5000  275.0000  275.0000  630.0000  630.0000  2120  -1237.0000  -4522.0000  0.4400  76.0000  75.0000  11.0000  5.0000  7.0000  2.1000  5.1000  10.0000  7.0000  3.0200 10.5400
1.2254  2.2202  4.5000  275.0000  275.0000  615.0000  615.0000  2120  -1287.0000  -4542.0000  0.4600  77.0000  76.0000  11.0000  5.0000  7.0000  2.1000  5.1000  10.0000  7.0000  3.0200 10.5400
1.2254  2.2202  4.5000  275.0000  275.0000  630.0000  630.0000  2120  -1177.0000  -4222.0000  0.4400  78.0000  77.0000  11.0000  5.0000  7.0000  2.1000  5.1000  10.0000  7.0000  3.0200 10.5400
