1651 2 0 0 0
1
1984
944
-1184
-1120
248
392
-23
528
688
-816
-1696
156
2112
912
-1568
-1504
528
1120
90
-156
196
-496
-1120
248
1888
720
-1760
-1632
848
1696
78
-880
-244
-33
-488
236
1440
488
-1760
-1504
1056
1984
-35
-1504
-528
528
196
82
752
236
-1440
-1184
1184
1984
-212
-1952
-688
1056
784
-196
-7
57
-912
-816
1056
1824
-376
-2112
-688
1568
1184
-528
-752
-9
-204
-360
784
1312
-472
-1984
-528
1888
1376
-944
-1376
39
528
29
312
752
-440
-1696
-344
1952
1376
-1248
-1824
188
1248
312
-264
122
-248
-1056
-148
1696
1120
-1376
-1952
392
1824
456
-912
-456
61
-360
-15
1248
848
-1376
-1824
592
2112
456
-1440
-880
472
392
3
560
456
-1120
-1440
688
2112
328
-1888
-1120
912
992
-94
-188
114
-624
-976
656
1888
164
-1984
-1184
1312
1504
-280
-944
-132
-27
-376
488
1376
1
-1952
-992
1568
1760
-528
-1568
-248
656
164
140
688
-94
-1568
-784
1632
1760
-784
-1984
-244
1312
592
-328
-23
-74
-944
-472
1376
1504
-944
-2112
-122
1824
880
-848
-688
70
-196
-188
976
1056
-944
-1984
43
1984
944
-1312
-1184
312
560
15
376
560
-752
-1568
188
1984
880
-1632
-1504
624
1248
98
-344
78
-392
-992
248
1824
656
-1824
-1632
944
1760
59
-1056
-328
98
-312
212
1248
408
-1696
-1440
1120
1984
-74
-1632
-592
656
344
23
560
180
-1312
-1120
1184
1984
-248
-1984
-688
1184
912
-280
-204
27
-720
-688
992
1696
-408
-2112
-656
1696
1248
-656
-944
-7
-15
-248
688
1184
-472
-1984
-496
1888
1376
-992
-1504
70
720
114
180
592
-408
-1568
-280
1888
1312
-1248
-1888
244
1376
360
-440
-33
-188
-912
-106
1632
1056
-1376
-1952
456
1888
472
-1056
-560
156
-172
1
1056
752
-1312
-1760
624
2112
440
-1568
-976
592
560
-7
392
360
-992
-1312
688
2112
296
-1952
-1120
992
1184
-132
-376
41
-496
-816
624
1760
118
-1984
-1120
1376
1632
-344
-1120
-180
140
-244
408
1184
-31
-1888
-992
1568
1760
-592
-1696
-248
816
280
33
496
-98
-1376
-688
1568
1696
-816
-1984
-220
1440
688
-456
-204
-49
-752
-392
1312
1376
-944
-2112
-82
1888
912
-976
-848
124
1
-124
848
976
-912
-1888
82
2112
944
-1376
-1312
392
752
49
204
456
-688
-1440
220
1984
816
-1696
-1568
688
1376
98
-496
-33
-280
-816
248
1696
592
-1760
-1568
992
1888
31
-1184
-408
244
-140
180
1120
344
-1632
-1376
1120
1984
-118
-1760
-624
816
496
-41
376
132
-1184
-992
1120
1952
-296
-2112
-688
1312
992
-360
-392
7
-560
-592
976
1568
-440
-2112
-624
1760
1312
-752
-1056
1
172
-156
560
1056
-472
-1888
-456
1952
1376
-1056
-1632
106
912
188
33
440
-360
-1376
-244
1888
1248
-1312
-1888
280
1568
408
-592
-180
-114
-720
-70
1
1984
912
-1184
-992
248
280
-35
656
720
-976
-1760
360
2112
656
-1632
-1184
624
816
-1
164
312
-848
-1248
624
1984
312
-1952
-1184
1056
1184
-164
-408
33
-528
-784
752
1760
-49
-2112
-976
1504
1440
-488
-944
-62
-47
-328
656
1312
-344
-1984
-624
1824
1440
-912
-1376
35
496
1
376
816
-496
-1760
-248
1984
1248
-1312
-1632
296
1056
164
-59
312
-488
-1312
82
1952
944
-1632
-1696
688
1504
124
-592
-70
-248
-784
280
1696
528
-1824
-1504
1056
1824
-90
-1120
-296
140
-264
312
1248
164
-1824
-1184
1440
1888
-440
-1632
-312
656
164
140
720
-86
-1568
-784
1632
1696
-816
-1888
-148
1184
440
-204
188
-172
-1184
-392
1632
1376
-1184
-1984
156
1632
528
-688
-280
-61
-656
-86
1440
992
-1376
-1888
528
1984
408
-1184
-592
236
-86
57
1056
560
-1440
-1568
912
2112
132
-1696
-752
656
424
7
528
236
-1248
-1184
1120
1984
-228
-1984
-688
1120
784
-228
-23
25
-944
-720
1184
1760
-592
-2112
-440
1632
976
-624
-560
7
-424
-344
1056
1312
-880
-1984
-94
1984
944
-1056
-976
188
140
-74
784
848
-992
-1824
264
2112
752
-1568
-1184
528
688
5
296
408
-912
-1376
560
2112
408
-1888
-1184
976
1120
-106
-248
86
-624
-912
720
1888
41
-1984
-992
1376
1376
-392
-816
-57
-180
-440
688
1440
-280
-1984
-720
1760
1440
-784
-1248
-5
360
-62
472
944
-488
-1824
-344
1984
1312
-1184
-1568
228
944
140
62
440
-496
-1440
5
1984
992
-1568
-1696
560
1376
148
-456
9
-328
-944
248
1760
624
-1824
-1568
992
1760
-21
-992
-248
31
-392
328
1376
248
-1888
-1248
1376
1888
-344
-1504
-328
496
70
204
880
-37
-1696
-880
1632
1760
-720
-1888
-204
1056
392
-102
312
-172
-1312
-488
1696
1504
-1056
-1984
74
1568
496
-528
-180
-110
-784
-148
1504
1120
-1376
-1952
440
1952
456
-1056
-528
140
-228
37
1184
688
-1440
-1696
816
2112
212
-1568
-720
528
296
39
688
312
-1312
-1312
1056
1984
-132
-1952
-720
992
720
-148
118
61
-992
-848
1184
1824
-496
-2112
-496
1504
944
-496
-440
-3
-560
-424
1120
1440
-816
-2112
-188
1888
976
-976
-880
124
1
-124
880
976
-976
-1888
188
2112
816
-1440
-1120
424
560
3
440
496
-944
-1504
496
2112
496
-1824
-1184
848
992
-61
-118
148
-720
-992
720
1952
132
-1984
-1056
1312
1312
-312
-688
-39
-296
-528
720
1568
-212
-2112
-816
1696
1440
-688
-1184
-37
228
-140
528
1056
-456
-1952
-440
1952
1376
-1120
-1504
148
784
110
180
528
-496
-1568
-74
1984
1056
-1504
-1696
488
1312
172
-312
102
-392
-1056
204
1888
720
-1760
-1632
880
1696
37
-880
-204
-70
-496
328
1504
344
-1888
-1376
1248
1888
-248
-1376
-328
392
-31
248
992
21
-1760
-992
1568
