1651 2 0 0 0
1
2112
1056
-1568
-1824
592
1984
440
-1824
-1312
1056
1824
-148
-1824
-752
1312
1312
-592
-1504
-204
1312
816
-784
-1056
172
992
328
-688
-560
296
560
29
-392
-164
148
114
-7
59
41
-212
-244
220
496
-11
-688
-376
624
816
-312
-1120
-236
1120
880
-816
-1376
148
1632
656
-1376
-1440
688
1888
228
-1824
-1184
1312
1888
-360
-2112
-688
1824
1632
-976
-2112
-86
1984
1120
-1440
-1824
528
1984
496
-1760
-1376
992
1824
-70
-1760
-784
1248
1312
-496
-1440
-244
1184
784
-688
-992
118
912
312
-592
-496
228
472
37
-264
-114
66
5
15
180
82
-296
-328
248
624
13
-784
-456
688
912
-312
-1184
-296
1184
976
-816
-1504
98
1696
752
-1376
-1504
656
1952
312
-1888
-1248
1248
1952
-280
-2112
-784
1760
1696
-912
-2112
-164
1984
1184
-1376
-1888
440
1984
560
-1632
-1376
912
1760
1
-1632
-784
1120
1248
-424
-1376
-280
1056
752
-592
-912
70
784
296
-488
-440
164
344
35
-156
-45
-9
-102
31
296
132
-392
-440
280
720
49
-880
-528
720
992
-280
-1312
-376
1248
1056
-816
-1568
33
1696
848
-1376
-1632
592
1984
392
-1888
-1376
1184
1984
-212
-2112
-880
1696
1760
-816
-2112
-248
1984
1248
-1312
-1888
344
1952
624
-1568
-1376
816
1696
66
-1568
-816
992
1248
-344
-1248
-296
976
720
-496
-816
29
688
264
-376
-344
110
236
25
-45
27
-78
-212
37
408
196
-472
-528
312
848
94
-976
-624
784
1120
-248
-1376
-456
1312
1184
-784
-1696
-35
1760
944
-1376
-1696
528
1984
488
-1888
-1440
1120
1984
-124
-2112
-944
1632
1760
-752
-2112
-328
1952
1248
-1184
-1888
264
1952
688
-1504
-1376
720
1632
124
-1440
-816
944
1184
-264
-1184
-312
880
656
-408
-720
1
560
244
-280
-248
61
118
3
61
106
-140
-328
33
496
248
-528
-624
312
976
140
-992
-720
784
1248
-228
-1504
-528
1312
1248
-752
-1760
-110
1824
992
-1312
-1760
488
1984
560
-1824
-1504
1056
1984
-43
-2112
-992
1568
1824
-656
-2112
-408
1888
1312
-1120
-1824
188
1824
720
-1376
-1376
624
1568
180
-1312
-816
816
1120
-204
-1056
-328
752
592
-328
-624
-21
440
196
-196
-164
23
1
-23
164
196
-196
-440
21
624
328
-592
-752
328
1056
204
-1120
-816
816
1312
-180
-1568
-624
1376
1376
-720
-1824
-188
1824
1120
-1312
-1888
408
2112
656
-1824
-1568
992
2112
43
-1984
-1056
1504
1824
-560
-1984
-488
1760
1312
-992
-1824
110
1760
752
-1248
-1312
528
1504
228
-1248
-784
720
992
-140
-976
-312
624
528
-248
-496
-33
328
140
-106
-61
-3
-118
-61
248
280
-244
-560
1
720
408
-656
-880
312
1184
264
-1184
-944
816
1440
-124
-1632
-720
1376
1504
-688
-1952
-264
1888
1184
-1248
-1952
328
2112
752
-1760
-1632
944
2112
124
1
2112
992
-1568
-1760
688
1984
328
-1824
-1184
1184
1696
-296
-1696
-496
1312
1056
-688
-1248
13
1056
488
-688
-688
248
624
78
-376
-180
122
78
3
132
74
-296
-328
280
656
-17
-848
-456
816
976
-440
-1312
-196
1376
944
-1056
-1568
344
1888
560
-1696
-1440
992
1984
-74
-1984
-944
1632
1760
-784
-2112
-264
1984
1184
-1312
-1824
408
1952
528
-1632
-1248
912
1632
-74
-1504
-624
992
992
-440
-1056
-114
848
456
-456
-496
102
360
66
-124
-23
-39
-180
17
392
220
-488
-560
312
912
106
-1056
-688
880
1248
-344
-1568
-424
1504
1184
-976
-1824
132
1952
848
-1632
-1696
848
2112
196
-1984
-1184
1440
1888
-496
-2112
-496
1824
1376
-1056
-1824
156
1824
720
-1312
-1312
624
1440
110
-1248
-656
784
912
-244
-848
-172
560
360
-236
-296
17
90
-5
102
188
-140
-456
-37
624
408
-592
-848
280
1120
280
-1184
-944
848
1504
-172
-1696
-688
1504
1440
-848
-1952
-114
1984
1056
-1504
-1888
592
2112
472
-1952
-1376
1184
1984
-244
-1984
-752
1568
1440
-816
-1760
-74
1632
816
-1056
-1248
392
1248
244
-992
-624
528
752
-90
-560
-172
296
196
-66
-41
1
-172
-140
280
440
-180
-720
-156
848
656
-656
-1120
180
1376
496
-1248
-1184
784
1696
35
-1824
-944
1440
1696
-624
-1984
-376
1952
1312
-1312
-1984
328
2112
720
-1760
-1568
976
1984
13
-1888
-912
1312
1504
-528
-1632
-264
1376
880
-816
-1120
188
1056
312
-720
-528
312
496
1
-312
-98
74
-5
39
228
53
-408
-328
408
688
-148
-976
-328
976
912
-656
-1376
23
1568
752
-1248
-1504
624
1888
280
-1888
-1184
1312
1888
-392
-2112
-656
1824
1568
-1056
-1984
59
1984
944
-1568
-1632
688
1952
248
-1696
-992
1056
1440
-296
-1440
-392
1056
848
-560
-976
35
784
312
-456
-392
140
264
19
-47
33
-110
-248
82
496
164
-592
-560
472
976
-57
-1184
-560
1056
1184
-560
-1632
-188
1632
992
-1248
-1696
440
1984
528
-1824
-1440
1120
1984
-132
-2112
-912
1696
1696
-816
-1984
-204
1952
1120
-1312
-1696
440
1824
440
-1440
-1056
816
1312
-98
-1184
-472
848
752
-344
-752
-57
496
244
-228
-196
27
1
-27
196
228
-244
-496
57
752
344
-752
-848
472
1184
98
-1312
-816
1056
1440
-440
-1824
-440
1696
1312
-1120
-1952
204
1984
816
-1696
-1696
912
2112
132
-1984
-1120
1440
1824
-528
-1984
-440
1696
1248
-992
-1632
188
1632
560
-1184
-1056
560
1184
57
-976
-472
560
592
-164
-496
-82
248
110
-33
47
-19
-264
-140
392
456
-312
-784
-35
976
560
-848
-1056
392
1440
296
-1440
-1056
992
1696
-248
-1952
-688
1632
1568
-944
-1984
-59
1984
1056
-1568
-1824
656
2112
392
-1888
-1312
1184
1888
-280
-1888
-624
1504
1248
-752
-1568
-23
1376
656
-912
