1651 2 0 0 0
1
1984
1120
-1120
-1504
74
944
312
-132
180
-66
-944
-592
1120
1632
-360
-2112
-912
1568
1760
-440
-1632
-472
752
496
-61
188
172
-784
-992
528
1824
496
-1824
-1632
848
1984
344
-1440
-944
456
592
29
156
376
-488
-1248
-118
1696
1248
-1184
-1984
-33
1952
1056
-976
-1248
43
592
122
110
496
-94
-1248
-752
1248
1824
-344
-2112
-912
1504
1632
-360
-1312
-376
488
196
45
560
296
-992
-1248
592
1984
560
-1824
-1632
784
1888
328
-1184
-720
280
244
-21
488
624
-624
-1504
-164
1888
1376
-1184
-1984
-62
1760
976
-784
-976
17
244
-78
344
848
-110
-1504
-912
1376
1952
-312
-2112
-912
1376
1440
-264
-992
-248
204
-114
132
912
424
-1248
-1440
624
2112
592
-1760
-1568
688
1632
296
-880
-488
114
-124
-86
816
880
-752
-1760
-212
1952
1376
-1120
-1984
-86
1568
816
-592
-624
1
-114
-280
560
1120
-110
-1760
-992
1376
1952
-264
-1984
-880
1184
1184
-196
-656
-118
-82
-440
220
1184
528
-1376
-1632
624
2112
624
-1696
-1504
592
1376
248
-592
-220
-41
-496
-156
1056
1056
-816
-1952
-248
1984
1440
-1056
-1824
-106
1312
656
-392
-280
1
-472
-496
752
1440
-98
-1952
-1056
1440
1952
-236
-1888
-784
976
944
-122
-312
35
-360
-752
280
1504
656
-1568
-1760
624
2112
624
-1568
-1312
488
1056
180
-264
57
-188
-848
-236
1312
1248
-880
-1984
-296
1952
1376
-976
-1632
-110
992
456
-180
62
7
-816
-688
912
1696
-78
-1984
-1120
1376
1888
-188
-1632
-688
752
656
-53
59
196
-592
-992
312
1760
752
-1632
-1824
560
1984
624
-1376
-1120
360
720
94
43
344
-312
-1184
-312
1504
1440
-912
-2112
-328
1888
1312
-848
-1376
-102
688
228
21
424
27
-1120
-880
992
1888
-49
-1984
-1184
1312
1760
-140
-1376
-528
496
328
3
424
360
-848
-1312
344
1952
816
-1632
-1824
528
1952
560
-1120
-912
236
376
-5
344
624
-424
-1440
-392
1696
1568
-912
-2112
-344
1696
1184
-688
-1056
-82
344
-9
220
784
59
-1376
-1056
1120
1984
-15
-1984
-1120
1184
1632
-98
-1056
-392
248
-5
51
784
528
-992
-1504
360
1984
880
-1632
-1760
472
1760
496
-912
-624
118
1
-118
624
912
-496
-1760
-472
1760
1632
-880
-1984
-360
1504
992
-528
-784
-51
5
-248
392
1056
98
-1632
-1184
1120
1984
15
-1984
-1120
1056
1376
-59
-784
-220
9
-344
82
1056
688
-1184
-1696
344
2112
912
-1568
-1696
392
1440
424
-624
-344
5
-376
-236
912
1120
-560
-1952
-528
1824
1632
-816
-1952
-344
1312
848
-360
-424
-3
-328
-496
528
1376
140
-1760
-1312
1184
1984
49
-1888
-992
880
1120
-27
-424
-21
-228
-688
102
1376
848
-1312
-1888
328
2112
912
-1440
-1504
312
1184
312
-344
-43
-94
-720
-360
1120
1376
-624
-1984
-560
1824
1
1984
1120
-1120
-1440
122
848
228
-47
296
-140
-1120
-560
1312
1632
-592
-2112
-624
1696
1440
-624
-1312
-196
528
140
98
592
98
-1248
-1056
1056
1952
1
-1984
-1120
1248
1568
-140
-1056
-344
244
-66
94
880
472
-1184
-1504
560
2112
624
-1760
-1568
688
1568
244
-752
-328
27
-344
-74
992
944
-976
-1888
1
1984
1184
-1312
-1760
156
1312
472
-424
-172
-43
-624
-392
1056
1376
-528
-1984
-624
1824
1632
-752
-1696
-280
976
496
-156
82
49
-816
-784
880
1760
1
-1984
-1184
1312
1888
-172
-1504
-560
592
408
-7
360
296
-880
-1184
496
1952
592
-1824
-1632
784
1888
312
-1184
-688
280
180
-21
592
656
-752
-1568
1
1984
1184
-1376
-1952
188
1696
688
-784
-624
62
-94
-196
688
1056
-456
-1824
-592
1760
1696
-816
-1984
-344
1376
848
-408
-456
-1
-344
-488
624
1376
1
-1888
-1120
1376
1984
-204
-1824
-752
944
848
-114
-180
90
-496
-848
392
1696
528
-1696
-1696
816
1984
376
-1504
-992
496
688
29
94
328
-496
-1184
1
1760
1120
-1312
-1984
204
1952
848
-1056
-1056
164
440
11
296
656
-328
-1504
-496
1632
1632
-816
-2112
-392
1632
1120
-624
-944
-57
156
-156
360
992
1
-1632
-1056
1312
1984
-212
-1984
-912
1184
1248
-212
-688
-118
-86
-440
264
1248
456
-1504
-1568
816
2112
408
-1760
-1248
720
1184
82
-408
-15
-220
-752
1
1440
976
-1248
-1952
212
2112
976
-1312
-1440
248
976
220
-124
212
-188
-992
-408
1376
1440
-784
-2112
-424
1824
1376
-816
-1376
-106
656
188
66
496
1
-1184
-880
1120
1888
-212
-2112
-992
1376
1568
-296
-1184
-312
328
13
114
784
344
-1248
-1376
752
2112
424
-1888
-1440
880
1568
124
-880
-360
86
-248
1
992
784
-1056
-1760
204
2112
992
-1440
-1696
328
1376
408
-528
-244
-35
-528
-264
1056
1248
-688
-1984
-424
1952
1504
-944
-1760
-148
1056
496
-236
-7
1
-784
-656
944
1632
-196
-1984
-992
1504
1824
-360
-1568
-496
720
456
-41
264
196
-880
-1056
656
1952
408
-1888
-1504
976
1888
164
-1312
-656
376
264
1
496
496
-816
-1504
180
1984
992
-1504
-1888
392
1760
560
-912
-656
122
1
-122
656
912
-560
-1760
-392
1888
1504
-992
-1984
-180
1504
816
-496
-496
1
-264
-376
656
1312
-164
-1888
-976
1504
1888
-408
-1952
-656
1056
880
-196
-264
41
-456
-720
496
1568
360
-1824
-1504
992
1984
196
-1632
-944
656
784
1
7
236
-496
-1056
148
1760
944
-1504
-1952
424
1984
688
-1248
-1056
264
528
35
244
528
-408
-1376
-328
1696
1440
-992
-2112
-204
1760
1056
-784
-992
1
248
-86
360
880
-124
-1568
-880
1440
1888
-424
-2112
-752
1376
1248
-344
-784
-114
-13
-328
312
1184
296
-1568
-1376
992
2112
212
-1888
-1120
880
1184
