1651 2 0 0 0
1
2112
688
-1888
-1248
1440
1696
-880
-1952
244
1952
376
-1760
-912
1376
1248
-912
-1504
376
1440
110
-1312
-488
992
720
-656
-816
296
752
-29
-560
-132
360
180
-156
-102
15
-57
23
244
53
-408
-244
488
496
-456
-784
264
992
39
-1184
-456
1184
912
-992
-1312
624
1632
-148
-1824
-440
1760
992
-1504
-1568
992
1952
-440
-2112
-244
1984
912
-1824
-1504
1312
1888
-688
-2112
15
1984
624
-1824
-1184
1376
1568
-816
-1760
228
1696
312
-1504
-752
1120
992
-720
-1120
280
1056
70
-880
-312
624
424
-360
-408
140
280
-7
-102
-1
-78
-98
196
280
-220
-496
110
720
122
-848
-456
848
816
-688
-1120
392
1440
41
-1568
-560
1504
1056
-1184
-1568
784
1888
-188
-1984
-472
1952
1056
-1632
-1632
1056
1984
-472
-2112
-228
1984
880
-1760
-1440
1248
1824
-656
-1952
29
1888
560
-1632
-992
1184
1312
-688
-1440
196
1376
236
-1120
-528
848
720
-488
-720
180
624
33
-440
-132
228
110
-49
13
-41
-196
17
392
124
-496
-360
528
656
-440
-944
196
1120
172
-1248
-624
1184
1056
-944
-1504
496
1760
35
-1824
-624
1696
1184
-1376
-1696
848
1984
-220
-2112
-472
1984
1120
-1632
-1632
1120
1984
-472
-2112
-204
1984
816
-1632
-1312
1184
1632
-592
-1696
39
1632
456
-1312
-816
976
992
-528
-1056
148
944
148
-720
-328
488
376
-236
-296
62
140
1
41
49
-196
-204
264
440
-228
-656
51
848
244
-944
-592
880
992
-656
-1312
280
1568
212
-1632
-752
1440
1248
-1120
-1696
592
1984
23
-1984
-688
1888
1312
-1440
-1824
912
1984
-236
-2112
-456
1984
1056
-1632
-1568
1056
1888
-456
-1952
-172
1760
720
-1440
-1120
992
1312
-496
-1376
41
1248
328
-992
-560
656
688
-344
-624
86
488
66
-280
-98
94
17
37
140
-66
-344
-19
496
228
-592
-496
560
816
-408
-1056
90
1248
328
-1312
-816
1120
1248
-848
-1632
344
1888
236
-1888
-848
1632
1440
-1248
-1888
656
2112
7
-2112
-688
1952
1312
-1504
-1760
912
1984
-244
-1984
-408
1888
976
-1440
-1376
976
1632
-408
-1632
-124
1440
560
-1120
-880
784
992
-376
-976
35
816
204
-560
-312
328
296
-124
-180
13
1
-13
180
124
-296
-328
312
560
-204
-816
-35
976
376
-992
-784
880
1120
-560
-1440
124
1632
408
-1632
-976
1376
1440
-976
-1888
408
1984
244
-1984
-912
1760
1504
-1312
-1952
688
2112
-7
-2112
-656
1888
1248
-1440
-1632
848
1888
-236
-1888
-344
1632
848
-1248
-1120
816
1312
-328
-1248
-90
1056
408
-816
-560
496
592
-228
-496
19
344
66
-140
-37
-17
-94
98
280
-66
-488
-86
624
344
-688
-656
560
992
-328
-1248
-41
1376
496
-1312
-992
1120
1440
-720
-1760
172
1952
456
-1888
-1056
1568
1632
-1056
-1984
456
2112
236
-1984
-912
1824
1
2112
656
-1952
-1184
1504
1632
-976
-1888
376
1888
212
-1696
-688
1376
992
-944
-1184
496
1184
-86
-992
-212
784
376
-488
-392
228
280
-51
-82
1
-132
-82
312
280
-392
-528
344
848
-148
-1056
-172
1184
592
-1184
-1056
976
1440
-592
-1760
78
1888
496
-1824
-1056
1568
1632
-1056
-1984
496
2112
148
-2112
-784
1824
1312
-1376
-1696
848
1888
-236
-1888
-328
1632
784
-1248
-1056
848
1184
-392
-1120
7
976
264
-720
-392
424
376
-172
-244
27
33
-7
180
118
-344
-328
392
624
-312
-912
86
1120
264
-1184
-688
1120
1120
-912
-1568
488
1824
51
-1888
-656
1824
1248
-1440
-1696
976
1984
-360
-2112
-296
1984
944
-1760
-1440
1248
1760
-688
-1888
98
1824
456
-1568
-880
1184
1120
-720
-1184
296
1120
62
-912
-296
624
392
-360
-344
132
196
-11
15
21
-228
-156
360
392
-392
-688
280
976
-15
-1120
-360
1184
816
-1056
-1248
816
1632
-376
-1888
-188
1888
784
-1760
-1376
1376
1824
-848
-1984
204
2112
456
-1984
-1056
1632
1504
-1120
-1824
560
1888
35
-1760
-560
1504
944
-1056
-1184
624
1184
-204
-1056
-132
880
344
-560
-392
296
328
-94
-148
1
-66
-43
264
212
-376
-472
376
752
-228
-992
-61
1184
456
-1184
-912
1056
1312
-720
-1696
248
1888
328
-1888
-944
1696
1440
-1248
-1888
688
2112
-51
-2112
-592
1952
1184
-1568
-1632
992
1888
-424
-1888
-164
1760
656
-1376
-992
976
1184
-528
-1184
118
1056
196
-784
-360
496
392
-244
-280
61
102
1
118
70
-296
-248
392
528
-360
-816
172
1056
140
-1184
-560
1184
992
-992
-1440
624
1760
-124
-1888
-472
1888
1056
-1568
-1568
1120
1952
-528
-2112
-102
2112
752
-1888
-1312
1440
1696
-880
-1888
280
1888
280
-1696
-752
1312
1056
-880
-1184
424
1184
-33
-992
-244
720
392
-440
-376
196
248
-35
-51
3
-164
-106
328
312
-392
-592
328
880
-110
-1120
-236
1184
656
-1120
-1120
944
1504
-496
-1824
-5
1888
592
-1824
-1184
1504
1696
-992
-1984
408
2112
248
-1984
-880
1760
1376
-1312
-1760
752
1888
-140
-1824
-408
1568
848
-1184
-1120
784
1184
-328
-1120
-41
944
280
-656
-392
376
360
-148
-212
15
1
-15
212
148
-360
-376
392
656
-280
-944
41
1120
328
-1184
-784
1120
1184
-848
-1568
408
1824
140
-1888
-752
1760
1312
-1376
-1760
880
1984
-248
-2112
-408
1984
992
-1696
-1504
1184
1824
-592
-1888
5
1824
496
-1504
-944
1120
1120
-656
-1184
236
1120
110
-880
-328
592
392
-312
-328
106
164
-3
51
35
-248
-196
376
440
-392
-720
244
992
33
-1184
-424
1184
880
-1056
-1312
752
1696
-280
-1888
-280
1888
880
-1696
-1440
1312
1888
-752
-2112
102
2112
528
-1952
-1120
1568
1568
-1056
-1888
472
1888
124
-1760
-624
1440
992
-992
-1184
560
1184
