1651 2 0 0 0
1
2112
280
-2112
-560
1984
816
-1824
-992
1632
1184
-1440
-1312
1184
1440
-944
-1440
688
1440
-440
-1376
228
1248
-41
-1056
-98
944
196
-720
-244
528
236
-344
-188
164
86
-21
47
-86
-212
148
392
-172
-592
140
784
-61
-976
-62
1120
236
-1248
-440
1312
656
-1312
-912
1312
1120
-1248
-1376
1120
1632
-976
-1824
752
1984
-496
-1984
228
2112
59
-2112
-344
2112
624
-1984
-880
1888
1120
-1696
-1312
1440
1440
-1184
-1504
944
1568
-688
-1568
440
1504
-204
-1376
9
1248
140
-1056
-248
880
312
-656
-328
472
280
-280
-204
124
82
-3
74
-74
-248
110
440
-94
-624
31
816
82
-976
-236
1056
424
-1184
-656
1184
880
-1184
-1120
1120
1376
-992
-1568
880
1824
-656
-1952
440
1984
-164
-2112
-118
2112
408
-2112
-688
1984
944
-1888
-1184
1696
1376
-1440
-1504
1184
1632
-944
-1696
656
1696
-408
-1632
180
1504
27
-1376
-196
1184
312
-992
-392
784
424
-560
-392
392
328
-228
-212
86
66
5
102
-57
-280
57
488
-7
-656
-86
816
228
-976
-408
1056
624
-1056
-848
1056
1056
-1056
-1312
944
1568
-784
-1760
592
1888
-360
-1984
106
1984
172
-2112
-456
1984
752
-1984
-992
1824
1248
-1632
-1440
1440
1632
-1184
-1696
944
1760
-656
-1760
392
1696
-140
-1632
-70
1504
248
-1312
-392
1120
488
-912
-496
688
496
-488
-456
312
344
-164
-212
55
49
9
132
-27
-312
-3
496
86
-656
-212
816
376
-912
-560
976
784
-976
-992
944
1248
-848
-1440
720
1696
-528
-1824
296
1952
-47
-1984
-228
1984
496
-1984
-784
1952
1056
-1824
-1312
1632
1504
-1440
-1696
1120
1824
-912
-1888
624
1888
-360
-1824
106
1696
124
-1568
-312
1376
472
-1184
-560
992
624
-784
-624
560
560
-392
-488
236
360
-106
-204
25
23
5
156
7
-344
-74
496
188
-656
-344
784
528
-848
-720
880
976
-848
-1184
752
1376
-624
-1568
456
1760
-244
-1888
-5
1984
264
-1984
-560
1984
848
-1888
-1056
1760
1312
-1632
-1568
1376
1760
-1120
-1888
880
1952
-592
-1952
312
1888
-59
-1824
-180
1696
376
-1504
-528
1312
656
-1056
-720
880
752
-656
-720
472
624
-280
-496
148
360
-55
-188
5
1
-5
188
55
-360
-148
496
280
-624
-472
720
656
-752
-880
720
1056
-656
-1312
528
1504
-376
-1696
180
1824
59
-1888
-312
1952
592
-1952
-880
1888
1120
-1760
-1376
1568
1632
-1312
-1760
1056
1888
-848
-1984
560
1984
-264
-1984
5
1888
244
-1760
-456
1568
624
-1376
-752
1184
848
-976
-880
720
848
-528
-784
344
656
-188
-496
74
344
-7
-156
-5
-23
-25
204
106
-360
-236
488
392
-560
-560
624
784
-624
-992
560
1184
-472
-1376
312
1568
-124
-1696
-106
1824
360
-1888
-624
1888
912
-1824
-1120
1696
1440
-1504
-1632
1312
1824
-1056
-1952
1
2112
248
-2112
-496
1984
720
-1888
-912
1696
1056
-1440
-1120
1184
1184
-992
-1184
752
1120
-528
-992
344
912
-180
-720
61
496
7
-296
-25
82
-5
124
90
-312
-220
488
392
-592
-592
688
816
-720
-992
688
1248
-624
-1504
496
1696
-344
-1824
148
1952
78
-1984
-328
1984
560
-1984
-816
1952
1056
-1824
-1248
1632
1440
-1440
-1568
1184
1632
-976
-1632
720
1632
-488
-1568
264
1440
-78
-1248
-70
1056
172
-880
-228
624
236
-424
-180
212
86
-25
53
-124
-228
244
440
-296
-656
312
880
-280
-1056
188
1312
-55
-1440
-122
1632
328
-1696
-560
1760
816
-1760
-1056
1696
1312
-1568
-1504
1440
1696
-1248
-1824
992
1952
-784
-1984
496
1984
-264
-1952
37
1824
172
-1696
-344
1504
488
-1312
-560
1056
592
-848
-592
624
528
-408
-424
236
264
-90
-86
-5
-122
55
344
-53
-560
1
784
102
-976
-248
1120
440
-1248
-656
1312
880
-1312
-1120
1312
1376
-1184
-1568
1056
1760
-912
-1952
688
1984
-472
-2112
212
2112
41
-2112
-280
1984
496
-1952
-720
1760
880
-1568
-992
1312
1056
-1056
-1056
848
1056
-624
-976
424
848
-244
-656
114
472
-29
-264
-5
43
-9
172
78
-376
-196
528
344
-688
-528
784
752
-848
-992
848
1184
-784
-1440
688
1632
-528
-1824
344
1952
-118
-1984
-122
2112
376
-2112
-624
1984
880
-1952
-1056
1760
1248
-1568
-1376
1312
1504
-1120
-1568
880
1568
-624
-1504
408
1376
-204
-1248
45
1056
74
-848
-140
624
164
-408
-132
188
53
5
74
-172
-244
296
440
-376
-656
408
880
-392
-1056
312
1312
-196
-1504
29
1632
172
-1760
-392
1824
624
-1888
-880
1824
1120
-1696
-1376
1568
1568
-1376
-1696
1184
1824
-976
-1952
720
1952
-456
-1888
220
1824
1
-1696
-188
1504
344
-1312
-440
1056
496
-880
-496
624
456
-424
-360
244
220
-86
-45
-25
-156
90
376
-106
-592
70
816
17
-992
-148
1184
328
-1312
-528
1376
752
-1440
-992
1440
1248
-1376
-1504
1248
1696
-1056
-1888
912
1984
-656
-2112
424
2112
-164
-2112
-82
1984
312
-1952
-528
1824
688
-1632
-848
1376
944
-1120
-976
944
944
-688
-880
488
752
-296
-592
156
424
-57
-220
5
1
-5
220
57
-424
-156
592
296
-752
-488
880
688
-944
-944
976
1120
-944
-1376
848
1632
-688
-1824
528
1952
-312
-1984
82
2112
164
-2112
-424
2112
656
-1984
-912
1888
1056
-1696
-1248
1504
1376
-1248
-1440
992
1440
-752
-1376
528
1312
-328
-1184
148
992
-17
-816
-70
592
106
-376
-90
156
25
45
86
-220
-244
360
424
-456
-624
496
880
-496
-1056
440
1312
-344
-1504
188
1696
1
-1824
-220
1888
456
-1952
-720
1952
976
-1824
-1184
1696
1376
-1568
-1568
1376
1696
-1120
-1824
880
1888
-624
-1824
392
1760
-172
-1632
-29
1504
196
-1312
-312
