1651 2 0 0 0
1
1984
1184
-1248
-1888
114
1824
912
-1056
-1376
156
1120
472
-592
-560
82
264
31
86
264
-118
-688
-312
816
992
-392
-1504
-496
1440
1504
-688
-1984
-496
1824
1632
-880
-2112
-408
1824
1440
-880
-1824
-228
1440
976
-656
-1120
-70
752
376
-236
-220
1
-148
-204
328
688
-39
-1056
-656
912
1440
-172
-1760
-912
1376
1824
-328
-2112
-944
1568
1888
-456
-1984
-752
1440
1504
-472
-1568
-456
992
880
-312
-752
-148
312
140
1
204
82
-496
-560
424
1120
188
-1312
-1056
848
1760
172
-1888
-1312
1120
1984
66
-1984
-1248
1248
1952
-55
-1824
-976
1056
1440
-122
-1184
-528
592
656
-74
-328
-62
-35
-212
90
624
312
-752
-976
344
1440
528
-1376
-1504
592
1984
560
-1760
-1696
816
2112
472
-1824
-1504
848
1888
280
-1440
-1056
656
1184
110
-784
-440
248
280
3
86
172
-280
-624
7
992
656
-848
-1376
114
1696
944
-1312
-1824
264
2112
992
-1568
-1888
392
1984
816
-1440
-1568
424
1632
496
-1056
-976
296
816
188
-360
-196
21
-132
-78
456
528
-360
-1056
-220
1184
1056
-784
-1760
-228
1824
1376
-1056
-1984
-132
1984
1312
-1184
-1984
-5
1824
992
-1056
-1504
78
1248
592
-624
-720
66
392
98
-11
156
-62
-560
-312
688
944
-280
-1440
-560
1312
1504
-528
-1984
-624
1696
1696
-752
-2112
-528
1824
1568
-784
-1888
-344
1504
1120
-624
-1248
-148
848
496
-280
-360
-11
-23
-140
228
560
13
-912
-656
784
1376
-62
-1632
-976
1248
1888
-204
-1984
-992
1504
1952
-328
-1984
-880
1440
1632
-376
-1632
-560
1056
992
-280
-880
-228
408
248
-41
66
70
-376
-496
312
992
248
-1120
-1056
688
1696
280
-1760
-1376
992
1984
204
-1984
-1376
1120
1984
70
-1824
-1120
992
1568
-35
-1312
-656
656
784
-55
-456
-140
57
-98
43
488
296
-624
-912
244
1376
592
-1248
-1504
488
1952
688
-1696
-1760
656
2112
592
-1760
-1632
752
1952
408
-1504
-1184
624
1312
196
-880
-560
296
424
25
-39
98
-180
-496
-37
848
656
-720
-1312
11
1632
992
-1184
-1888
132
1984
1056
-1440
-1952
264
1984
944
-1440
-1696
328
1696
624
-1056
-1056
264
944
264
-456
-312
57
1
-57
312
456
-264
-944
-264
1056
1056
-624
-1696
-328
1696
1440
-944
-1984
-264
1952
1440
-1056
-1984
-132
1888
1184
-992
-1632
-11
1312
720
-656
-848
37
496
180
-98
39
-25
-424
-296
560
880
-196
-1312
-624
1184
1504
-408
-1952
-752
1632
1760
-592
-2112
-656
1760
1696
-688
-1952
-488
1504
1248
-592
-1376
-244
912
624
-296
-488
-43
98
-57
140
456
55
-784
-656
656
1312
35
-1568
-992
1120
1824
-70
-1984
-1120
1376
1984
-204
-1984
-992
1376
1760
-280
-1696
-688
1056
1120
-248
-992
-312
496
376
-70
-66
41
-248
-408
228
880
280
-992
1
1984
1184
-1312
-1888
188
1760
784
-1056
-1184
236
992
312
-488
-344
61
1
-61
344
488
-312
-992
-236
1184
1056
-784
-1760
-188
1888
1312
-1184
-1984
1
1984
1184
-1312
-1888
188
1760
784
-1056
-1184
236
992
312
-488
-344
61
1
-61
344
488
-312
-992
-236
1184
1056
-784
-1760
-188
1888
1312
-1184
-1984
1
1984
1184
-1312
-1888
188
1760
784
-1056
-1184
236
992
312
-488
-344
61
1
-61
344
488
-312
-992
-236
1184
1056
-784
-1760
-188
1888
1312
-1184
-1984
1
1984
1184
-1312
-1888
188
1760
784
-1056
-1184
236
992
312
-488
-344
61
1
-61
344
488
-312
-992
-236
1184
1056
-784
-1760
-188
1888
1312
-1184
-1984
1
1984
1184
-1312
-1888
188
1760
784
-1056
-1184
236
992
312
-488
-344
61
1
-61
344
488
-312
-992
-236
1184
1056
-784
-1760
-188
1888
1312
-1184
-1984
1
1984
1184
-1312
-1888
188
1760
784
-1056
-1184
236
992
312
-488
-344
61
1
-61
344
488
-312
-992
-236
1184
1056
-784
-1760
-188
1888
1312
-1184
-1984
1
1984
1184
-1312
-1888
188
1760
784
-1056
-1184
236
992
312
-488
-344
61
1
-61
344
488
-312
-992
-236
1184
1056
-784
-1760
-188
1888
1312
-1184
-1984
1
1984
1184
-1312
-1888
188
1760
784
-1056
-1184
236
992
312
-488
-344
61
1
-61
344
488
-312
-992
-236
1184
1056
-784
-1760
-188
1888
1312
-1184
-1984
1
1984
1184
-1312
-1888
188
1760
784
-1056
-1184
236
992
312
-488
-344
61
1
-61
344
488
-312
-992
-236
1184
1056
-784
-1760
-188
1888
1312
-1184
-1984
1
1984
1184
-1312
-1888
188
1760
784
-1056
-1184
236
992
312
-488
-344
61
1
-61
344
488
-312
-992
-236
1184
1056
-784
-1760
-188
1888
1312
-1184
-1984
1
1984
1184
-1312
-1888
188
1760
784
-1056
-1184
236
992
312
-488
-344
61
1
-61
344
488
-312
-992
-236
1184
1056
-784
-1760
-188
1888
1312
-1184
-1984
1
1984
1184
-1312
-1888
188
1760
784
-1056
-1184
236
992
312
-488
-344
61
1
-61
344
488
-312
-992
-236
1184
1056
-784
-1760
-188
1888
1312
-1184
-1984
1
1984
1184
-1312
-1888
188
1760
784
-1056
-1184
236
992
312
-488
-344
61
1
-61
344
488
-312
-992
-236
1184
1056
-784
-1760
-188
1888
1312
-1184
-1984
1
1984
1184
-1312
-1888
188
1760
784
-1056
-1184
236
992
312
-488
-344
61
1
-61
344
488
-312
-992
-236
1184
1056
-784
-1760
-188
1888
1312
-1184
-1984
1
1984
1184
-1312
-1888
188
1760
784
-1056
-1184
236
992
312
-488
-344
61
1
-61
344
488
-312
-992
-236
1184
1056
-784
-1760
-188
1888
1312
-1184
-1984
1
1984
1184
-1312
-1888
188
1760
784
-1056
-1184
236
992
312
-488
-344
61
1
-61
344
488
-312
-992
-236
1184
1056
-784
-1760
-188
1888
1312
-1184
-1984
