1651 2 0 0 0
1
2112
488
-1952
-880
1632
1184
-1184
-1248
784
1184
-360
-992
74
656
62
-264
-27
-106
-172
376
496
-496
-912
488
1312
-264
-1632
-82
1888
528
-1888
-992
1760
1440
-1440
-1760
992
1952
-528
-1888
78
1696
296
-1376
-528
992
560
-560
-472
236
204
-11
156
-47
-528
-66
912
344
-1120
-720
1184
1184
-1120
-1632
880
1952
-472
-2112
-7
2112
496
-1984
-912
1696
1184
-1248
-1312
816
1312
-392
-1056
78
752
78
-360
-66
-5
-114
296
440
-456
-816
440
1248
-248
-1568
-86
1824
528
-1888
-992
1696
1440
-1440
-1760
992
1952
-528
-1952
74
1760
312
-1440
-560
1056
624
-656
-528
296
296
-51
49
-31
-440
-61
784
312
-1056
-688
1120
1120
-1056
-1568
848
1888
-456
-2112
-15
2112
496
-1984
-944
1696
1248
-1312
-1376
848
1376
-408
-1184
86
848
98
-472
-110
90
-53
220
344
-392
-752
408
1120
-236
-1504
-90
1760
496
-1824
-992
1696
1440
-1440
-1760
992
1984
-528
-1984
66
1824
328
-1504
-592
1120
688
-720
-624
344
392
-86
-57
-15
-328
-53
688
280
-976
-656
1056
1056
-992
-1504
816
1888
-440
-1984
-23
2112
496
-1984
-976
1760
1248
-1312
-1440
880
1440
-440
-1248
86
976
118
-560
-148
188
7
132
264
-328
-656
360
1056
-212
-1440
-90
1696
496
-1760
-976
1696
1440
-1376
-1760
992
1984
-528
-1984
62
1888
344
-1632
-624
1184
752
-784
-720
408
496
-124
-164
-1
-220
-43
592
248
-880
-592
992
992
-976
-1440
784
1824
-424
-1984
-33
2112
496
-1984
-976
1760
1312
-1376
-1504
912
1504
-456
-1376
90
1056
132
-656
-188
280
70
51
196
-264
-560
312
976
-196
-1312
-94
1568
496
-1696
-976
1632
1376
-1376
-1760
992
1984
-528
-1984
55
1952
376
-1696
-656
1248
816
-848
-784
456
592
-156
-264
7
-110
-33
488
228
-784
-560
944
976
-944
-1376
752
1760
-408
-1984
-41
2112
528
-1984
-992
1760
1312
-1376
-1568
912
1568
-472
-1440
94
1120
148
-784
-236
376
132
-31
114
-204
-472
264
880
-172
-1248
-94
1504
488
-1632
-944
1568
1376
-1376
-1760
992
1984
-528
-2112
49
1984
392
-1760
-720
1312
880
-912
-880
496
688
-196
-376
21
1
-21
376
196
-688
-496
880
912
-880
-1312
720
1760
-392
-1984
-49
2112
528
-1984
-992
1760
1376
-1376
-1568
944
1632
-488
-1504
94
1248
172
-880
-264
472
204
-114
31
-132
-376
236
784
-148
-1120
-94
1440
472
-1568
-912
1568
1376
-1312
-1760
992
1984
-528
-2112
41
1984
408
-1760
-752
1376
944
-976
-944
560
784
-228
-488
33
110
-7
264
156
-592
-456
784
848
-816
-1248
656
1696
-376
-1952
-55
1984
528
-1984
-992
1760
1376
-1376
-1632
976
1696
-496
-1568
94
1312
196
-976
-312
560
264
-196
-51
-70
-280
188
656
-132
-1056
-90
1
2112
456
-1952
-816
1632
1056
-1248
-1120
784
1056
-408
-784
122
424
1
1
49
-392
-264
688
624
-880
-1056
848
1440
-656
-1824
344
1984
82
-2112
-528
1984
944
-1760
-1248
1376
1376
-912
-1376
488
1120
-156
-816
-35
424
57
1
98
-344
-408
560
816
-624
-1248
496
1632
-244
-1952
-156
1984
592
-1984
-992
1760
1376
-1376
-1568
976
1632
-528
-1504
156
1184
98
-816
-188
392
106
1
140
-280
-496
408
944
-360
-1312
140
1696
212
-1888
-656
1888
1056
-1696
-1504
1376
1760
-992
-1888
528
1760
-124
-1504
-188
1120
344
-752
-328
328
148
1
172
-196
-592
220
992
-66
-1376
-244
1632
656
-1696
-1056
1632
1504
-1312
-1824
976
1984
-496
-1984
66
1824
296
-1440
-496
1056
560
-624
-456
248
180
1
204
-94
-624
11
992
236
-1312
-592
1440
1056
-1440
-1504
1184
1824
-880
-1984
440
2112
7
-1984
-408
1696
688
-1312
-816
880
752
-472
-528
164
204
1
212
7
-624
-196
976
496
-1120
-944
1184
1376
-1056
-1760
784
1984
-360
-2112
-94
2112
496
-1888
-848
1504
1056
-1056
-1056
656
912
-296
-592
62
212
1
212
114
-560
-392
848
784
-944
-1184
880
1632
-624
-1952
264
2112
180
-2112
-624
1952
992
-1632
-1248
1184
1312
-784
-1248
376
992
-90
-624
-43
204
1
196
212
-496
-560
688
976
-656
-1376
496
1760
-172
-1984
-248
1984
688
-1952
-1120
1696
1440
-1312
-1568
848
1568
-424
-1312
86
992
118
-592
-140
188
1
164
296
-392
-688
472
1120
-360
-1504
86
1824
296
-1952
-752
1888
1184
-1696
-1568
1312
1760
-880
-1824
440
1632
-47
-1376
-220
976
312
-528
-244
156
1
124
360
-264
-784
228
1184
-15
-1504
-328
1696
752
-1760
-1184
1568
1568
-1248
-1888
848
1984
-408
-1888
-13
1696
328
-1312
-496
880
496
-456
-312
122
1
82
408
-114
-816
-27
1184
328
-1440
-720
1504
1184
-1440
-1568
1184
1952
-784
-1984
344
1984
94
-1888
-456
1568
688
-1120
-752
720
656
-344
-376
74
1
29
424
41
-816
-280
1120
656
-1248
-1056
1248
1504
-992
-1888
688
2112
-264
-2112
-180
1984
592
-1760
-880
1376
992
-944
-976
496
752
-196
-408
21
1
-21
408
196
-752
-496
976
944
-992
-1376
880
1760
-592
-1984
180
2112
264
-2112
-688
1888
992
-1504
-1248
1056
1248
-656
-1120
280
816
-41
-424
-29
1
-74
376
344
-656
-720
752
1120
-688
-1568
456
1888
-94
-1984
-344
1984
784
-1952
-1184
1568
1440
-1184
-1504
720
1440
-328
-1184
27
816
114
-408
-82
1
-122
312
456
-496
-880
496
1312
-328
-1696
13
1888
408
-1984
-848
1888
1248
-1568
-1568
1184
1760
-752
-1696
328
1504
15
-1184
-228
784
264
-360
-124
1
-156
244
528
-312
-976
220
1376
47
-1632
-440
1824
880
-1760
-1312
1568
