1651 2 0 0 0
1
2112
656
-1760
-1120
1120
1184
-528
-944
86
424
23
156
236
-560
-752
688
1376
-408
-1888
-156
1984
848
-1824
-1376
1312
1696
-656
-1632
62
1184
248
-592
-212
61
-172
236
752
-172
-1312
-244
1632
880
-1632
-1504
1248
1952
-592
-1984
-66
1760
560
-1184
-720
592
528
-132
-41
-21
-528
-196
992
720
-1184
-1312
976
1888
-440
-2112
-244
1984
880
-1568
-1184
976
1184
-360
-848
3
296
1
264
344
-592
-944
592
1504
-228
-1952
-392
1984
1056
-1696
-1568
1056
1760
-440
-1568
-94
1056
312
-472
-164
-27
-280
228
880
-59
-1376
-440
1632
1056
-1504
-1696
992
1984
-360
-1984
-280
1632
688
-1056
-752
456
456
-61
82
9
-656
-328
1056
912
-1120
-1504
784
1984
-204
-2112
-488
1952
992
-1440
-1312
752
1184
-220
-752
-49
164
-53
344
488
-592
-1056
488
1632
-27
-1952
-624
1952
1248
-1504
-1696
880
1760
-228
-1440
-228
944
344
-328
-94
-94
-424
188
992
78
-1440
-624
1568
1312
-1376
-1824
816
1984
-122
-1952
-472
1504
784
-880
-752
312
360
-13
212
70
-752
-472
1056
1056
-992
-1696
592
1984
43
-2112
-720
1824
1184
-1184
-1312
560
1120
-90
-624
-74
39
-132
424
624
-560
-1248
344
1760
188
-1952
-880
1824
1440
-1312
-1824
656
1760
-37
-1376
-328
784
344
-212
1
-132
-560
124
1120
244
-1504
-848
1504
1504
-1184
-1952
560
2112
114
-1888
-624
1312
880
-720
-688
204
248
1
328
156
-816
-624
992
1248
-880
-1824
392
2112
280
-1984
-944
1632
1312
-992
-1376
392
992
7
-496
-70
-74
-236
456
784
-496
-1376
180
1824
408
-1952
-1056
1696
1632
-1056
-1888
424
1696
132
-1248
-408
624
312
-106
110
-140
-688
29
1184
424
-1504
-1056
1440
1696
-976
-1984
328
1984
328
-1760
-784
1120
912
-528
-624
114
124
-7
456
264
-880
-816
992
1440
-720
-1952
156
2112
528
-1952
-1120
1440
1440
-816
-1312
236
944
82
-360
-35
-172
-344
472
944
-408
-1504
-5
1888
624
-1888
-1312
1504
1760
-880
-1888
212
1632
280
-1056
-456
488
248
-21
236
-124
-816
-90
1312
592
-1504
-1248
1248
1824
-752
-2112
82
1984
528
-1632
-912
992
912
-408
-560
47
1
-47
560
408
-912
-992
912
1632
-528
-1984
-82
2112
752
-1824
-1248
1248
1504
-592
-1312
90
816
124
-236
21
-248
-488
456
1056
-280
-1632
-212
1888
880
-1760
-1504
1312
1888
-624
-1888
5
1504
408
-944
-472
344
172
35
360
-82
-944
-236
1312
816
-1440
-1440
1120
1952
-528
-2112
-156
1952
720
-1440
-992
816
880
-264
-456
7
-124
-114
624
528
-912
-1120
784
1760
-328
-1984
-328
1984
976
-1696
-1440
1056
1504
-424
-1184
-29
688
140
-110
106
-312
-624
408
1248
-132
-1696
-424
1888
1056
-1632
-1696
1056
1952
-408
-1824
-180
1376
496
-784
1
2112
624
-1760
-992
1120
1056
-528
-816
106
248
-5
360
264
-816
-816
944
1440
-688
-1952
164
2112
488
-1984
-992
1440
1312
-848
-1184
280
752
13
-132
61
-424
-472
752
1056
-688
-1696
296
1984
312
-1984
-944
1696
1376
-1120
-1440
496
1184
-39
-624
-86
13
-156
456
688
-592
-1312
376
1824
140
-1984
-784
1888
1312
-1376
-1632
752
1504
-164
-1056
-148
496
98
82
296
-424
-912
392
1504
-11
-1888
-592
1888
1184
-1568
-1696
976
1760
-344
-1504
-132
976
280
-344
-61
-140
-456
312
1056
-118
-1568
-392
1824
992
-1696
-1632
1184
1888
-528
-1824
-45
1376
376
-784
-360
204
-19
148
592
-156
-1184
-204
1632
816
-1632
-1440
1312
1888
-752
-1984
98
1760
392
-1184
-560
592
360
-86
132
-110
-752
-62
1248
560
-1504
-1184
1376
1760
-912
-1984
264
1984
328
-1568
-688
992
688
-392
-328
15
-248
7
848
328
-1248
-912
1312
1568
-992
-1984
456
2112
204
-1888
-720
1376
912
-720
-720
220
244
5
376
140
-912
-624
1120
1248
-1056
-1824
592
2112
43
-1984
-656
1696
992
-1056
-992
472
688
-74
-124
23
-472
-344
912
912
-976
-1568
688
1984
-124
-2112
-528
1952
1056
-1376
-1248
752
1056
-228
-624
-17
7
-106
528
560
-816
-1184
720
1760
-264
-1984
-360
1984
976
-1696
-1376
1056
1376
-440
-1056
17
496
57
98
236
-528
-784
624
1440
-376
-1888
-180
1984
848
-1824
-1376
1312
1568
-688
-1440
124
992
140
-376
-41
-180
-392
472
992
-392
-1568
-21
1952
656
-1888
-1248
1504
1696
-944
-1696
296
1376
140
-848
-244
236
-21
220
560
-344
-1184
98
1696
440
-1888
-1056
1632
1632
-1120
-1888
496
1760
70
-1312
-360
656
280
-110
124
-204
-720
148
1312
248
-1696
-880
1696
1504
-1312
-1888
688
1984
-59
-1696
-392
1120
496
-488
-264
21
-248
124
880
94
-1376
-624
1568
1248
-1376
-1824
880
1984
-228
-1952
-344
1504
656
-880
-592
312
212
21
376
1
-976
-376
1312
992
-1312
-1632
992
1984
-408
-2112
-244
1824
720
-1248
-848
656
624
-156
-118
-13
-496
-180
992
688
-1184
-1312
1056
1888
-560
-2112
-82
1984
656
-1632
-992
992
976
-408
-592
47
1
-47
592
408
-976
-992
992
1632
-656
-1984
82
2112
560
-1888
-1056
1312
1184
-688
-992
180
496
13
118
156
-624
-656
848
1248
-720
-1824
244
2112
408
-1984
-992
1632
1312
-992
-1312
376
976
-1
-376
-21
-212
-312
592
880
-656
-1504
344
1952
228
-1984
-880
1824
1376
-1248
-1568
624
1376
-94
-880
-124
248
-21
264
488
-496
-1120
392
1696
59
-1984
-688
1888
1312
-1504
-1696
880
1696
-248
-1312
-148
720
204
-124
110
-280
-656
360
1312
-70
-1760
-496
1888
1120
-1632
-1632
1056
1888
-440
-1696
-98
1184
344
-560
-220
21
-236
244
848
