1651 2 0 0 0
1
1984
816
-1504
-1184
656
912
-66
-204
57
-496
-624
784
1440
-408
-1984
-392
1984
1184
-1376
-1568
528
1312
70
-560
-98
-140
-456
424
1248
-62
-1824
-752
1760
1568
-1120
-1888
280
1632
344
-880
-376
140
-156
148
944
188
-1504
-976
1440
1760
-816
-2112
-70
1824
688
-1056
-752
296
220
11
560
312
-1056
-1056
992
1888
-408
-2112
-472
1824
1120
-1056
-1120
296
624
25
148
280
-688
-992
624
1760
-5
-1984
-880
1760
1504
-944
-1568
156
992
188
-212
98
-328
-848
280
1568
328
-1888
-1184
1504
1824
-688
-1888
-114
1312
472
-496
-196
-62
-496
39
1248
560
-1504
-1440
1120
1984
-328
-1984
-488
1440
848
-656
-560
70
-132
-74
848
656
-1120
-1504
752
1984
66
-1984
-880
1504
1248
-656
-992
55
264
-41
456
592
-720
-1440
344
1984
456
-1952
-1248
1376
1632
-496
-1376
-110
624
140
86
408
-360
-1184
11
1760
784
-1696
-1568
1056
1952
-228
-1632
-392
912
440
-172
98
-118
-880
-220
1440
992
-1376
-1824
752
2112
132
-1824
-784
1056
816
-296
-280
-3
-488
-312
992
1056
-976
-1888
328
2112
528
-1824
-1184
1056
1184
-280
-688
-43
-86
-248
624
992
-560
-1760
-55
1984
944
-1696
-1568
912
1632
-122
-1056
-228
264
-57
280
784
-244
-1504
-376
1824
1248
-1440
-1888
624
1888
172
-1312
-528
528
248
31
456
-7
-1184
-592
1440
1440
-1056
-1984
264
1984
528
-1504
-912
656
656
-78
66
82
-784
-656
1056
1504
-688
-1984
-132
1984
944
-1440
-1312
624
1056
-37
-328
21
-376
-592
656
1376
-280
-1952
-496
1952
1312
-1312
-1696
472
1440
148
-688
-180
-35
-360
312
1120
35
-1696
-848
1696
1632
-992
-1984
172
1696
456
-944
-496
204
-39
90
816
248
-1376
-992
1312
1824
-656
-2112
-204
1824
848
-1056
-880
312
360
1
424
312
-976
-1056
912
1824
-264
-2112
-592
1824
1248
-1056
-1312
264
752
62
23
236
-560
-976
496
1696
114
-1984
-992
1696
1632
-880
-1632
78
1120
264
-312
11
-228
-752
196
1440
424
-1760
-1248
1376
1888
-560
-1952
-228
1376
592
-560
-312
-1
-392
-13
1120
624
-1376
-1440
992
1984
-204
-1984
-592
1504
976
-656
-720
82
1
-82
720
656
-976
-1504
592
1984
204
-1984
-992
1440
1376
-624
-1120
13
392
1
312
560
-592
-1376
228
1952
560
-1888
-1376
1248
1760
-424
-1440
-196
752
228
-11
312
-264
-1120
-78
1632
880
-1632
-1696
992
1984
-114
-1696
-496
976
560
-236
-23
-62
-752
-264
1312
1056
-1248
-1824
592
2112
264
-1824
-912
1056
976
-312
-424
1
-360
-312
880
1056
-848
-1824
204
2112
656
-1824
-1312
992
1376
-248
-816
-90
39
-204
496
944
-456
-1696
-172
1984
992
-1632
-1696
848
1696
-35
-1120
-312
360
35
180
688
-148
-1440
-472
1696
1312
-1312
-1952
1
1984
784
-1504
-1120
656
816
-78
-66
78
-688
-656
976
1504
-656
-1984
-132
1984
912
-1504
-1248
656
944
-62
-204
61
-528
-624
848
1440
-496
-1984
-264
1984
1056
-1440
-1376
624
1056
-31
-328
25
-408
-592
720
1440
-376
-1984
-392
1984
1184
-1376
-1504
560
1184
15
-456
-23
-280
-560
592
1376
-248
-1952
-496
1952
1312
-1312
-1632
496
1312
82
-560
-90
-172
-488
472
1312
-140
-1888
-624
1888
1440
-1248
-1760
440
1440
156
-688
-172
-62
-408
360
1184
-35
-1824
-752
1760
1504
-1184
-1888
344
1568
248
-784
-264
35
-312
264
1120
57
-1696
-848
1696
1632
-1056
-1952
244
1632
360
-880
-376
122
-204
188
992
140
-1568
-912
1568
1696
-976
-1984
124
1696
472
-944
-488
188
-86
118
912
204
-1440
-976
1440
1760
-848
-1984
5
1760
592
-992
-592
248
39
62
784
248
-1312
-992
1312
1824
-720
-2112
-122
1824
720
-1056
-752
280
172
25
624
296
-1184
-1056
1184
1824
-592
-2112
-248
1824
848
-1056
-880
312
296
3
496
312
-1056
-1056
1056
1888
-456
-2112
-392
1888
992
-1056
-992
312
440
1
376
312
-944
-1056
944
1824
-312
-2112
-528
1824
1120
-1056
-1120
296
560
11
236
296
-816
-1056
784
1824
-188
-2112
-656
1824
1248
-1056
-1248
280
720
43
102
264
-656
-992
656
1824
-55
-2112
-784
1760
1376
-992
-1376
236
848
90
-23
220
-528
-976
528
1760
70
-1984
-912
1696
1504
-944
-1504
172
976
148
-140
156
-424
-912
408
1696
188
-1984
-992
1632
1632
-880
-1632
98
1056
228
-248
78
-312
-848
296
1568
296
-1888
-1120
1568
1760
-784
-1760
11
1184
312
-360
-11
-220
-752
204
1504
392
-1824
-1248
1440
1824
-688
-1824
-86
1248
424
-456
-114
-124
-624
118
1376
472
-1696
-1312
1376
1952
-560
-1952
-196
1312
528
-496
-228
-55
-496
47
1248
528
-1568
-1376
1248
1984
-456
-1984
-312
1376
656
-560
-344
1
-392
-7
1120
592
-1440
-1440
1120
1984
-328
-1984
-456
1440
784
-624
-488
45
-264
-51
992
624
-1312
-1440
992
1984
-204
-1984
-560
1504
912
-656
-592
70
-132
-74
880
656
-1184
-1504
848
1984
-66
-1984
-720
1504
1056
-656
-752
82
1
-82
752
656
-1056
-1504
720
1984
66
-1984
-848
1504
1184
-656
-880
74
132
-70
592
656
-912
-1504
560
1984
204
-1984
-992
1440
1312
-624
-992
51
264
-45
488
624
-784
-1440
456
1984
328
-1984
-1120
1440
1440
-592
-1120
7
392
-1
344
560
-656
-1376
312
1984
456
-1984
-1248
1376
1568
-528
-1248
-47
496
55
228
496
-528
-1312
196
1952
560
-1952
-1376
1312
1696
-472
-1376
-118
624
124
114
456
-424
-1248
86
1824
688
-1824
-1440
1248
1824
-392
-1504
-204
752
220
11
360
-312
-1184
-11
1760
784
-1760
-1568
1120
1888
-296
-1568
-296
