1651 2 0 0 0
1
1984
1504
-784
-1984
-784
1248
1632
51
-1376
-976
408
992
360
-440
-440
-15
66
-90
98
496
312
-560
-992
-114
1184
1184
-472
-1760
-912
1184
1952
264
-1888
-1696
528
2112
1056
-1248
-1952
-296
1568
1376
-344
-1440
-688
656
976
148
-496
-344
43
33
-90
196
528
156
-752
-912
204
1376
912
-880
-1760
-472
1568
1760
-264
-1984
-1312
1056
2112
592
-1632
-1760
188
1760
1056
-720
-1440
-392
848
848
-51
-528
-248
78
-7
-66
296
528
-27
-880
-784
496
1440
560
-1184
-1696
5
1888
1440
-784
-2112
-848
1504
1984
57
-1888
-1440
656
1760
720
-992
-1312
-70
976
656
-228
-528
-148
94
-49
-21
392
488
-236
-992
-560
816
1376
196
-1504
-1440
496
1984
1056
-1248
-1984
-328
1824
1760
-472
-1984
-1056
1056
1696
296
-1248
-1120
236
992
488
-360
-488
-62
82
-78
47
472
392
-440
-992
-296
1056
1312
-220
-1696
-1120
976
1984
560
-1696
-1888
220
1984
1376
-976
-1984
-592
1376
1568
-114
-1376
-880
496
992
264
-472
-408
7
55
-94
132
496
248
-624
-976
7
1248
1056
-624
-1760
-752
1376
1888
49
-1952
-1568
752
2112
912
-1376
-1888
-106
1632
1248
-496
-1440
-560
720
912
66
-528
-312
61
15
-86
236
528
86
-816
-880
328
1376
784
-992
-1760
-280
1696
1696
-488
-2112
-1120
1248
2112
376
-1760
-1632
376
1760
944
-848
-1376
-264
912
784
-124
-528
-212
86
-23
-53
328
496
-110
-944
-688
624
1440
440
-1312
-1632
204
1952
1312
-992
-2112
-656
1632
1888
-156
-1952
-1312
816
1760
528
-1120
-1248
53
992
592
-280
-496
-118
90
-62
1
424
456
-312
-992
-456
944
1376
31
-1568
-1312
688
1984
880
-1440
-1984
-110
1952
1568
-656
-1984
-880
1184
1696
132
-1312
-992
344
992
408
-408
-456
-31
74
-86
78
496
344
-528
-992
-172
1184
1184
-376
-1760
-992
1120
1984
360
-1824
-1760
440
2112
1184
-1120
-1984
-392
1504
1440
-264
-1440
-752
592
976
188
-496
-376
33
41
-94
172
528
196
-720
-944
132
1312
976
-784
-1760
-560
1504
1824
-164
-1984
-1440
976
2112
688
-1504
-1824
90
1696
1120
-656
-1440
-456
816
880
-11
-528
-264
74
1
-74
264
528
11
-880
-816
456
1440
656
-1120
-1696
-90
1824
1504
-688
-2112
-976
1440
1984
164
-1824
-1504
560
1760
784
-976
-1312
-132
944
720
-196
-528
-172
94
-41
-33
376
496
-188
-976
-592
752
1440
264
-1440
-1504
392
1984
1120
-1184
-2112
-440
1760
1824
-360
-1984
-1120
992
1760
376
-1184
-1184
172
992
528
-344
-496
-78
86
-74
31
456
408
-408
-992
-344
992
1312
-132
-1696
-1184
880
1984
656
-1568
-1952
110
1984
1440
-880
-1984
-688
1312
1568
-31
-1376
-944
456
992
312
-456
-424
-1
62
-90
118
496
280
-592
-992
-53
1
1984
1504
-816
-1984
-688
1312
1504
-47
-1248
-816
440
816
212
-312
-188
1
-204
-264
280
816
312
-912
-1184
140
1632
1120
-912
-1984
-560
1696
1888
-264
-1984
-1248
1056
1984
472
-1440
-1440
244
1312
688
-528
-816
-132
344
180
1
212
236
-344
-816
-188
992
1120
-328
-1632
-944
1120
1952
312
-1824
-1760
528
2112
1056
-1248
-1952
-236
1568
1312
-424
-1376
-560
656
784
57
-376
-164
1
-212
-188
408
784
61
-1056
-992
496
1696
752
-1312
-1888
-57
1952
1568
-784
-2112
-816
1440
1888
-5
-1696
-1184
592
1376
440
-752
-752
21
392
140
1
212
140
-472
-752
66
1120
912
-688
-1696
-528
1440
1760
-204
-1984
-1376
992
2112
560
-1632
-1760
248
1760
992
-784
-1376
-280
816
688
-102
-408
-122
1
-212
-90
496
688
-196
-1184
-752
848
1632
328
-1632
-1632
456
2112
1120
-1248
-2112
-312
1760
1568
-488
-1760
-848
944
1312
140
-880
-656
180
424
98
1
204
35
-560
-624
312
1184
592
-992
-1568
-98
1760
1504
-720
-2112
-912
1504
1984
49
-1888
-1440
720
1824
656
-1056
-1248
7
944
560
-248
-424
-74
1
-196
15
592
560
-440
-1184
-456
1120
1504
-124
-1824
-1312
944
2112
624
-1696
-1888
220
1984
1248
-944
-1824
-456
1184
1184
-156
-992
-496
312
424
51
1
180
-70
-592
-472
528
1184
280
-1248
-1376
344
1888
1056
-1184
-1984
-376
1824
1760
-488
-1984
-992
1120
1760
244
-1312
-1056
312
992
408
-392
-408
-23
1
-164
122
624
392
-656
-1120
-114
1376
1248
-560
-1888
-880
1376
1984
110
-1952
-1568
720
1984
816
-1312
-1696
-33
1376
976
-456
-992
-312
440
392
-1
1
148
-172
-624
-296
752
1056
-59
-1440
-1120
784
1888
656
-1568
-1888
156
1984
1376
-976
-1984
-592
1440
1568
-180
-1440
-848
592
992
220
-496
-360
27
1
-124
220
624
196
-816
-992
228
1504
976
-976
-1888
-408
1696
1760
-424
-2112
-1184
1184
1984
344
-1632
-1440
376
1504
720
-720
-992
-118
528
328
-55
1
106
-248
-592
-90
912
944
-392
-1504
-784
1120
1824
156
-1888
-1632
688
2112
944
-1440
-1952
-94
1760
1312
-592
-1504
-560
816
944
11
-560
-296
78
1
-78
296
560
-11
-944
-816
560
1504
592
-1312
-1760
94
1952
1440
-944
-2112
-688
1632
1888
-156
-1824
-1120
784
1504
392
-944
-912
90
592
248
-106
1
55
-328
-528
118
992
720
-720
-1504
-376
1440
1632
-344
-1984
-1184
1184
2112
424
-1760
-1696
408
1888
976
-976
-1504
-228
992
816
-196
-624
-220
124
1
-27
360
496
-220
-992
-592
848
1440
180
-1568
-1440
592
1984
976
-1376
-1984
-156
1888
1568
-656
-1888
-784
1120
1440
59
-1056
-752
296
624
172
-148
1
1
-392
-440
312
992
456
-976
-1376
33
1696
1312
-816
-1984
-720
1568
