1651 2 0 0 0
1
1952
1696
-496
-1984
-1248
976
1984
816
-1312
-1888
-328
1568
1568
-124
-1632
-1184
488
1504
816
-720
-1312
-424
848
992
98
-816
-720
106
656
392
-180
-408
-148
124
124
7
45
140
5
-296
-344
110
592
440
-344
-880
-408
656
1056
236
-992
-1184
61
1376
1120
-456
-1696
-992
912
1824
656
-1312
-1888
-248
1696
1760
-244
-1984
-1504
752
2112
1056
-1184
-2112
-624
1568
1984
118
-1824
-1696
376
1952
1248
-784
-1888
-816
1056
1696
360
-1248
-1376
21
1248
992
-312
-1120
-624
472
912
312
-496
-624
-86
392
328
-23
-180
-70
1
-82
-94
140
360
140
-392
-592
-61
688
752
-148
-992
-752
472
1312
656
-848
-1504
-392
1248
1568
19
-1632
-1440
424
1888
1184
-912
-1984
-848
1376
1984
376
-1760
-1888
124
1984
1568
-624
-2112
-1184
1056
1984
688
-1440
-1888
-212
1632
1568
-236
-1696
-1120
592
1568
752
-816
-1312
-360
912
1056
41
-880
-720
156
688
392
-228
-456
-156
164
164
13
11
98
-5
-264
-296
124
560
376
-360
-848
-344
688
992
156
-992
-1120
140
1376
1056
-528
-1632
-880
976
1824
560
-1376
-1824
-132
1760
1696
-360
-1984
-1376
848
2112
992
-1312
-2112
-496
1696
1952
-7
-1888
-1632
496
1984
1184
-912
-1888
-720
1184
1696
264
-1312
-1312
110
1312
976
-392
-1184
-592
528
944
280
-560
-656
-57
440
344
-47
-228
-98
17
-43
-62
132
312
106
-376
-528
-15
688
688
-204
-992
-688
496
1248
560
-912
-1440
-296
1312
1440
-82
-1632
-1376
528
1888
1120
-992
-1984
-720
1440
1984
248
-1824
-1824
248
1984
1504
-752
-2112
-1056
1184
1984
592
-1504
-1888
-98
1696
1504
-344
-1696
-1056
688
1632
688
-912
-1376
-280
992
1056
-21
-944
-720
220
752
392
-280
-488
-148
204
204
17
-21
59
-13
-244
-248
140
528
328
-376
-784
-264
688
976
86
-1056
-1056
220
1376
992
-592
-1632
-784
992
1760
456
-1440
-1760
-13
1824
1568
-472
-1984
-1312
976
2112
880
-1376
-1984
-376
1760
1888
-132
-1952
-1504
592
1984
1056
-992
-1888
-624
1248
1696
180
-1376
-1312
204
1376
944
-472
-1184
-560
624
976
244
-624
-656
-21
496
376
-74
-264
-118
39
1
-39
118
264
74
-376
-496
21
656
624
-244
-976
-624
560
1184
472
-944
-1376
-204
1312
1376
-180
-1696
-1248
624
1888
992
-1056
-1984
-592
1504
1952
132
-1888
-1760
376
1984
1376
-880
-2112
-976
1312
1984
472
-1568
-1824
13
1760
1440
-456
-1760
-992
784
1632
592
-992
-1376
-220
1056
1056
-86
-976
-688
264
784
376
-328
-528
-140
248
244
13
-59
21
-17
-204
-204
148
488
280
-392
-752
-220
720
944
21
-1056
-992
280
1376
912
-688
-1632
-688
1056
1696
344
-1504
-1696
98
1888
1504
-592
-1984
-1184
1056
2112
752
-1504
-1984
-248
1824
1
1952
1632
-560
-1984
-1184
992
1984
656
-1376
-1760
-148
1568
1376
-296
-1504
-944
592
1312
496
-720
-992
-156
688
624
-61
-496
-280
106
196
41
13
132
61
-264
-424
7
624
592
-244
-976
-592
592
1248
440
-992
-1440
-106
1440
1376
-344
-1824
-1184
880
1984
816
-1376
-1984
-312
1824
1824
-244
-1984
-1504
784
2112
992
-1248
-1984
-456
1568
1696
-59
-1632
-1312
488
1568
848
-752
-1312
-392
880
992
51
-784
-624
140
560
280
-164
-248
-55
21
-70
-23
248
344
-66
-592
-488
312
944
472
-688
-1184
-280
1056
1312
-70
-1504
-1248
528
1824
992
-1056
-1952
-592
1504
1952
74
-1888
-1696
488
2112
1312
-992
-2112
-784
1440
1952
244
-1696
-1632
264
1760
1184
-688
-1632
-688
944
1376
264
-992
-992
62
880
592
-236
-624
-264
236
312
57
-70
13
1
-212
-264
110
528
392
-376
-880
-344
752
1056
124
-1120
-1184
244
1504
1056
-720
-1824
-816
1184
1888
360
-1696
-1824
164
1984
1504
-720
-2112
-1056
1184
2112
560
-1632
-1888
-7
1824
1504
-496
-1824
-992
880
1696
528
-1056
-1376
-118
1120
976
-196
-976
-560
344
688
244
-312
-360
-43
124
35
5
164
204
-140
-496
-296
424
816
228
-784
-992
13
1184
1056
-392
-1504
-912
880
1760
592
-1312
-1824
-140
1760
1696
-392
-1984
-1312
944
2112
880
-1440
-1984
-328
1760
1824
-228
-1952
-1376
720
1888
880
-1056
-1696
-376
1248
1312
-39
-1184
-944
328
992
496
-456
-752
-204
392
392
17
-188
-82
1
-118
-140
148
456
220
-440
-720
-118
816
912
-140
-1184
-912
528
1504
720
-992
-1696
-392
1440
1696
-82
-1888
-1504
624
1984
1120
-1120
-2112
-624
1632
1984
82
-1888
-1696
472
1984
1184
-944
-1952
-688
1248
1696
204
-1376
-1248
204
1312
848
-472
-1056
-456
560
784
140
-488
-424
21
248
118
-15
59
86
-156
-376
-140
456
656
17
-816
-784
264
1184
752
-656
-1440
-560
1120
1568
188
-1568
-1568
296
1888
1312
-848
-1984
-912
1312
1984
408
-1760
-1888
156
1984
1504
-688
-1984
-992
1120
1952
496
-1376
-1632
-11
1504
1184
-376
-1376
-784
624
1120
360
-656
-816
-66
560
456
-74
-312
-140
47
1
-47
140
312
74
-456
-560
66
816
656
-360
-1120
-624
784
1376
376
-1184
-1504
11
1632
1376
-496
-1952
-1120
992
1984
688
-1504
-1984
-156
1888
1760
-408
-1984
-1312
912
1984
848
-1312
-1888
-296
1568
1568
-188
-1568
-1120
560
1440
656
-752
-1184
-264
784
816
-17
-656
-456
140
376
156
-86
-59
15
-118
-248
-21
424
488
-140
-784
-560
456
1056
472
-848
-1312
-204
1248
1376
-204
-1696
-1248
688
1952
944
-1184
-1984
-472
1696
1888
-82
-1984
-1632
624
2112
1120
-1120
-1984
-624
1504
1888
82
-1696
-1440
392
1696
992
-720
-1504
-528
912
1184
