1651 2 0 0 0
1
2112
848
-1696
-1504
992
1760
-196
-1632
-440
1184
784
-592
-752
148
472
51
-70
66
-212
-440
236
880
78
-1120
-656
1120
1312
-784
-1824
78
1984
784
-1760
-1568
1120
1984
-328
-1984
-496
1696
1120
-1056
-1440
376
1312
172
-912
-424
440
344
-86
-33
3
-344
-244
560
688
-496
-1184
110
1504
560
-1504
-1312
1120
1888
-408
-2112
-488
1952
1248
-1376
-1824
592
1888
196
-1632
-784
1056
992
-456
-912
1
560
148
-148
5
-102
-376
66
784
280
-976
-848
880
1440
-392
-1824
-344
1888
1120
-1440
-1824
720
2112
148
-1984
-976
1504
1504
-784
-1632
66
1376
456
-912
-624
392
496
-53
-140
11
-220
-264
392
720
-264
-1120
-188
1376
848
-1248
-1504
720
1984
62
-1984
-944
1696
1632
-992
-1984
164
1952
592
-1504
-1120
880
1248
-236
-992
-188
624
280
-196
-86
-27
-280
-51
624
424
-752
-976
560
1440
-11
-1696
-752
1568
1504
-1056
-1984
264
2112
624
-1888
-1376
1184
1760
-440
-1760
-280
1376
752
-816
-848
280
624
29
-244
-27
-106
-248
236
688
-41
-1056
-440
1120
1056
-912
-1632
296
1984
496
-1888
-1312
1376
1952
-560
-2112
-280
1888
992
-1312
-1376
592
1440
35
-1056
-408
624
456
-196
-204
-1
-172
-122
488
496
-528
-992
248
1440
328
-1568
-1056
1248
1760
-624
-2112
-220
1984
1056
-1632
-1696
848
1952
-21
-1760
-656
1248
992
-656
-992
114
752
156
-312
-110
-13
-196
98
592
140
-912
-624
912
1184
-528
-1696
-114
1888
944
-1632
-1632
976
2112
-110
-2112
-752
1696
1376
-992
-1632
264
1504
344
-1056
-656
560
624
-140
-312
-17
-62
-132
328
528
-312
-992
-27
1312
624
-1248
-1312
912
1888
-180
-1984
-688
1888
1440
-1248
-1952
424
1984
408
-1696
-992
1056
1312
-424
-1184
-98
816
328
-360
-228
35
-106
3
488
264
-720
-752
624
1248
-196
-1632
-496
1632
1248
-1248
-1888
496
2112
376
-1984
-1184
1440
1696
-656
-1824
-102
1568
656
-992
-912
456
784
-33
-424
-82
35
-106
188
496
-122
-912
-264
1120
880
-992
-1440
496
1888
264
-1952
-1056
1568
1760
-848
-2112
-41
1984
848
-1504
-1376
848
1504
-132
-1248
-344
816
496
-344
-360
39
1
-39
360
344
-496
-816
344
1248
132
-1504
-848
1376
1504
-848
-1984
41
2112
848
-1760
-1568
1056
1952
-264
-1888
-496
1440
992
-880
-1120
264
912
122
-496
-188
106
-35
82
424
33
-784
-456
912
992
-656
-1568
102
1824
656
-1696
-1440
1184
1984
-376
-2112
-496
1888
1248
-1248
-1632
496
1632
196
-1248
-624
752
720
-264
-488
-3
106
-35
228
360
-328
-816
98
1184
424
-1312
-1056
992
1696
-408
-1984
-424
1952
1248
-1440
-1888
688
1984
180
-1888
-912
1312
1248
-624
-1312
27
992
312
-528
-328
132
62
17
312
140
-624
-560
656
1056
1
2112
816
-1696
-1440
992
1696
-280
-1504
-312
1056
592
-560
-528
140
212
1
204
188
-496
-624
496
1120
-140
-1504
-488
1568
1184
-1248
-1824
560
2112
264
-1984
-1056
1568
1568
-816
-1760
70
1504
488
-992
-688
472
560
-90
-212
1
-196
-236
440
688
-376
-1184
-27
1504
688
-1440
-1376
992
1952
-312
-2112
-528
1952
1248
-1376
-1760
592
1824
132
-1440
-624
944
784
-392
-592
35
212
1
180
264
-376
-752
248
1184
196
-1440
-880
1312
1568
-816
-1984
49
2112
784
-1824
-1504
1120
1888
-360
-1824
-344
1376
784
-816
-880
296
624
15
-204
1
-172
-312
312
784
-132
-1184
-360
1376
992
-1120
-1696
592
1984
220
-1984
-992
1632
1696
-944
-1952
124
1760
528
-1312
-912
720
944
-196
-624
-70
196
1
148
344
-248
-816
1
1184
528
-1248
-1184
976
1760
-344
-1984
-488
1952
1248
-1440
-1824
688
1984
114
-1760
-752
1184
992
-592
-976
90
624
122
-188
1
-132
-376
172
816
124
-1120
-688
1120
1312
-784
-1888
94
1984
720
-1824
-1504
1248
1952
-440
-1984
-344
1696
944
-1056
-1120
456
992
11
-592
-172
172
1
114
392
-94
-816
-248
1056
816
-992
-1440
560
1888
156
-1984
-976
1696
1696
-992
-1984
188
1984
560
-1568
-1056
944
1248
-312
-992
-118
592
220
-156
1
-86
-408
15
816
376
-992
-976
848
1568
-344
-1952
-408
1888
1184
-1504
-1824
784
2112
70
-1952
-816
1440
1248
-784
-1312
156
992
220
-560
-248
132
1
62
424
61
-784
-488
912
1056
-688
-1632
124
1888
656
-1824
-1440
1248
1952
-496
-2112
-328
1888
992
-1312
-1376
592
1312
-7
-992
-312
496
296
-118
1
-37
-424
-140
752
592
-816
-1184
496
1632
98
-1888
-880
1632
1632
-1056
-1984
244
2112
592
-1760
-1184
1120
1504
-424
-1376
-140
976
408
-472
-328
94
1
9
424
212
-688
-688
688
1248
-328
-1696
-328
1760
1056
-1440
-1760
816
2112
25
-1984
-816
1632
1376
-944
-1568
244
1376
280
-912
-496
424
360
-66
1
13
-408
-280
656
784
-560
-1312
140
1696
528
-1696
-1312
1248
1888
-560
-2112
-296
1984
1056
-1504
-1568
752
1632
-47
-1376
-440
848
560
-360
-392
41
1
-41
392
360
-560
-848
440
1376
47
-1632
-752
1568
1504
-1056
-1984
296
2112
560
-1888
-1248
1312
1696
-528
-1696
-140
1312
560
-784
-656
280
408
-13
1
66
-360
-424
496
912
-280
-1376
-244
1568
944
-1376
-1632
816
1984
-25
-2112
-816
1760
1440
-1056
-1760
328
1696
328
-1248
-688
688
688
-212
-424
-9
1
-94
328
472
-408
-976
140
1376
424
-1504
-1120
1184
1760
-592
-2112
-244
1984
1056
-1632
-1632
880
1888
-98
-1632
-496
1184
816
-592
-752
140
424
37
1
118
-296
-496
312
992
7
-1312
-592
1376
1312
-992
-1888
328
2112
496
