1651 2 0 0 0
1
1984
1312
-992
-1824
-296
1248
944
-328
-720
-140
98
-148
78
720
496
-816
-1376
-11
1760
1312
-992
-2112
-392
1824
1632
-656
-1824
-560
1056
1056
-148
-656
-196
53
-204
-7
720
688
-624
-1504
-328
1632
1568
-688
-2112
-784
1632
1824
-296
-1760
-848
880
1056
21
-592
-228
19
-248
-110
688
848
-424
-1568
-624
1440
1824
-296
-2112
-1120
1312
1952
61
-1632
-1056
656
1120
180
-496
-236
1
-296
-220
624
992
-188
-1568
-944
1184
1952
82
-1984
-1440
976
1984
408
-1504
-1248
408
1056
312
-408
-228
-3
-328
-344
528
1120
66
-1504
-1184
880
1984
472
-1824
-1696
624
1984
720
-1248
-1376
156
992
424
-296
-204
3
-344
-456
424
1184
328
-1376
-1440
560
1984
848
-1568
-1952
236
1952
992
-992
-1440
-78
944
496
-204
-164
29
-344
-560
264
1248
592
-1184
-1632
212
1984
1184
-1248
-1984
-148
1824
1248
-720
-1440
-296
816
560
-114
-124
70
-328
-656
98
1248
848
-992
-1824
-156
1888
1504
-944
-2112
-496
1632
1504
-440
-1440
-496
656
592
-33
-82
122
-280
-752
-90
1184
1056
-720
-1888
-528
1696
1760
-560
-2112
-880
1376
1632
-132
-1376
-656
496
592
31
-37
180
-228
-816
-296
1056
1248
-440
-1888
-880
1504
1952
-156
-1984
-1184
1056
1696
164
-1248
-816
344
592
82
1
244
-140
-880
-496
944
1440
-118
-1888
-1184
1184
2112
236
-1888
-1440
752
1760
440
-1056
-912
196
528
114
29
312
-35
-880
-688
784
1568
212
-1760
-1504
848
2112
624
-1696
-1696
424
1696
688
-880
-976
39
488
124
45
376
82
-848
-880
560
1632
528
-1568
-1760
472
2112
992
-1440
-1888
78
1632
912
-688
-992
-98
408
124
49
424
220
-784
-1056
312
1632
880
-1312
-1952
74
1984
1312
-1056
-1952
-248
1440
1056
-456
-976
-220
328
110
33
456
360
-688
-1184
41
1632
1120
-992
-1984
-312
1888
1632
-752
-1952
-560
1248
1184
-236
-944
-312
248
78
1
488
496
-528
-1248
-244
1504
1440
-720
-2112
-688
1696
1824
-392
-1952
-880
1056
1312
-13
-848
-392
172
41
-41
472
624
-376
-1312
-496
1312
1632
-360
-1984
-1056
1376
1984
-7
-1824
-1120
784
1312
196
-752
-456
102
1
-102
456
752
-196
-1312
-784
1120
1824
7
-1984
-1376
1056
1984
360
-1632
-1312
496
1312
376
-624
-472
41
-41
-172
392
848
13
-1312
-1056
880
1952
392
-1824
-1696
688
2112
720
-1440
-1504
244
1248
528
-496
-488
-1
-78
-248
312
944
236
-1184
-1248
560
1952
752
-1632
-1888
312
1984
992
-1120
-1632
-41
1184
688
-360
-456
-33
-110
-328
220
976
456
-1056
-1440
248
1952
1056
-1312
-1984
-74
1952
1312
-880
-1632
-312
1056
784
-220
-424
-49
-124
-408
98
992
688
-912
-1632
-78
1888
1440
-992
-2112
-472
1760
1568
-528
-1632
-560
880
848
1
1984
1312
-992
-1760
-220
1248
848
-344
-560
-66
-49
-296
180
976
496
-1056
-1504
248
1952
1056
-1376
-1984
-7
1952
1184
-912
-1504
-180
912
528
-172
-132
49
-392
-656
280
1312
624
-1248
-1696
264
1984
1120
-1312
-1984
-13
1760
1056
-752
-1184
-132
560
244
-5
296
164
-720
-976
376
1632
752
-1440
-1888
264
2112
1120
-1248
-1824
-19
1504
880
-560
-816
-78
188
-74
156
720
280
-992
-1248
440
1888
848
-1504
-1952
264
1984
1056
-1184
-1632
-23
1184
624
-360
-392
-13
-196
-392
312
1120
392
-1248
-1504
488
1984
880
-1568
-1952
244
1952
976
-992
-1312
-21
848
392
-140
23
53
-560
-688
456
1440
488
-1504
-1632
496
2112
912
-1504
-1824
220
1696
848
-816
-992
-17
456
110
70
456
122
-912
-976
560
1760
560
-1632
-1760
528
2112
880
-1440
-1696
188
1440
656
-592
-624
-7
47
-172
280
848
188
-1184
-1184
656
1952
624
-1696
-1824
496
1984
848
-1248
-1440
148
1056
472
-328
-236
1
-360
-456
488
1184
248
-1504
-1376
752
2112
656
-1760
-1760
488
1888
752
-1056
-1120
106
720
244
-74
180
17
-752
-720
656
1568
296
-1696
-1568
784
2112
656
-1696
-1696
440
1632
624
-848
-848
61
312
3
180
560
35
-1056
-944
816
1824
344
-1824
-1632
784
2112
624
-1504
-1504
360
1312
488
-560
-472
17
-106
-236
440
976
55
-1376
-1120
912
1984
376
-1888
-1632
752
1984
592
-1312
-1248
280
976
312
-280
-78
-19
-496
-472
656
1312
74
-1696
-1312
992
2112
392
-1888
-1568
688
1824
496
-1120
-976
196
560
124
23
312
-57
-912
-688
880
1632
94
-1888
-1376
992
2112
392
-1760
-1440
592
1568
424
-848
-656
102
156
-66
312
688
-86
-1248
-880
992
1824
114
-1952
-1440
992
1984
376
-1632
-1312
496
1184
312
-496
-296
7
-264
-248
592
1056
-110
-1568
-992
1120
1984
124
-1984
-1440
976
1952
344
-1376
-1056
376
848
180
-188
62
-82
-688
-456
848
1376
-124
-1824
-1120
1184
1984
132
-1952
-1376
880
1696
296
-1056
-784
248
424
39
148
440
-164
-1056
-624
1056
1632
-132
-1984
-1184
1248
1984
140
-1824
-1248
752
1440
244
-784
-488
106
1
-106
488
784
-244
-1440
-752
1248
1824
-140
-1984
-1248
1184
1984
132
-1632
-1056
624
1056
164
-440
-148
-39
-424
-248
784
1056
-296
-1696
-880
1376
1952
-132
-1984
-1184
1120
1824
124
-1376
-848
456
688
82
-62
188
-180
-848
-376
1056
1376
-344
-1952
-976
1440
1984
-124
-1984
-1120
992
1568
110
-1056
-592
248
264
-7
296
496
-312
-1184
-496
1312
1632
-376
-1984
-992
1440
1952
-114
-1824
-992
880
1248
86
-688
-312
66
-156
-102
656
848
-424
-1568
-592
1440
1760
-392
-2112
-992
1376
1888
-94
-1632
-880
688
912
57
-312
-23
-124
-560
-196
