1651 2 0 0 0
1
1984
1376
-1056
-2112
-376
1824
1568
-688
-1984
-688
1440
1632
-312
-1760
-880
1056
1504
11
-1376
-912
656
1248
220
-944
-784
312
848
264
-496
-496
78
392
156
-140
-122
1
-55
-98
118
328
82
-456
-472
228
784
312
-720
-912
172
1184
656
-848
-1312
-35
1440
1056
-816
-1696
-360
1568
1504
-592
-1984
-752
1504
1824
-296
-1984
-1120
1312
1984
66
-1984
-1440
992
2112
440
-1824
-1632
624
1984
752
-1440
-1696
248
1760
944
-1056
-1568
-62
1376
976
-624
-1312
-264
976
848
-296
-912
-312
528
560
-70
-456
-204
172
188
3
-5
57
-82
-264
-78
376
440
-188
-720
-312
656
880
-124
-1120
-656
784
1312
78
-1376
-1056
752
1696
408
-1504
-1504
528
1952
784
-1440
-1824
236
1984
1184
-1248
-1984
-132
1984
1504
-976
-2112
-496
1760
1696
-560
-1984
-816
1440
1760
-204
-1824
-992
992
1632
114
-1440
-1056
624
1376
312
-992
-944
280
976
360
-560
-656
61
496
248
-204
-248
-11
70
-11
47
204
74
-312
-392
148
656
312
-592
-848
90
1056
656
-720
-1248
-122
1312
1056
-656
-1632
-456
1440
1504
-488
-1952
-848
1376
1824
-172
-1984
-1184
1184
1984
204
-1952
-1568
912
2112
560
-1760
-1760
496
1984
880
-1376
-1824
140
1824
1056
-992
-1696
-172
1440
1120
-592
-1440
-376
992
992
-264
-992
-424
592
720
-45
-560
-296
236
312
25
-124
-35
-15
-132
-62
248
344
-118
-592
-296
528
784
-55
-992
-656
656
1248
156
-1248
-1056
592
1632
488
-1376
-1504
408
1888
880
-1312
-1888
102
1984
1248
-1120
-1984
-264
1952
1568
-848
-2112
-624
1696
1824
-456
-1984
-944
1376
1888
-86
-1824
-1120
976
1760
228
-1440
-1184
560
1440
424
-1056
-1056
248
1056
472
-624
-784
25
624
360
-248
-392
-43
188
86
-7
66
51
-196
-296
90
528
296
-472
-752
23
912
656
-592
-1184
-188
1184
1056
-528
-1568
-496
1312
1504
-344
-1824
-912
1248
1888
-39
-1952
-1312
1056
1984
328
-1888
-1632
784
2112
720
-1696
-1824
392
1984
992
-1312
-1888
23
1824
1184
-944
-1760
-280
1504
1248
-560
-1504
-488
1056
1120
-220
-1120
-528
624
848
-1
-688
-408
280
456
62
-244
-140
31
1
-31
140
244
-62
-456
-280
408
688
1
-848
-624
528
1120
220
-1120
-1056
488
1504
560
-1248
-1504
280
1760
944
-1184
-1824
-23
1888
1312
-992
-1984
-392
1824
1696
-720
-2112
-784
1632
1888
-328
-1984
-1056
1312
1952
39
-1888
-1248
912
1824
344
-1504
-1312
496
1568
528
-1056
-1184
188
1184
592
-656
-912
-23
752
472
-296
-528
-90
296
196
-51
-66
7
-86
-188
43
392
248
-360
-624
-25
784
624
-472
-1056
-248
1056
1056
-424
-1440
-560
1184
1440
-228
-1760
-976
1120
1824
86
-1888
-1376
944
1984
456
-1824
-1696
624
2112
848
-1568
-1952
1
1984
1376
-1120
-1984
-280
1824
1504
-784
-1952
-496
1504
1440
-456
-1632
-624
1056
1248
-172
-1184
-592
656
880
1
-688
-392
264
408
43
-172
-62
-7
-132
-66
280
376
-148
-656
-312
624
880
-140
-1120
-656
848
1376
11
-1504
-1056
880
1760
264
-1696
-1440
784
1984
560
-1696
-1760
560
2112
880
-1568
-1952
264
1984
1120
-1312
-1952
-23
1824
1184
-944
-1760
-248
1440
1184
-592
-1440
-376
992
976
-280
-992
-360
560
592
-70
-456
-196
156
132
1
70
122
-148
-392
-78
528
528
-312
-944
-296
912
992
-328
-1376
-592
1120
1440
-196
-1696
-976
1120
1824
39
-1888
-1312
1056
1984
328
-1888
-1632
816
2112
624
-1696
-1760
496
1984
848
-1440
-1760
212
1824
976
-1056
-1568
-35
1376
912
-656
-1184
-180
912
688
-312
-752
-188
424
344
-74
-204
-39
-11
-114
25
328
248
-344
-624
-21
816
624
-528
-1120
-204
1184
1056
-560
-1568
-496
1376
1504
-456
-1888
-848
1440
1824
-220
-1984
-1120
1312
1984
66
-1984
-1440
1056
2112
360
-1824
-1568
752
1952
560
-1504
-1504
408
1696
688
-1056
-1312
140
1248
656
-656
-944
-31
752
456
-280
-472
-62
228
114
-13
66
55
-228
-328
118
592
312
-560
-848
98
1056
656
-784
-1312
-57
1440
1056
-816
-1760
-312
1632
1440
-720
-1984
-624
1632
1760
-488
-2112
-944
1504
1952
-204
-1984
-1184
1248
1984
86
-1888
-1312
912
1824
312
-1504
-1248
560
1504
440
-1056
-992
248
992
424
-592
-688
57
496
244
-188
-204
-3
-5
-78
110
328
82
-488
-496
264
880
296
-848
-976
280
1312
624
-1056
-1440
140
1696
992
-1056
-1824
-98
1888
1376
-992
-1984
-392
1888
1632
-752
-2112
-688
1696
1824
-456
-1984
-912
1376
1824
-156
-1824
-992
992
1632
86
-1440
-976
656
1248
228
-944
-784
312
816
228
-472
-408
82
264
70
-35
55
-11
-264
-220
280
560
41
-752
-624
472
1056
236
-1120
-1056
496
1568
528
-1312
-1504
376
1888
880
-1376
-1888
148
1984
1184
-1248
-1984
-132
1984
1440
-992
-2112
-424
1824
1632
-688
-1984
-656
1504
1568
-360
-1696
-752
1056
1376
-98
-1248
-720
656
992
62
-784
-496
296
528
90
-280
-172
37
1
-37
172
280
-90
-528
-296
496
784
-62
-992
-656
720
1248
98
-1376
-1056
752
1696
360
-1568
-1504
656
1984
688
-1632
-1824
424
2112
992
-1440
-1984
132
1984
1248
-1184
-1984
-148
1888
1376
-880
-1888
-376
1504
1312
-528
-1568
-496
1056
1120
-236
-1056
-472
624
752
-41
-560
-280
220
264
11
-55
35
-70
-264
-82
408
472
-228
-816
-312
784
944
-228
-1248
-656
976
1440
-86
-1632
-992
992
1824
156
-1824
-1376
912
1984
456
-1824
-1696
688
2112
752
-1632
-1888
392
1984
992
-1376
-1888
98
1824
1056
-992
-1696
-140
1440
1056
-624
-1312
-280
