1651 2 0 0 0
1
1984
992
-1440
-1568
488
1440
264
-880
-472
236
122
11
456
312
-784
-992
528
1696
248
-1888
-1248
1312
1984
-328
-1984
-688
1504
1248
-624
-1184
-55
624
204
-57
188
-118
-784
-280
1120
1056
-880
-1824
39
1984
992
-1568
-1824
624
1952
344
-1440
-912
656
848
-61
-328
-15
-196
-440
312
1056
156
-1440
-992
1184
1824
-376
-2112
-720
1760
1504
-880
-1760
-62
1312
592
-592
-496
74
1
-74
496
592
-592
-1312
62
1760
880
-1504
-1760
720
2112
376
-1824
-1184
992
1440
-156
-1056
-312
440
196
15
328
61
-848
-656
912
1440
-344
-1952
-624
1824
1568
-992
-1984
-39
1824
880
-1056
-1120
280
784
118
-188
57
-204
-624
55
1184
624
-1248
-1504
688
1984
328
-1984
-1312
1248
1888
-248
-1696
-528
992
784
-312
-456
-11
-122
-236
472
880
-264
-1440
-488
1568
1440
-992
-1984
1
1984
992
-1440
-1568
488
1440
264
-880
-472
236
122
11
456
312
-784
-992
528
1696
248
-1888
-1248
1312
1984
-328
-1984
-688
1504
1248
-624
-1184
-55
624
204
-57
188
-118
-784
-280
1120
1056
-880
-1824
39
1984
992
-1568
-1824
624
1952
344
-1440
-912
656
848
-61
-328
-15
-196
-440
312
1056
156
-1440
-992
1184
1824
-376
-2112
-720
1760
1504
-880
-1760
-62
1312
592
-592
-496
74
1
-74
496
592
-592
-1312
62
1760
880
-1504
-1760
720
2112
376
-1824
-1184
992
1440
-156
-1056
-312
440
196
15
328
61
-848
-656
912
1440
-344
-1952
-624
1824
1568
-992
-1984
-39
1824
880
-1056
-1120
280
784
118
-188
57
-204
-624
55
1184
624
-1248
-1504
688
1984
328
-1984
-1312
1248
1888
-248
-1696
-528
992
784
-312
-456
-11
-122
-236
472
880
-264
-1440
-488
1568
1440
-992
-1984
1
1984
992
-1440
-1568
488
1440
264
-880
-472
236
122
11
456
312
-784
-992
528
1696
248
-1888
-1248
1312
1984
-328
-1984
-688
1504
1248
-624
-1184
-55
624
204
-57
188
-118
-784
-280
1120
1056
-880
-1824
39
1984
992
-1568
-1824
624
1952
344
-1440
-912
656
848
-61
-328
-15
-196
-440
312
1056
156
-1440
-992
1184
1824
-376
-2112
-720
1760
1504
-880
-1760
-62
1312
592
-592
-496
74
1
-74
496
592
-592
-1312
62
1760
880
-1504
-1760
720
2112
376
-1824
-1184
992
1440
-156
-1056
-312
440
196
15
328
61
-848
-656
912
1440
-344
-1952
-624
1824
1568
-992
-1984
-39
1824
880
-1056
-1120
280
784
118
-188
57
-204
-624
55
1184
624
-1248
-1504
688
1984
328
-1984
-1312
1248
1888
-248
-1696
-528
992
784
-312
-456
-11
-122
-236
472
880
-264
-1440
-488
1568
1440
-992
-1984
1
1984
992
-1440
-1568
488
1440
264
-880
-472
236
122
11
456
312
-784
-992
528
1696
248
-1888
-1248
1312
1984
-328
-1984
-688
1504
1248
-624
-1184
-55
1
1984
992
-1440
-1504
528
1376
180
-784
-344
156
-55
62
656
296
-992
-1056
816
1824
-23
-1984
-992
1632
1760
-688
-1888
-248
1440
784
-656
-688
82
132
-55
408
560
-528
-1248
35
1696
880
-1568
-1760
752
2112
280
-1888
-1056
1056
1312
-236
-944
-188
280
11
148
560
-31
-1120
-624
1248
1504
-720
-1984
-264
1984
1248
-1312
-1760
360
1568
376
-944
-560
264
204
3
408
312
-784
-992
560
1696
212
-1888
-1184
1440
1952
-456
-1984
-496
1504
1056
-656
-944
41
392
39
172
424
-312
-1056
-140
1504
992
-1312
-1824
488
2112
560
-1824
-1376
976
1568
-98
-1120
-360
472
228
7
328
57
-880
-656
976
1440
-456
-1984
-496
1888
1440
-1120
-1952
156
1760
624
-1056
-848
312
472
11
132
248
-496
-912
328
1568
408
-1696
-1376
1184
1984
-204
-1984
-784
1504
1312
-592
-1184
-62
624
196
-35
228
-148
-880
-248
1248
1056
-992
-1824
220
2112
816
-1696
-1632
848
1760
86
-1312
-592
592
488
-66
66
82
-592
-624
720
1376
-196
-1888
-752
1696
1632
-944
-1984
-86
1824
880
-1056
-1120
296
752
90
-114
122
-280
-752
140
1312
560
-1440
-1440
912
1984
66
-1984
-1056
1440
1568
-496
-1440
-228
848
392
-188
-5
-43
-592
-312
976
1056
-752
-1824
-39
1984
1056
-1568
-1824
624
1952
312
-1440
-848
656
752
-78
-204
37
-344
-528
472
1248
11
-1696
-912
1504
1760
-688
-2112
-360
1888
1120
-1056
-1376
204
992
228
-328
-62
-110
-496
1
1056
656
-1184
-1504
656
1984
328
-1984
-1312
1312
1824
-312
-1632
-440
976
624
-280
-264
1
-328
-296
688
992
-496
-1696
-264
1888
1248
-1376
-1952
392
1984
560
-1504
-1120
656
992
-21
-456
-70
-114
-376
264
992
172
-1440
-992
1184
1824
-424
-2112
-624
1824
1440
-944
-1632
57
1184
424
-496
-280
13
-264
-70
816
656
-912
-1440
376
1952
560
-1888
-1504
1120
1984
-98
-1760
-688
1056
912
-312
-528
-25
-70
-220
456
880
-280
-1504
-456
1632
1376
-1120
-1984
132
1984
848
-1504
-1376
592
1248
98
-688
-244
78
-172
118
816
280
-1184
-1056
976
1824
-148
-2112
-880
1696
1632
-784
-1824
-140
1376
656
-624
-528
74
1
-74
528
624
-656
-1376
140
1824
784
-1632
-1696
880
2112
148
-1824
-976
1056
1184
-280
-816
-118
172
-78
244
688
-98
-1248
-592
1376
1504
-848
-1984
-132
1984
1120
-1376
-1632
456
1504
280
-880
-456
220
70
25
528
312
-912
-1056
688
1760
98
-1984
-1120
1504
1888
-560
-1952
-376
1440
912
-656
-816
70
264
-13
280
496
-424
-1184
-57
1632
944
-1440
-1824
624
2112
424
-1824
-1184
992
1440
-172
-992
-264
376
114
70
456
21
-992
-656
1120
1504
-560
-1984
-392
1952
1376
-1248
-1888
264
1696
496
-992
-688
296
328
1
264
280
-624
