1651 2 0 0 0
1
1568
2112
1376
-110
-1440
-1824
-1056
172
1120
1312
656
-156
-624
-592
-220
45
1
-188
-196
156
688
912
496
-424
-1312
-1504
-688
688
1824
1888
720
-912
-1984
-1952
-656
992
1984
1760
488
-976
-1696
-1312
-280
752
1120
784
110
-376
-408
-164
1
-122
-376
-424
-21
656
1120
912
-35
-1120
-1696
-1184
156
1568
1984
1312
-280
-1760
-2112
-1184
392
1696
1888
976
-424
-1376
-1440
-624
344
880
752
264
-140
-204
-19
66
-148
-528
-688
-312
496
1184
1248
440
-848
-1760
-1632
-440
1120
1984
1760
360
-1248
-2112
-1632
-228
1248
1888
1312
94
-992
-1312
-848
-1
560
624
280
-11
-21
172
236
-59
-592
-944
-656
204
1184
1568
944
-392
-1632
-1952
-992
560
1888
1984
976
-688
-1888
-1888
-784
688
1632
1504
528
-560
-1056
-912
-248
296
424
204
7
82
344
472
148
-528
-1056
-992
-204
976
1696
1376
172
-1312
-1984
-1568
-70
1504
2112
1504
-45
-1504
-1952
-1248
132
1248
1504
816
-156
-816
-816
-360
82
204
45
-82
82
472
720
440
-312
-1120
-1312
-688
560
1632
1760
752
-816
-1984
-1952
-720
976
1984
1888
560
-976
-1824
-1504
-360
816
1312
976
172
-488
-624
-360
-29
33
-140
-248
-33
488
912
784
7
-992
-1568
-1120
86
1440
1984
1312
-220
-1696
-2112
-1312
328
1696
1984
1056
-392
-1504
-1568
-752
360
992
976
392
-204
-408
-248
-25
-49
-312
-488
-248
376
992
1120
440
-720
-1632
-1568
-488
992
1984
1760
440
-1184
-2112
-1760
-312
1248
1952
1440
164
-1056
-1504
-992
-45
720
848
472
-7
-196
-70
86
-23
-392
-720
-560
132
992
1376
912
-296
-1504
-1888
-1056
488
1824
1984
1056
-624
-1888
-1984
-912
656
1696
1632
624
-592
-1248
-1056
-344
376
624
424
78
-39
114
264
118
-376
-880
-880
-220
816
1504
1312
220
-1184
-1984
-1568
-140
1440
2112
1568
23
-1504
-1984
-1376
82
1312
1632
976
-132
-944
-992
-496
102
392
280
49
21
248
488
360
-228
-944
-1184
-624
488
1504
1696
784
-720
-1888
-1952
-784
912
1984
1952
656
-944
-1888
-1632
-456
848
1504
1120
248
-592
-848
-560
-74
180
98
-78
-27
312
688
656
43
-848
-1376
-1056
21
1312
1888
1312
-140
-1632
-2112
-1312
264
1696
1984
1184
-344
-1568
-1760
-912
360
1184
1184
496
-248
-592
-472
-132
35
-86
-264
-188
264
816
944
408
-592
-1440
-1440
-496
912
1952
1760
488
-1120
-2112
-1824
-392
1184
1984
1568
236
-1120
-1696
-1184
-98
816
1056
624
9
-360
-312
-78
-1
-212
-488
-440
82
816
1184
816
-228
-1312
-1760
-1056
392
1760
1984
1056
-528
-1888
-1984
-992
624
1760
1824
752
-592
-1440
-1248
-456
440
848
624
164
-148
-118
66
70
-244
-656
-720
-212
656
1312
1248
248
-1056
-1888
-1568
-204
1312
2112
1632
98
1
1568
2112
1376
-140
-1440
-1824
-992
220
1120
1184
592
-180
-560
-472
-132
17
-124
-328
-244
248
848
992
488
-592
-1504
-1568
-560
944
1952
1824
496
-1120
-2112
-1760
-344
1184
1952
1440
172
-1056
-1504
-992
-29
688
816
424
-17
-148
3
132
-49
-496
-816
-560
220
1120
1440
848
-456
-1632
-1888
-944
688
1952
1984
848
-816
-1952
-1824
-624
848
1632
1376
376
-656
-1056
-784
-140
312
328
106
-7
180
488
496
45
-720
-1248
-992
29
1248
1824
1248
-180
-1632
-2112
-1248
344
1760
1984
1120
-456
-1632
-1760
-816
456
1248
1120
440
-312
-624
-440
-94
25
-140
-312
-156
376
912
976
280
-816
-1568
-1440
-264
1184
1984
1632
164
-1440
-2112
-1568
-11
1440
1984
1248
-114
-1248
-1504
-816
156
784
784
344
-82
-164
11
110
-118
-560
-784
-440
408
1248
1376
624
-720
-1760
-1824
-624
992
1984
1888
496
-1120
-1984
-1696
-328
1056
1696
1248
148
-816
-1056
-688
-21
376
328
86
1
220
496
440
-98
-848
-1248
-816
280
1440
1760
992
-496
-1824
-1984
-992
688
1952
1984
816
-752
-1760
-1632
-560
688
1312
1056
280
-440
-656
-392
-51
27
-156
-280
-70
488
944
880
74
-992
-1632
-1248
25
1440
1984
1376
-180
-1696
-2112
-1312
328
1696
1952
992
-392
-1376
-1440
-656
344
880
752
248
-140
-172
17
82
-180
-592
-752
-296
560
1312
1312
360
-976
-1888
-1632
-312
1248
2112
1696
180
-1376
-1984
-1440
-21
1312
1696
1056
-86
-976
-1056
-560
94
424
312
62
17
248
488
360
-244
-944
-1184
-624
528
1568
1696
720
-816
-1952
-1952
-688
992
1984
1824
496
-1056
-1888
-1504
-296
912
1376
976
114
-528
-656
-344
-7
29
-164
-248
17
560
976
720
-132
-1120
-1632
-992
328
1632
1984
1120
-496
-1888
-1984
-992
656
1824
1888
752
-656
-1504
-1376
-456
496
944
688
156
-196
-172
23
49
-248
-624
-688
-132
752
1376
1120
106
-1184
-1888
-1440
15
1504
2112
1440
-172
-1632
-1984
-1184
280
1504
1696
880
-312
-1056
-1056
-456
204
456
296
45
35
280
472
248
-376
-992
-1120
-424
752
1632
1568
440
-1056
-1984
-1760
-344
1312
2112
1632
180
-1312
-1888
-1312
-29
1056
1376
816
-55
-624
-656
-280
29
27
-172
-220
114
656
944
592
-344
-1312
-1568
-784
624
1824
1888
816
-848
-1984
-1952
-688
976
1952
1696
472
-912
-1568
-1248
-244
656
976
624
66
-244
-172
27
9
-312
-656
-592
27
912
1376
992
-164
-1376
-1888
-1184
344
1760
2112
1120
-496
-1824
-1984
-976
592
1632
1632
624
-528
-1184
-992
-312
312
488
264
27
55
312
440
148
-496
-1056
-992
-196
976
1696
1376
132
-1376
-1984
-1504
3
1568
2112
1376
-148
-1504
-1888
-1056
236
1248
1312
656
-220
-720
-624
-220
62
21
-172
-164
204
720
912
