1651 2 0 0 0
1
1504
2112
1632
280
-1184
-1984
-1760
-528
944
1824
1760
720
-624
-1568
-1632
-816
328
1184
1376
816
-106
-880
-1056
-720
-45
528
752
528
102
-248
-360
-236
-55
31
-19
-110
-94
94
360
488
328
-118
-624
-880
-624
37
816
1184
976
132
-880
-1504
-1312
-376
848
1696
1632
656
-720
-1824
-1888
-976
496
1760
1984
1248
-248
-1632
-2112
-1504
-29
1440
2112
1632
312
-1184
-1984
-1760
-528
880
1760
1696
720
-560
-1440
-1504
-784
296
1120
1312
784
-82
-784
-976
-624
-49
456
592
424
82
-172
-220
-118
-9
-25
-148
-244
-156
124
472
624
408
-124
-720
-992
-720
23
880
1312
1056
164
-944
-1568
-1376
-424
880
1760
1696
720
-720
-1824
-1952
-992
496
1760
2112
1312
-228
-1632
-2112
-1504
-59
1376
2112
1632
328
-1120
-1952
-1696
-560
816
1696
1632
688
-496
-1376
-1440
-752
248
992
1184
720
-59
-688
-848
-560
-51
360
472
312
59
-98
-86
5
35
-82
-264
-376
-228
156
560
752
496
-132
-816
-1120
-816
9
944
1440
1120
196
-976
-1696
-1504
-472
880
1824
1824
752
-720
-1888
-1984
-1056
488
1760
2112
1312
-196
-1632
-2112
-1504
-86
1376
1984
1632
344
-1056
-1888
-1632
-560
752
1632
1568
688
-472
-1248
-1312
-720
220
944
1056
624
-39
-560
-720
-472
-47
264
328
196
31
-23
49
132
86
-132
-392
-496
-296
188
688
880
560
-132
-912
-1248
-912
-7
992
1504
1248
236
-992
-1760
-1568
-496
912
1888
1888
816
-688
-1888
-1984
-1056
456
1760
2112
1312
-172
-1568
-2112
-1504
-114
1312
1984
1632
360
-992
-1824
-1568
-560
720
1504
1440
656
-424
-1184
-1248
-656
180
816
944
560
-21
-488
-560
-360
-41
180
196
86
1
45
180
248
140
-180
-496
-624
-360
212
784
992
656
-132
-976
-1312
-992
-29
1056
1632
1312
264
-992
-1824
-1632
-528
912
1888
1888
848
-688
-1888
-1984
-1120
424
1760
2112
1376
-140
-1568
-2112
-1504
-140
1248
1952
1568
376
-976
-1760
-1504
-528
656
1440
1376
624
-376
-1056
-1120
-592
148
720
816
488
-7
-376
-456
-264
-29
94
59
-31
-33
114
312
392
196
-220
-624
-752
-440
228
880
1120
752
-124
-992
-1440
-1056
-53
1056
1696
1440
296
-992
-1888
-1696
-592
912
1952
1952
880
-656
-1888
-2112
-1120
392
1760
2112
1376
-110
-1504
-1984
-1504
-164
1184
1888
1568
392
-912
-1632
-1440
-528
592
1312
1312
592
-312
-976
-992
-560
118
592
688
408
1
-280
-312
-164
-13
7
-78
-148
-70
172
440
496
248
-248
-752
-880
-496
244
976
1248
816
-122
-1120
-1568
-1120
-78
1120
1824
1504
344
-1056
-1952
-1760
-624
880
1952
1984
944
-656
-1888
-2112
-1184
360
1696
2112
1376
-78
-1440
-1984
-1504
-188
1120
1824
1504
392
-848
-1568
-1376
-528
528
1184
1184
560
-264
-848
1
1504
2112
1632
248
-1248
-1984
-1696
-472
976
1824
1696
624
-688
-1504
-1504
-688
408
1184
1248
656
-180
-816
-912
-528
35
456
528
312
21
-132
-106
1
19
-114
-312
-360
-156
264
688
752
376
-328
-992
-1120
-656
296
1184
1504
976
-164
-1312
-1824
-1312
-37
1312
1984
1568
280
-1184
-1984
-1824
-528
992
1984
1952
784
-816
-1952
-1984
-976
528
1696
1952
1056
-264
-1376
-1760
-1120
47
1056
1440
992
114
-752
-1056
-848
-188
440
688
560
164
-172
-296
-196
-45
1
-94
-204
-164
82
424
624
456
-62
-688
-992
-784
-47
848
1376
1120
244
-912
-1632
-1504
-488
848
1824
1824
752
-720
-1888
-1984
-992
496
1824
2112
1248
-264
-1696
-2112
-1440
19
1440
1984
1504
212
-1120
-1824
-1504
-392
848
1568
1376
488
-528
-1184
-1120
-496
296
816
816
392
-110
-424
-424
-204
11
78
1
-78
-11
204
424
424
110
-392
-816
-816
-296
496
1120
1184
528
-488
-1376
-1568
-848
392
1504
1824
1120
-212
-1504
-1984
-1440
-19
1440
2112
1696
264
-1248
-2112
-1824
-496
992
1984
1888
720
-752
-1824
-1824
-848
488
1504
1632
912
-244
-1120
-1376
-848
47
784
992
688
62
-456
-624
-424
-82
164
204
94
1
45
196
296
172
-164
-560
-688
-440
188
848
1056
752
-114
-992
-1440
-1056
-47
1120
1760
1376
264
-1056
-1952
-1696
-528
976
1984
1952
816
-784
-1952
-1984
-992
528
1824
1984
1184
-280
-1568
-1984
-1312
37
1312
1824
1312
164
-976
-1504
-1184
-296
656
1120
992
328
-376
-752
-688
-264
156
360
312
114
-19
1
106
132
-21
-312
-528
-456
-35
528
912
816
180
-656
-1248
-1184
-408
688
1504
1504
688
-624
-1696
-1824
-976
472
1696
1984
1248
-248
-1632
-2112
-1504
1
1504
2112
1632
248
-1248
-1984
-1696
-472
976
1824
1696
624
-688
-1504
-1504
-688
408
1184
1248
656
-180
-816
-912
-528
35
456
528
312
21
-132
-106
1
19
-114
-312
-360
-156
264
688
752
376
-328
-992
-1120
-656
296
1184
1504
976
-164
-1312
-1824
-1312
-37
1312
1984
1568
280
-1184
-1984
-1824
-528
992
1984
1952
784
-816
-1952
-1984
-976
528
1696
1952
1056
-264
-1376
-1760
-1120
47
1056
1440
992
114
-752
-1056
-848
-188
440
688
560
164
-172
-296
-196
-45
1
-94
-204
-164
82
424
624
456
-62
-688
-992
-784
-47
848
1376
1120
244
-912
-1632
-1504
-488
848
1824
1824
752
-720
-1888
-1984
-992
496
1824
2112
1248
-264
-1696
-2112
-1440
19
1440
1984
1504
212
-1120
-1824
-1504
-392
848
1568
1376
488
-528
-1184
-1120
-496
296
816
816
392
-110
-424
-424
-204
11
78
1
-78
-11
204
424
424
110
-392
-816
-816
-296
496
1120
1184
528
-488
-1376
-1568
-848
392
1504
1824
1120
-212
-1504
-1984
-1440
-19
1440
2112
1696
264
