1651 2 0 0 0
1
1632
2112
1184
-496
-1888
-1952
-720
944
1952
1568
220
-1248
-1824
-1120
212
1312
1504
688
-496
-1248
-1120
-264
624
992
688
-7
-560
-656
-312
118
328
248
59
-35
19
98
21
-212
-408
-328
82
560
752
392
-360
-992
-992
-264
752
1376
1056
-35
-1184
-1632
-944
472
1632
1760
624
-976
-1952
-1632
-188
1440
2112
1376
-328
-1824
-1984
-944
848
1984
1888
440
-1248
-1984
-1504
70
1504
1888
992
-496
-1632
-1568
-528
784
1504
1120
110
-912
-1184
-720
172
816
848
344
-280
-560
-456
-82
196
228
94
1
49
156
132
-102
-408
-496
-196
376
816
720
66
-752
-1184
-784
236
1184
1376
624
-656
-1632
-1504
-328
1120
1888
1376
-118
-1568
-1984
-1056
624
1952
1952
624
-1120
-2112
-1696
-122
1504
2112
1312
-392
-1760
-1952
-816
816
1824
1568
312
-1056
-1696
-1120
110
1184
1376
688
-392
-1056
-992
-280
496
848
592
29
-408
-472
-228
55
156
86
-1
45
196
248
62
-312
-592
-472
62
688
944
496
-360
-1120
-1120
-376
784
1504
1184
55
-1248
-1760
-1056
392
1696
1888
752
-880
-1984
-1760
-312
1376
2112
1440
-204
-1760
-2112
-1056
720
1952
1888
528
-1120
-1984
-1504
-41
1376
1824
992
-376
-1440
-1504
-560
656
1312
1056
172
-752
-1056
-656
94
656
688
296
-180
-408
-296
-61
78
45
-37
1
180
344
248
-124
-560
-656
-296
408
976
880
140
-816
-1312
-944
172
1248
1568
784
-592
-1696
-1632
-456
1056
1952
1504
-1
-1568
-1984
-1184
496
1952
1984
752
-992
-2112
-1760
-244
1376
2112
1376
-264
-1632
-1888
-880
688
1696
1568
392
-944
-1568
-1120
19
992
1248
656
-280
-944
-880
-280
360
656
472
49
-264
-296
-124
13
1
-90
-86
110
360
424
124
-392
-752
-624
23
784
1056
656
-344
-1184
-1312
-488
784
1568
1376
156
-1248
-1888
-1184
296
1696
1952
912
-816
-1984
-1888
-440
1248
2112
1568
-78
-1696
-2112
-1120
560
1888
1888
624
-992
-1888
-1504
-140
1248
1760
1056
-264
-1312
-1440
-592
528
1184
992
212
-592
-912
-592
35
496
528
236
-102
-236
-140
-17
-17
-132
-180
-21
296
496
376
-124
-688
-848
-408
440
1056
1056
236
-848
-1440
-1056
98
1312
1696
912
-528
-1696
-1760
-560
1056
1984
1632
114
-1504
-2112
-1312
408
1888
1984
880
-912
-1984
-1824
-360
1312
1984
1376
-140
-1504
-1824
-912
528
1568
1504
456
-816
-1440
-1056
-55
880
1120
624
-188
-752
-752
-264
248
488
344
49
-132
-114
-11
-5
-140
-264
-180
148
496
592
204
-456
-912
-784
-33
880
1248
784
-296
-1312
-1440
-624
752
1696
1504
264
-1184
-1952
-1376
196
1696
1984
992
-720
-1984
-1952
-560
1184
2112
1632
41
-1568
-2112
-1184
456
1760
1888
720
-848
-1824
-1504
-236
1056
1632
1056
-156
-1120
-1312
-592
408
992
912
1
1632
2112
1184
-528
-1888
-1952
-656
992
1952
1504
132
-1248
-1760
-992
296
1312
1376
528
-560
-1120
-944
-148
592
816
488
-70
-440
-408
-140
78
98
1
-21
124
312
296
-21
-488
-720
-440
264
944
992
344
-688
-1376
-1120
-47
1184
1696
992
-408
-1632
-1824
-688
944
1984
1696
220
-1440
-2112
-1376
328
1824
1984
912
-880
-1984
-1824
-360
1248
1984
1376
-156
-1504
-1760
-848
560
1504
1376
360
-784
-1248
-912
9
784
912
456
-196
-560
-488
-132
156
212
82
1
74
212
196
-82
-456
-592
-280
360
912
848
148
-784
-1248
-912
180
1248
1568
752
-656
-1696
-1632
-392
1184
1984
1440
-106
-1632
-1984
-1056
656
1984
1952
592
-1120
-2112
-1632
-45
1504
1984
1120
-456
-1696
-1760
-624
816
1632
1312
140
-992
-1376
-816
196
944
976
376
-344
-688
-528
-86
264
312
140
-7
1
102
102
-110
-392
-472
-148
424
816
688
-19
-848
-1184
-688
376
1312
1376
496
-848
-1696
-1376
-98
1376
1952
1184
-424
-1824
-1984
-784
976
1984
1824
264
-1440
-2112
-1376
280
1760
1984
912
-752
-1888
-1632
-360
1056
1760
1184
-98
-1184
-1440
-688
408
1056
992
264
-496
-816
-528
-5
392
424
180
-51
-94
1
35
-102
-312
-344
-43
440
720
496
-156
-880
-1056
-488
528
1312
1184
244
-992
-1696
-1184
180
1504
1888
912
-688
-1952
-1824
-488
1248
2112
1568
-62
-1696
-2112
-1120
592
1952
1952
624
-1056
-1984
-1504
-82
1312
1824
992
-360
-1376
-1440
-528
624
1248
992
124
-688
-944
-528
106
528
496
180
-124
-204
-90
1
-62
-212
-228
29
424
624
360
-264
-848
-912
-280
656
1248
992
1
-1120
-1568
-944
440
1632
1696
624
-976
-1952
-1632
-156
1440
2112
1312
-392
-1888
-1984
-848
944
1984
1760
312
-1312
-1984
-1312
220
1568
1824
816
-624
-1568
-1376
-328
848
1376
944
-47
-880
-992
-488
244
656
560
148
-228
-312
-164
-1
1
-106
-124
70
376
496
228
-344
-816
-752
-110
752
1184
816
-212
-1184
-1440
-688
656
1632
1568
328
-1184
-1952
-1376
164
1696
1984
992
-720
-1984
-1952
-528
1184
2112
1568
-15
-1568
-1984
-1120
528
1760
1760
592
-912
-1696
-1312
-102
1056
1440
848
-248
-992
-1056
-392
408
784
592
86
-344
-424
-212
25
86
1
-47
78
296
360
110
-376
-720
-592
45
784
1056
624
-392
-1248
-1312
-424
880
1632
1312
43
-1376
-1888
-1120
472
1824
1952
720
-992
-1984
-1760
-204
1504
2112
1376
-344
-1824
-1984
-848
848
1952
1696
312
-1184
-1824
-1184
148
1312
1504
688
-472
-1184
-1056
-264
560
912
592
-11
-488
-496
-228
86
188
98
1
55
212
248
21
-376
-624
-440
164
816
976
424
-528
-1248
-1120
-188
992
1632
1056
-228
-1504
-1824
-848
752
1888
1760
408
-1248
-2112
-1504
124
1696
