1651 2 0 0 0
1
1248
1984
1984
1312
172
-912
-1568
-1568
-992
-228
488
848
784
456
106
-66
-1
196
312
204
-196
-720
-1120
-1120
-624
264
1184
1824
1760
992
-164
-1376
-1984
-1984
-1248
-15
1184
1888
1888
1184
164
-784
-1312
-1312
-816
-180
328
496
408
164
1
62
312
560
624
328
-280
-976
-1440
-1376
-752
296
1312
1984
1888
1056
-156
-1376
-1984
-1984
-1184
-31
1056
1760
1696
1056
148
-624
-992
-976
-560
-118
172
188
21
-140
-106
188
592
944
944
472
-344
-1184
-1696
-1632
-848
296
1440
1984
1984
1120
-140
-1312
-1984
-1952
-1120
-43
976
1504
1440
880
124
-472
-720
-592
-312
-45
11
-140
-360
-440
-212
296
912
1248
1184
560
-392
-1376
-1952
-1760
-944
296
1440
2112
1984
1120
-118
-1248
-1888
-1760
-1056
-51
816
1248
1120
656
98
-296
-392
-236
-27
33
-140
-472
-752
-720
-328
392
1120
1568
1440
688
-424
-1504
-1984
-1888
-976
296
1440
1984
1952
1056
-94
-1120
-1696
-1568
-912
-53
624
944
816
424
57
-114
-41
148
248
118
-280
-784
-1056
-992
-424
472
1312
1824
1632
752
-456
-1568
-2112
-1952
-992
264
1376
1984
1824
992
-70
-992
-1440
-1248
-720
-47
440
592
440
172
5
66
296
528
528
204
-408
-1056
-1376
-1248
-496
528
1504
1984
1760
816
-456
-1568
-2112
-1888
-992
248
1312
1824
1632
912
-49
-816
-1120
-976
-496
-35
244
244
62
-94
-47
244
624
912
816
280
-496
-1312
-1696
-1440
-592
560
1632
2112
1824
848
-440
-1568
-1984
-1824
-944
212
1184
1632
1376
752
-29
-592
-816
-624
-280
-15
37
-118
-312
-360
-106
392
944
1248
1056
360
-592
-1504
-1888
-1632
-656
592
1696
2112
1888
880
-408
-1440
-1952
-1696
-848
172
992
1312
1120
560
-13
-392
-456
-264
-51
7
-164
-472
-688
-624
-172
528
1184
1504
1248
440
-656
-1632
-1984
-1696
-688
592
1696
2112
1824
848
-360
-1312
-1760
-1504
-752
132
784
992
816
376
-3
-164
-82
106
196
39
-344
-816
-992
-880
-228
656
1440
1760
1440
496
-720
-1760
-2112
-1760
-720
560
1632
1984
1696
784
-312
-1184
-1504
-1248
-592
94
560
656
472
172
1
59
280
488
440
74
-528
-1120
-1376
-1056
-280
752
1632
1984
1568
528
-720
-1760
-2112
-1760
-720
528
1504
1888
1568
720
-248
-976
-1184
-976
-440
57
312
296
98
-55
1
280
624
848
688
114
-688
-1376
-1632
-1248
-344
816
1760
2112
1632
560
-720
-1760
-2112
-1696
-688
472
1376
1696
1312
592
-196
-752
-880
-624
-248
23
70
-82
-264
-280
-7
488
976
1184
912
156
-816
-1568
-1888
-1440
-392
848
1824
2112
1696
592
-688
-1696
-1984
-1568
-624
408
1120
1376
1056
472
-132
-488
-496
-296
-62
-3
-172
-456
-624
-496
-21
656
1248
1440
1056
196
-912
-1760
-1984
-1504
-424
880
1888
1
1248
1984
1984
1248
132
-944
-1568
-1504
-976
-172
488
784
656
344
57
-27
122
344
424
204
-312
-912
-1312
-1184
-528
472
1440
1952
1760
848
-424
-1568
-2112
-1952
-976
264
1312
1824
1632
848
-98
-848
-1120
-944
-472
-1
236
188
-1
-132
-29
312
752
992
816
188
-688
-1440
-1760
-1376
-408
816
1824
2112
1696
592
-688
-1696
-1984
-1568
-624
456
1248
1440
1056
456
-180
-528
-528
-296
-61
-7
-188
-488
-624
-472
62
784
1376
1440
992
13
-1056
-1888
-1984
-1376
-164
1120
1952
1984
1440
280
-880
-1568
-1696
-1120
-296
488
912
880
528
132
-86
-49
148
296
188
-196
-720
-1120
-1120
-592
312
1248
1824
1760
976
-264
-1440
-2112
-1984
-1120
122
1248
1888
1760
992
17
-848
-1248
-1120
-624
-62
296
360
188
-7
-33
188
560
816
752
248
-528
-1248
-1632
-1376
-528
624
1696
2112
1760
752
-528
-1632
-1984
-1760
-816
344
1248
1568
1248
592
-132
-624
-720
-496
-172
5
-53
-280
-472
-408
-13
592
1184
1376
992
140
-912
-1760
-1984
-1440
-328
976
1888
2112
1568
456
-752
-1632
-1824
-1312
-440
440
992
1056
720
236
-118
-196
-51
132
148
-106
-528
-944
-992
-624
172
1056
1696
1696
1056
-98
-1312
-1984
-1984
-1248
-41
1184
1952
1952
1184
156
-816
-1376
-1312
-816
-148
344
496
392
140
-3
86
360
624
656
296
-376
-1056
-1504
-1376
-624
472
1504
1984
1824
912
-392
-1568
-2112
-1888
-976
220
1184
1696
1440
784
-57
-656
-880
-688
-312
-5
62
-86
-280
-328
-62
456
976
1248
992
248
-752
-1632
-1952
-1504
-472
784
1824
2112
1696
624
-624
-1632
-1888
-1504
-592
376
1056
1184
912
360
-118
-328
-248
-37
78
-41
-376
-752
-912
-624
55
912
1568
1696
1120
55
-1120
-1952
-1984
-1376
-204
1056
1888
1984
1376
296
-752
-1440
-1440
-992
-264
360
656
592
296
53
7
188
440
528
296
-248
-912
-1376
-1312
-720
312
1312
1952
1888
992
-228
-1440
-2112
-1984
-1120
74
1184
1760
1632
944
45
-688
-992
-880
-472
-51
156
94
-102
-220
-86
296
784
1056
944
328
-560
-1440
-1824
-1568
-592
624
1696
2112
1824
784
-496
-1568
-1984
-1632
-784
280
1056
1376
1056
496
-86
-424
-440
-228
-17
-3
-228
-560
-752
-592
-41
720
1376
1568
1120
196
-976
-1824
-1984
-1504
-376
944
1888
1984
1568
472
-688
-1440
-1632
-1184
-408
344
784
784
488
140
-39
27
244
392
280
-140
-720
-1184
-1248
-752
164
1184
1888
1888
1120
-62
-1248
-1984
-1984
-1312
-82
1056
1824
1760
1120
172
-688
-1120
-1056
-624
-124
220
264
98
-82
-74
188
592
912
880
392
-424
-1248
-1696
-1568
-720
472
1568
2112
1888
944
-344
-1504
-1984
-1824
-944
164
1056
1504
1248
656
-25
-496
-592
-424
-140
1
-98
-360
-560
-528
-110
