1651 2 0 0 0
1
1248
1888
1504
624
-124
-264
140
528
392
-440
-1504
-1984
-1632
-456
880
1568
1440
688
39
-47
392
848
720
-132
-1312
-1984
-1952
-880
424
1248
1248
624
86
70
592
1120
1056
248
-992
-1984
-1984
-1184
15
880
976
488
13
74
688
1376
1440
688
-624
-1760
-1984
-1440
-328
496
656
248
-164
-43
656
1504
1760
1120
-188
-1440
-1952
-1504
-560
220
376
-25
-424
-264
528
1504
1984
1504
264
-992
-1696
-1504
-688
11
124
-296
-720
-560
264
1376
1984
1824
720
-592
-1376
-1312
-688
-82
-35
-496
-992
-944
-86
1120
1984
1984
1056
-180
-992
-1056
-560
-57
-86
-656
-1248
-1312
-496
816
1888
1984
1376
196
-656
-784
-344
78
-17
-688
-1440
-1632
-944
376
1568
1984
1504
488
-328
-488
-90
312
164
-592
-1504
-1952
-1376
-86
1184
1824
1504
656
-86
-220
188
592
456
-392
-1440
-1984
-1696
-528
784
1504
1376
688
57
-17
440
912
784
-66
-1248
-1984
-1952
-944
344
1184
1184
624
82
78
624
1184
1120
328
-976
-1952
-1984
-1248
-51
816
912
456
-9
61
688
1376
1504
752
-560
-1696
-1984
-1440
-376
472
592
204
-204
-78
656
1504
1824
1184
-106
-1376
-1952
-1504
-592
172
312
-74
-472
-312
488
1504
1984
1568
360
-976
-1696
-1440
-688
-11
86
-344
-784
-656
212
1376
1984
1888
784
-528
-1312
-1312
-656
-86
-55
-560
-1056
-992
-156
1056
1984
1984
1120
-106
-976
-992
-528
-41
-82
-688
-1312
-1376
-592
720
1824
1984
1376
248
-592
-720
-312
114
5
-688
-1504
-1696
-992
296
1504
1984
1504
496
-280
-440
-37
360
212
-560
-1504
-1952
-1440
-172
1120
1760
1504
656
-51
-172
236
656
496
-328
-1440
-1984
-1760
-624
688
1440
1376
688
70
7
472
976
848
1
-1184
-1984
-1984
-992
264
1120
1120
592
74
86
624
1184
1248
408
-912
-1952
-1984
-1312
-118
752
880
408
-39
45
688
1440
1568
848
-488
-1696
-1984
-1504
-424
408
560
148
-248
-114
624
1504
1888
1248
-21
-1312
-1888
-1504
-624
132
264
-124
-528
-376
456
1504
1984
1632
440
-880
-1632
-1440
-688
-35
55
-392
-848
-720
148
1312
1984
1952
848
-456
-1248
-1248
-656
-86
-66
-560
-1120
-1056
-236
992
1984
1984
1184
-33
-912
-992
-496
-19
-74
-688
-1376
-1440
-656
656
1824
1984
1440
312
-528
-688
-248
156
35
-656
-1504
-1760
-1056
212
1440
1952
1504
560
-236
-376
11
408
248
-528
-1504
-1984
-1504
-248
1056
1760
1504
688
-19
-132
280
720
560
-280
-1376
-1984
-1824
-688
624
1376
1312
688
78
29
496
992
944
70
-1184
-1984
-1984
-1056
196
1056
1056
560
61
86
656
1248
1312
488
-816
-1888
-1984
-1312
-180
688
816
360
-70
23
688
1440
1632
944
-392
-1632
-1984
-1504
-472
344
496
102
-296
-156
592
1504
1888
1312
62
1
1312
1888
1504
592
-132
-228
196
592
376
-496
-1568
-1984
-1568
-344
944
1568
1312
560
-1
53
560
976
688
-312
-1504
-2112
-1824
-624
592
1184
992
392
3
236
880
1312
1056
-23
-1312
-2112
-1888
-848
264
848
656
122
-114
280
1056
1696
1376
312
-1056
-1952
-1824
-976
21
472
248
-236
-344
220
1184
1888
1760
656
-720
-1632
-1696
-944
-124
180
-124
-624
-656
35
1120
1984
1952
976
-376
-1312
-1376
-784
-140
-7
-456
-992
-992
-244
992
1984
1984
1184
-53
-944
-992
-528
-39
-82
-688
-1312
-1376
-560
752
1888
1984
1312
204
-592
-656
-196
180
-27
-816
-1568
-1760
-944
440
1632
1952
1312
360
-296
-264
196
496
140
-784
-1760
-1984
-1248
86
1248
1696
1184
408
-90
61
592
880
424
-656
-1760
-2112
-1504
-244
912
1312
976
312
1
312
944
1248
752
-424
-1632
-2112
-1696
-496
560
976
656
102
-41
440
1184
1568
1120
-114
-1440
-1984
-1696
-688
264
592
264
-204
-204
456
1376
1888
1440
236
-1120
-1824
-1632
-752
51
248
-132
-560
-472
344
1440
1984
1760
560
-752
-1504
-1376
-656
-49
-9
-496
-976
-816
114
1312
2112
1952
848
-424
-1120
-1056
-488
-23
-164
-784
-1312
-1184
-188
1120
1984
1984
992
-110
-784
-688
-180
124
-188
-976
-1632
-1504
-528
848
1824
1888
1120
114
-440
-296
180
376
-86
-1056
-1824
-1824
-880
496
1568
1696
1056
228
-172
66
560
720
124
-992
-1952
-1984
-1184
164
1184
1440
912
220
-7
376
976
1056
424
-816
-1888
-2112
-1376
-140
848
1056
624
82
31
560
1248
1440
784
-528
-1696
-2112
-1504
-376
496
656
264
-164
-55
656
1504
1760
1120
-204
-1440
-1952
-1440
-496
228
296
-132
-496
-248
624
1632
1984
1440
140
-1120
-1696
-1312
-496
49
-11
-496
-880
-528
472
1632
2112
1696
456
-752
-1312
-1056
-392
-5
-236
-848
-1248
-912
212
1440
2112
1824
720
-424
-944
-720
-164
66
-344
-1120
-1568
-1248
-114
1248
1984
1824
848
-140
-560
-328
156
248
-312
-1248
-1888
-1568
-472
912
1760
1696
880
45
-248
66
528
528
-172
-1248
-1984
-1888
-784
560
1440
1440
784
114
-17
424
944
912
74
-1120
-1984
-1984
-1056
228
1056
1120
560
57
102
688
1248
1248
392
-944
-1952
-1984
-1184
-61
720
720
248
-122
94
848
1568
1632
752
-624
-1760
-1952
-1248
-248
392
344
-124
-408
-33
880
1760
1888
1056
-280
-1440
-1760
-1184
-344
148
-9
-496
-752
-264
816
1824
1984
1376
51
-1056
-1440
-992
-296
13
-296
-912
-1120
-592
592
1760
2112
1568
344
-720
-1056
-688
-132
5
-472
-1184
-1504
-944
312
1568
2112
1632
560
-392
-688
-328
132
122
-528
-1376
-1824
-1312
-29
1248
1952
1568
656
-140
-312
66
488
344
-456
-1504
-1984
-1568
-376
944
1632
1376
624
3
-27
456
880
