1651 2 0 0 0
1
1376
1984
1568
496
-488
-848
-528
-102
-13
-440
-992
-1056
-424
816
1888
1984
1184
-248
-1440
-1824
-1184
-244
424
472
98
-148
124
816
1376
1248
264
-1056
-1984
-1984
-944
472
1440
1504
848
62
-248
-41
312
280
-328
-1184
-1696
-1248
-35
1376
2112
1824
624
-624
-1248
-1120
-472
15
-13
-424
-656
-312
592
1568
1888
1184
-228
-1568
-1984
-1504
-360
656
992
656
164
13
376
880
944
244
-944
-1888
-1952
-992
488
1632
1888
1184
124
-560
-624
-228
61
-156
-784
-1248
-1056
-62
1248
1984
1888
752
-688
-1632
-1568
-816
23
392
188
-180
-180
392
1184
1568
1056
-172
-1504
-2112
-1696
-472
816
1440
1184
488
-74
-94
264
496
180
-688
-1568
-1760
-976
440
1696
2112
1440
204
-848
-1120
-784
-196
15
-280
-720
-752
-74
992
1888
1824
784
-688
-1824
-1952
-1120
9
752
784
344
1
148
688
1120
880
-118
-1376
-1984
-1760
-528
912
1760
1632
784
-140
-528
-344
49
86
-424
-1120
-1440
-880
376
1632
2112
1568
264
-992
-1568
-1248
-456
164
228
-124
-360
-62
752
1504
1632
752
-656
-1824
-2112
-1312
-17
992
1312
848
196
-78
164
560
592
-66
-1056
-1824
-1696
-560
912
1952
1952
992
-172
-944
-944
-440
-29
-122
-592
-976
-688
280
1440
1984
1632
312
-1120
-1888
-1632
-688
280
688
488
61
-27
408
992
1248
656
-560
-1760
-2112
-1440
-57
1184
1696
1248
392
-280
-360
-19
236
-25
-752
-1440
-1440
-528
848
1952
1984
1184
-180
-1184
-1440
-912
-172
164
-39
-424
-440
180
1120
1760
1504
344
-1056
-1984
-1952
-880
360
1056
1056
496
31
61
488
816
496
-424
-1504
-1984
-1440
-98
1312
1984
1632
592
-440
-880
-624
-148
-1
-376
-944
-1056
-488
720
1824
1984
1248
-164
-1440
-1824
-1312
-312
424
496
164
-124
86
752
1312
1248
344
-992
-1984
-1984
-992
392
1376
1568
912
110
-280
-102
264
296
-264
-1120
-1696
-1312
-124
1248
2112
1888
720
-560
-1248
-1184
-528
1
27
-360
-624
-360
528
1504
1888
1248
-124
-1504
-1984
-1568
-456
624
992
752
212
1
312
816
912
296
-848
-1824
-1984
-1056
392
1568
1952
1248
196
-560
-688
-280
37
-118
-688
-1184
-1056
-140
1120
1984
1952
848
-592
-1568
-1632
-912
-19
408
248
-124
-180
328
1120
1568
1120
-82
-1440
-2112
-1760
-560
752
1440
1248
528
-61
-132
212
488
212
-624
-1504
-1760
-1056
344
1632
2112
1504
280
-816
-1184
-848
-244
27
-220
-656
-752
-132
944
1824
1888
880
-592
-1760
-1952
-1184
-57
752
848
408
21
114
624
1056
912
-39
-1248
-1984
-1824
-624
816
1760
1696
848
-98
-560
-408
1
94
-360
-1056
-1376
-944
280
1568
2112
1632
360
-976
-1632
-1312
-528
148
264
-62
-344
-98
656
1440
1632
848
-560
-1824
-2112
-1376
-102
992
1312
912
1
1376
1984
1568
472
-488
-816
-496
-59
-29
-496
-1056
-1120
-360
912
1952
1984
1056
-392
-1504
-1696
-992
-122
392
296
-94
-212
248
1056
1568
1184
35
-1376
-2112
-1824
-624
688
1376
1184
528
-39
-66
312
560
244
-656
-1568
-1824
-1056
376
1696
1984
1440
220
-784
-992
-624
-124
-29
-424
-912
-848
-55
1120
1984
1888
720
-752
-1760
-1760
-944
74
624
496
74
-74
312
992
1376
912
-296
-1568
-2112
-1632
-312
992
1632
1312
472
-172
-244
114
360
49
-784
-1568
-1632
-720
720
1888
1984
1248
-78
-1056
-1248
-720
-124
37
-296
-688
-592
196
1248
1952
1568
360
-1120
-1952
-1760
-784
328
880
688
204
-7
312
880
1120
560
-592
-1760
-2112
-1376
55
1312
1824
1312
344
-360
-456
-82
180
-86
-816
-1440
-1312
-360
992
1984
1984
976
-408
-1312
-1376
-752
-61
164
-122
-472
-344
392
1312
1824
1312
-15
-1440
-2112
-1696
-528
624
1120
848
280
-7
244
720
880
280
-848
-1824
-1952
-1056
424
1632
1952
1184
148
-592
-656
-248
51
-156
-784
-1248
-992
-17
1312
2112
1888
656
-752
-1632
-1504
-720
74
344
74
-264
-156
496
1312
1632
976
-376
-1696
-2112
-1504
-236
944
1312
976
280
-74
110
528
624
35
-992
-1824
-1760
-688
784
1888
1952
1056
-106
-880
-880
-392
-15
-148
-688
-1056
-752
280
1504
1984
1632
296
-1120
-1824
-1568
-592
264
560
264
-94
-23
560
1248
1376
624
-688
-1888
-2112
-1312
102
1248
1504
992
220
-212
-62
328
392
-164
-1056
-1760
-1504
-328
1120
1984
1888
848
-408
-1120
-992
-472
-15
-82
-528
-816
-472
528
1568
1984
1312
-70
-1440
-1984
-1504
-408
496
784
456
35
45
560
1120
1120
296
-992
-1984
-1984
-992
472
1504
1696
976
82
-392
-248
124
204
-296
-1056
-1568
-1184
31
1376
2112
1760
560
-720
-1376
-1184
-488
51
43
-344
-592
-220
720
1632
1824
992
-440
-1696
-1984
-1376
-164
784
992
592
102
45
472
944
848
1
-1184
-1984
-1824
-656
816
1760
1760
880
-114
-624
-472
-43
74
-360
-1056
-1376
-848
360
1632
2112
1568
244
-1056
-1632
-1248
-424
188
220
-148
-376
-17
816
1568
1568
656
-784
-1952
-1984
-1184
132
1056
1184
688
106
-23
328
720
560
-248
-1312
-1952
-1568
-280
1184
1984
1760
720
-360
-848
-656
-172
5
-344
-944
-1120
-528
656
1824
1984
1312
-124
-1376
-1760
-1248
-296
376
424
45
-188
118
848
1440
1312
296
-1056
-1984
-1984
-912
472
1376
1376
720
35
-148
156
496
328
-440
-1376
-1824
-1248
86
1440
2112
1632
472
-656
-1056
-816
-244
5
-264
-752
-880
-244
912
1888
1952
992
-496
-1696
-1888
-1184
-98
592
624
220
-61
188
816
1248
992
-43
-1376
-2112
-1824
-592
816
1632
1440
656
-98
-328
-37
280
140
-560
-1376
-1632
-944
456
1760
