1651 2 0 0 0
1
1312
1984
1824
912
-244
-992
-1184
-816
-244
110
66
-220
-392
-172
456
1184
1504
1120
124
-1120
-1984
-1984
-1184
164
1376
1888
1568
656
-296
-848
-816
-440
-66
-21
-312
-656
-656
-164
720
1504
1760
1184
-19
-1312
-2112
-1952
-992
312
1312
1696
1248
424
-280
-560
-408
-78
41
-220
-688
-992
-848
-90
976
1824
1888
1120
-188
-1440
-2112
-1824
-784
408
1248
1376
912
228
-212
-228
37
244
78
-472
-1056
-1376
-976
35
1184
1984
1952
992
-360
-1504
-1984
-1568
-560
456
992
992
528
82
-55
156
472
496
51
-752
-1440
-1632
-992
196
1440
2112
1888
848
-496
-1504
-1760
-1248
-360
440
752
560
196
1
164
560
848
688
-41
-992
-1760
-1760
-976
376
1632
2112
1760
656
-592
-1376
-1504
-944
-188
328
408
140
-102
-17
440
976
1184
784
-180
-1312
-1984
-1824
-848
528
1696
1984
1568
456
-624
-1184
-1120
-592
-62
156
1
-280
-344
33
720
1376
1440
816
-360
-1504
-2112
-1824
-688
688
1696
1888
1248
264
-592
-944
-720
-296
-3
-78
-424
-656
-496
148
992
1696
1632
752
-528
-1696
-2112
-1696
-496
784
1568
1632
976
114
-488
-560
-312
-13
-11
-376
-848
-992
-592
312
1312
1952
1696
656
-720
-1824
-2112
-1504
-312
816
1376
1248
656
13
-280
-180
106
212
-90
-688
-1248
-1248
-624
496
1632
1984
1696
496
-880
-1824
-1952
-1248
-140
752
1120
880
360
-19
-29
248
496
360
-228
-992
-1568
-1440
-560
688
1824
2112
1568
328
-976
-1760
-1696
-976
-11
624
752
472
102
11
280
688
816
440
-408
-1312
-1824
-1504
-472
912
1952
2112
1376
156
-992
-1568
-1376
-656
62
440
360
61
-98
114
624
1056
1056
456
-624
-1632
-1984
-1504
-312
1056
1952
1952
1120
1
-944
-1248
-992
-392
74
164
-70
-312
-236
264
976
1440
1248
392
-848
-1888
-2112
-1440
-148
1120
1888
1760
912
-114
-816
-944
-592
-164
19
-164
-496
-624
-296
488
1312
1760
1376
280
-1056
-1984
-1984
-1248
19
1184
1696
1440
656
-172
-592
-528
-212
17
-106
-528
-944
-912
-296
720
1632
1952
1376
124
-1184
-1984
-1952
-1056
164
1120
1440
1056
408
-164
-312
-110
148
132
-280
-912
-1312
-1056
-220
976
1888
1984
1248
-43
-1312
-1984
-1760
-848
264
992
1120
720
188
-82
23
328
472
172
-496
-1248
-1568
-1184
-94
1184
1984
1984
1120
-204
-1376
-1824
-1504
-592
296
784
720
344
33
62
408
752
720
148
-784
-1568
-1824
-1184
62
1376
2112
1952
944
-344
-1312
-1568
-1120
-376
280
488
280
-5
-57
264
816
1120
912
62
-992
-1888
-1952
-1120
236
1504
1984
1760
720
-424
-1184
-1248
-816
-188
172
132
-148
-312
-78
528
1184
1440
992
-74
-1248
-1984
-1952
-976
392
1568
1952
1504
496
-456
-976
-880
-456
-55
5
-264
-560
-528
-33
1
1312
1984
1824
880
-264
-992
-1120
-752
-196
98
-9
-312
-456
-148
560
1312
1568
1120
-11
-1248
-1984
-1984
-992
360
1440
1824
1312
440
-376
-720
-560
-196
5
-164
-592
-912
-720
15
992
1824
1824
976
-376
-1632
-2112
-1696
-592
592
1312
1376
816
124
-264
-228
61
228
-11
-592
-1184
-1312
-784
344
1504
2112
1760
656
-720
-1760
-1952
-1248
-228
656
992
784
312
-3
57
392
624
456
-236
-1120
-1696
-1568
-592
720
1824
2112
1504
280
-976
-1632
-1504
-784
31
496
488
172
-51
82
528
992
992
440
-592
-1632
-1984
-1504
-280
1056
1984
1952
1120
-61
-992
-1248
-944
-344
94
124
-140
-360
-212
376
1056
1504
1184
236
-992
-1984
-1984
-1248
86
1312
1888
1568
656
-264
-784
-752
-360
-41
-61
-408
-752
-752
-156
784
1632
1824
1184
-98
-1376
-2112
-1888
-880
408
1312
1504
992
280
-264
-360
-118
132
57
-408
-992
-1248
-880
94
1248
1984
1888
944
-472
-1632
-1984
-1504
-456
560
1056
976
488
43
-49
204
496
472
-62
-880
-1568
-1568
-816
456
1632
2112
1760
560
-752
-1632
-1696
-992
-124
496
624
360
37
13
360
816
992
560
-360
-1376
-1952
-1632
-560
848
1888
1984
1376
180
-912
-1376
-1120
-528
45
236
41
-236
-236
204
880
1376
1248
456
-784
-1824
-2112
-1504
-196
1120
1888
1760
912
-110
-816
-912
-560
-132
1
-228
-592
-688
-280
560
1440
1824
1312
172
-1184
-1984
-1984
-1120
164
1248
1632
1248
472
-220
-488
-296
5
74
-248
-816
-1120
-976
-124
992
1888
1952
1120
-188
-1440
-1984
-1696
-720
408
1120
1120
688
132
-114
29
328
440
66
-656
-1376
-1568
-992
188
1440
2112
1888
848
-528
-1568
-1824
-1248
-312
472
752
528
164
-1
204
624
912
656
-148
-1120
-1824
-1760
-816
560
1760
2112
1568
440
-752
-1376
-1312
-720
-49
296
212
-78
-204
70
688
1248
1248
624
-496
-1632
-2112
-1696
-472
912
1824
1888
1120
86
-752
-992
-752
-264
21
-78
-408
-624
-376
344
1184
1696
1440
440
-912
-1952
-2112
-1376
-98
1056
1696
1440
688
-124
-528
-472
-148
49
-124
-592
-992
-992
-312
752
1696
1984
1376
94
-1248
-1984
-1888
-976
212
1056
1248
880
264
-124
-122
156
360
156
-472
-1184
-1504
-1120
-70
1184
1984
1984
1056
-264
-1440
-1888
-1440
-528
376
816
720
328
23
82
440
784
688
41
-912
-1696
-1760
-992
280
1568
2112
1824
688
-560
-1376
-1504
-944
-188
312
360
94
-132
-11
488
1056
1248
784
-248
-1376
-1984
-1824
-752
656
1760
1984
1376
312
-656
-1120
-944
-424
-5
43
-228
-496
-408
164
992
1568
1504
656
-624
-1760
-2112
-1632
-376
912
1696
1632
912
15
-560
-624
-328
-21
-39
-408
-848
-976
-472
496
1504
1952
1504
376
-992
-1952
-1984
-1184
-13
992
1376
1056
