1651 2 0 0 0
1
1184
1888
1760
992
114
-472
-496
-164
164
110
-424
-1120
-1632
-1440
-528
720
1760
2112
1632
624
-392
-944
-880
-440
-45
-49
-488
-992
-1248
-848
148
1312
1984
1984
1184
13
-992
-1376
-1120
-528
-43
19
-328
-752
-784
-264
720
1632
1984
1696
560
-688
-1568
-1760
-1184
-392
188
280
-21
-360
-344
188
992
1696
1824
1056
-156
-1376
-1984
-1824
-992
-21
592
656
312
-55
-51
424
1056
1504
1248
376
-848
-1888
-2112
-1568
-496
528
1056
992
528
90
35
408
912
1120
688
-280
-1376
-1984
-1984
-1056
124
1120
1568
1248
560
13
-106
196
592
656
148
-784
-1696
-1984
-1568
-424
848
1696
1824
1184
360
-280
-424
-124
228
244
-244
-992
-1632
-1696
-912
312
1504
1984
1824
944
-86
-752
-816
-440
-37
9
-392
-992
-1376
-1120
-228
976
1952
2112
1504
408
-688
-1248
-1120
-624
-118
1
-312
-784
-976
-528
392
1440
1984
1888
976
-280
-1312
-1696
-1312
-560
35
204
-61
-440
-496
-47
816
1632
1952
1440
264
-992
-1824
-1888
-1184
-296
392
560
264
-102
-156
264
992
1568
1504
752
-456
-1568
-2112
-1824
-848
212
912
976
560
114
5
360
912
1248
976
86
-1056
-1952
-2112
-1440
-264
848
1376
1248
688
122
-57
212
656
816
424
-488
-1504
-1984
-1824
-848
440
1440
1760
1376
560
-106
-328
-82
296
392
-35
-848
-1632
-1824
-1248
-118
1120
1952
1952
1184
212
-528
-720
-424
-13
86
-280
-944
-1440
-1376
-592
592
1696
2112
1760
752
-344
-992
-1056
-656
-172
-3
-296
-816
-1056
-816
45
1120
1984
1984
1312
124
-992
-1504
-1376
-720
-102
132
-94
-496
-656
-296
560
1504
1984
1696
688
-592
-1568
-1888
-1376
-528
196
456
228
-148
-264
98
848
1568
1696
1120
-37
-1248
-1984
-1952
-1120
-114
656
880
560
118
-35
264
880
1312
1248
456
-720
-1760
-2112
-1696
-656
488
1184
1248
752
212
-19
212
688
944
688
-164
-1248
-1984
-1984
-1184
19
1120
1696
1440
752
62
-228
-39
344
528
180
-624
-1504
-1952
-1568
-528
752
1696
1952
1376
488
-296
-592
-376
17
172
-140
-816
-1440
-1568
-976
188
1376
1984
1952
1056
-1
-816
-992
-688
-204
5
-244
-784
-1184
-1056
-312
848
1824
2112
1632
528
-624
-1312
-1376
-848
-228
62
-114
-528
-816
-528
264
1248
1984
1952
1056
-172
-1312
-1760
-1504
-752
-3
328
180
-204
-392
-90
656
1440
1824
1440
392
-912
-1824
-1984
-1376
-424
424
720
528
106
-98
164
784
1376
1440
816
-328
-1504
-2112
-1952
-992
132
976
1120
816
264
1
188
688
1056
944
172
-944
-1888
-2112
-1568
-392
784
1504
1440
912
220
-124
1
408
656
408
-360
-1312
-1952
-1824
-944
328
1440
1888
1568
720
-70
-456
-328
61
264
17
-656
-1376
-1760
-1312
-228
992
1952
1984
1376
328
-528
-880
1
1184
1888
1760
992
86
-472
-472
-98
212
98
-496
-1248
-1696
-1376
-424
848
1824
1984
1504
456
-472
-880
-688
-248
35
-132
-688
-1248
-1312
-720
408
1568
2112
1888
944
-244
-1056
-1184
-816
-264
5
-196
-688
-992
-816
-5
1056
1952
1984
1376
148
-992
-1568
-1376
-720
-98
132
-98
-496
-656
-264
624
1568
1984
1632
592
-688
-1632
-1824
-1248
-424
236
392
94
-264
-280
212
992
1696
1696
976
-280
-1440
-1984
-1760
-880
86
656
656
280
-66
-1
496
1184
1504
1120
156
-1056
-1984
-1984
-1376
-264
688
1056
880
360
17
124
592
1056
1120
488
-624
-1696
-2112
-1760
-720
496
1312
1376
912
280
-57
86
496
816
592
-196
-1248
-1984
-1952
-1120
122
1248
1760
1440
720
9
-280
-78
312
472
86
-720
-1568
-1888
-1440
-312
976
1824
1888
1248
296
-408
-560
-280
98
148
-296
-992
-1568
-1504
-688
528
1632
2112
1760
752
-296
-880
-880
-440
-37
-39
-488
-1056
-1312
-912
102
1248
1984
1984
1184
29
-944
-1312
-992
-440
-23
-62
-488
-912
-880
-244
816
1760
2112
1632
472
-752
-1504
-1568
-976
-248
156
61
-328
-592
-392
360
1312
1952
1824
912
-392
-1504
-1888
-1504
-656
124
456
264
-122
-280
45
784
1504
1760
1184
41
-1184
-1984
-1952
-1120
-132
624
784
472
51
-53
328
976
1440
1248
440
-784
-1824
-2112
-1632
-560
528
1120
1056
560
98
33
408
944
1120
656
-328
-1440
-2112
-1952
-992
228
1184
1504
1120
472
-21
-41
328
688
656
33
-976
-1824
-1984
-1376
-196
992
1760
1632
976
164
-296
-236
140
408
212
-488
-1312
-1824
-1632
-624
656
1696
1984
1504
528
-296
-656
-472
-55
148
-132
-784
-1440
-1568
-944
228
1440
2112
1952
992
-66
-848
-992
-624
-156
1
-296
-880
-1248
-992
-180
992
1952
2112
1504
328
-784
-1312
-1184
-624
-110
21
-296
-752
-880
-440
528
1568
1984
1824
784
-496
-1440
-1696
-1184
-440
114
188
-148
-496
-456
132
1056
1824
1888
1120
-78
-1248
-1888
-1696
-944
-37
472
440
53
-236
-74
528
1312
1696
1376
344
-944
-1888
-1984
-1440
-392
496
880
656
204
-45
172
752
1312
1312
688
-488
-1632
-2112
-1824
-848
296
1056
1184
784
228
-3
236
720
1056
816
-57
-1184
-1984
-1984
-1312
-70
992
1568
1312
688
66
-124
140
560
656
228
-688
-1632
-1984
-1632
-496
784
1632
1824
1184
360
-248
-360
-47
296
280
-264
-1056
-1760
-1696
-912
360
1504
1984
1696
816
-132
-656
-624
-236
90
-15
-560
-1248
-1504
-1120
-78
1120
1984
1984
1312
196
-752
-1056
-848
-312
-5
-156
-656
-1120
-1120
-424
688
1760
2112
1696
624
-560
-1312
-1376
-880
-244
57
-124
-560
-848
-560
248
1312
1984
1952
1056
-196
-1312
-1760
-1440
-656
21
264
35
-360
-472
-49
784
1632
1888
1376
244
