1651 2 0 0 0
1
1376
2112
1760
624
-720
-1632
-1696
-976
90
912
1120
784
204
-248
-360
-196
-1
-23
-280
-592
-592
-188
528
1184
1376
784
-312
-1440
-1952
-1504
-280
1120
1984
1984
976
-496
-1696
-1984
-1376
-140
992
1568
1312
496
-344
-816
-784
-392
-5
132
11
-156
-124
204
656
944
688
-55
-992
-1568
-1440
-496
784
1824
1984
1184
-228
-1568
-2112
-1696
-456
944
1824
1760
912
-264
-1120
-1312
-880
-148
424
560
392
102
-3
140
376
408
70
-528
-1056
-1120
-592
456
1440
1824
1312
70
-1248
-1984
-1888
-752
720
1888
1984
1248
-49
-1248
-1760
-1376
-440
528
992
976
472
-53
-296
-228
-23
39
-164
-496
-720
-496
164
976
1440
1184
296
-912
-1824
-1888
-992
440
1696
2112
1568
244
-1120
-1952
-1760
-784
472
1312
1440
912
62
-592
-784
-560
-156
74
33
-156
-228
3
488
912
944
392
-528
-1376
-1632
-1056
132
1376
1984
1760
528
-944
-1984
-1984
-1120
264
1440
1888
1376
312
-720
-1248
-1056
-496
156
496
440
180
5
82
328
496
328
-228
-912
-1248
-992
-110
992
1760
1696
752
-624
-1824
-2112
-1440
-21
1376
1984
1760
624
-688
-1568
-1568
-912
66
816
992
688
172
-188
-236
-53
78
-37
-392
-720
-720
-228
592
1312
1440
848
-312
-1440
-1984
-1568
-312
1120
1984
1984
976
-488
-1632
-1952
-1312
-156
944
1440
1184
472
-296
-688
-656
-296
-5
39
-132
-280
-180
248
784
1056
784
-47
-1056
-1696
-1504
-528
816
1888
1984
1248
-204
-1568
-2112
-1696
-456
912
1760
1696
848
-236
-992
-1184
-784
-140
344
440
248
33
27
248
496
496
94
-592
-1184
-1248
-624
456
1504
1888
1376
94
-1312
-2112
-1888
-784
720
1824
1984
1248
-29
-1184
-1632
-1248
-408
472
944
848
392
-35
-196
-78
98
74
-228
-656
-848
-560
172
992
1568
1312
328
-944
-1888
-1952
-992
424
1696
2112
1568
248
-1120
-1888
-1696
-752
424
1248
1376
848
62
-496
-656
-424
-110
27
-94
-296
-328
1
560
1056
1056
440
-560
-1504
-1760
-1120
118
1440
2112
1760
560
-944
-1952
-1984
-1120
236
1376
1760
1312
296
-656
-1120
-992
-440
122
376
296
70
-13
156
472
624
392
-248
-992
-1376
-1056
-132
992
1824
1760
816
-624
-1824
-2112
-1440
-41
1312
1984
1696
624
-624
-1440
-1504
-848
51
720
880
560
140
-124
-94
90
164
-49
-488
-880
-848
-264
624
1440
1568
912
-296
-1504
-1984
-1632
-344
1120
1984
1984
976
-456
-1568
-1888
-1248
-164
880
1312
1120
440
-248
-592
-496
-212
-3
-53
-280
-424
-236
280
912
1184
880
-35
-1056
-1760
-1568
-560
816
1888
1984
1248
-180
-1504
-2112
-1696
-472
848
1632
1632
816
-204
-944
-1056
-688
-124
248
296
114
-35
57
376
656
624
118
-656
-1312
-1376
-688
472
1568
1952
1376
114
-1312
-2112
-1952
1
1376
2112
1760
592
-752
-1632
-1632
-912
132
880
1056
688
140
-228
-248
-62
66
-66
-440
-752
-688
-124
720
1376
1440
720
-528
-1632
-1984
-1376
-37
1376
2112
1824
656
-784
-1760
-1824
-992
124
1056
1312
944
228
-376
-560
-392
-102
1
-164
-424
-472
-106
528
1120
1248
624
-440
-1504
-1888
-1312
-70
1312
2112
1888
720
-752
-1824
-1984
-1184
114
1184
1568
1184
312
-496
-848
-688
-280
53
98
-74
-212
-70
360
848
976
528
-344
-1248
-1696
-1248
-102
1184
1984
1888
752
-752
-1888
-1984
-1248
86
1312
1824
1376
408
-592
-1120
-992
-472
94
360
264
45
-23
180
528
688
440
-264
-1056
-1440
-1120
-122
1056
1888
1824
784
-688
-1888
-2112
-1376
53
1376
1952
1568
488
-688
-1376
-1248
-656
122
592
592
312
35
5
212
392
296
-180
-816
-1184
-976
-132
976
1760
1696
752
-624
-1824
-2112
-1376
15
1376
1984
1696
560
-720
-1568
-1568
-816
132
816
944
560
106
-156
-114
78
140
-98
-528
-880
-784
-132
816
1504
1504
720
-560
-1696
-1984
-1376
-21
1376
2112
1824
624
-752
-1696
-1760
-976
132
992
1184
848
188
-312
-440
-244
-25
-27
-280
-560
-560
-118
624
1248
1312
656
-488
-1568
-1952
-1376
-57
1312
2112
1888
688
-784
-1824
-1952
-1120
122
1120
1504
1056
264
-456
-720
-560
-204
29
-15
-228
-328
-90
456
976
1056
592
-392
-1376
-1760
-1312
-90
1248
1984
1888
752
-752
-1888
-1984
-1248
98
1248
1696
1312
360
-560
-992
-880
-392
74
244
114
-70
-47
264
656
816
488
-296
-1120
-1568
-1184
-114
1120
1984
1824
752
-720
-1888
-2112
-1312
66
1312
1888
1504
456
-656
-1248
-1120
-560
110
488
456
196
5
82
344
528
360
-220
-912
-1312
-1056
-124
992
1824
1760
784
-656
-1824
-2112
-1376
33
1376
1984
1632
528
-720
-1440
-1440
-752
124
720
784
456
74
-86
27
220
212
-132
-656
-992
-880
-132
880
1632
1632
752
-592
-1760
-2112
-1376
-3
1376
2112
1760
592
-752
-1632
-1696
-912
132
912
1056
720
148
-248
-296
-98
51
-59
-408
-720
-656
-124
688
1376
1440
688
-496
-1632
-1984
-1376
-41
1376
2112
1888
688
-784
-1760
-1888
-1056
124
1056
1376
976
236
-392
-592
-424
-124
5
-132
-376
-440
-102
528
1056
1184
624
-440
-1440
-1888
-1312
-74
1312
2112
1888
720
-752
-1888
-1984
-1184
110
1184
1632
1184
328
-496
-880
-752
-296
57
124
-37
-188
-66
344
816
944
528
-344
-1248
-1696
-1248
-106
1184
1984
1888
752
-720
-1888
-1984
-1248
82
1312
1824
1376
408
-592
-1120
-992
-488
98
376
296
74
-17
164
496
656
424
-248
-992
-1440
-1120
-124
1056
1888
1824
784
-688
-1888
-2112
-1376
49
1376
1984
1568
496
-688
-1376
-1312
-656
122
624
624
344
43
-11
172
360
280
-164
-784
