1651 2 0 0 0
1
1440
1984
1504
244
-976
-1440
-992
-248
312
360
74
-86
180
720
992
656
-328
-1440
-1888
-1248
180
1632
2112
1504
98
-1248
-1760
-1248
-244
592
784
472
74
23
328
592
408
-360
-1248
-1632
-992
328
1632
2112
1440
-74
-1504
-1984
-1376
-164
880
1184
816
156
-196
-98
180
180
-296
-976
-1248
-720
440
1632
1984
1248
-248
-1632
-2112
-1440
-25
1184
1568
1056
164
-488
-528
-228
9
-148
-592
-848
-472
472
1440
1760
992
-424
-1760
-2112
-1376
148
1440
1888
1184
94
-784
-976
-560
-82
62
-172
-424
-248
424
1184
1440
784
-528
-1760
-1984
-1184
328
1696
1984
1248
-37
-1120
-1376
-848
-98
344
280
-13
-74
296
848
1056
496
-592
-1632
-1888
-992
496
1824
2112
1248
-212
-1376
-1696
-1056
-33
656
720
344
21
86
440
624
296
-560
-1376
-1568
-784
624
1888
1984
1120
-408
-1696
-1952
-1120
90
992
1120
656
45
-188
-1
244
124
-456
-1056
-1248
-528
720
1760
1952
976
-592
-1824
-1984
-1120
264
1312
1504
880
-7
-496
-472
-124
15
-248
-720
-848
-312
688
1632
1696
752
-720
-1952
-1984
-1056
472
1632
1824
992
-124
-880
-912
-440
-11
15
-264
-456
-148
592
1312
1376
528
-816
-1888
-1984
-944
656
1824
1952
992
-296
-1184
-1248
-688
33
344
188
-86
-37
440
976
992
328
-848
-1760
-1760
-720
816
1984
1984
976
-496
-1568
-1632
-848
148
720
624
244
1
172
528
656
148
-784
-1568
-1504
-496
944
1984
1984
848
-720
-1824
-1824
-912
328
1056
1056
496
-39
-148
94
280
37
-624
-1184
-1184
-312
992
1952
1824
688
-912
-1984
-1952
-880
528
1440
1376
656
-148
-528
-360
-45
-5
-376
-816
-816
-140
944
1760
1568
488
-992
-1984
-1952
-752
752
1760
1696
752
-328
-912
-784
-312
25
-55
-376
-472
-17
816
1440
1312
280
-1120
-1984
-1888
-592
976
1952
1824
752
-528
-1248
-1184
-496
132
312
86
-132
33
560
1056
976
106
-1056
-1888
-1632
-424
1120
1984
1888
656
-784
-1632
-1504
-592
296
720
528
140
5
264
624
624
-17
-992
-1632
-1376
-236
1184
2112
1824
528
-992
-1888
-1696
-624
528
1120
944
344
-94
-90
188
296
-78
-784
-1312
-1056
-57
1248
1984
1696
360
-1184
-1984
-1760
-560
784
1504
1248
472
-264
-496
-264
15
-61
-496
-912
-752
70
1184
1824
1440
172
-1312
-2112
-1760
-456
992
1824
1504
496
-488
-912
-688
-196
35
-140
-456
-440
140
992
1504
1184
-1
-1376
-2112
-1696
-280
1248
1984
1632
472
-752
-1312
-992
-328
204
248
-7
-156
132
720
1120
880
-140
-1312
-1952
-1504
-102
1376
2112
1696
360
-992
-1632
-1312
-392
440
688
424
66
45
392
720
560
-220
-1184
-1696
-1184
74
1504
2112
1632
204
-1248
-1952
-1504
-360
688
1056
816
220
-118
-9
264
280
-220
-976
1
1440
1984
1504
212
-976
-1376
-976
-212
296
280
-9
-110
244
848
1120
656
-472
-1568
-1952
-1120
360
1760
2112
1312
-94
-1312
-1632
-992
-78
528
560
220
-5
188
624
816
360
-624
-1568
-1696
-816
688
1888
1984
1056
-440
-1632
-1760
-976
132
848
848
392
3
43
376
528
132
-720
-1440
-1440
-472
976
1984
1952
784
-784
-1888
-1824
-848
408
1120
1056
472
-74
-172
90
264
-19
-688
-1248
-1120
-148
1120
1984
1760
440
-1120
-1984
-1824
-592
720
1440
1248
456
-244
-440
-188
61
-82
-592
-992
-784
118
1248
1888
1440
82
-1440
-2112
-1696
-312
1056
1696
1312
360
-488
-720
-440
-62
-49
-408
-720
-496
312
1248
1696
1120
-248
-1632
-2112
-1440
19
1376
1888
1312
164
-784
-992
-624
-102
70
-156
-424
-248
424
1184
1440
784
-560
-1760
-1984
-1184
376
1696
1984
1184
-102
-1056
-1248
-720
-43
264
118
-148
-86
440
992
1120
456
-784
-1824
-1888
-848
720
1952
1984
992
-424
-1376
-1440
-752
106
528
408
62
-1
360
816
848
172
-944
-1760
-1632
-496
992
1984
1952
752
-752
-1696
-1568
-688
328
816
656
212
-9
188
528
528
-43
-976
-1568
-1312
-148
1248
2112
1760
424
-1120
-1952
-1632
-496
624
1120
880
264
-114
-37
248
296
-172
-944
-1376
-992
156
1440
1984
1504
62
-1440
-1984
-1568
-264
944
1376
992
244
-296
-312
-13
110
-220
-816
-1056
-656
408
1568
1952
1184
-296
-1696
-2112
-1376
39
1248
1632
1056
114
-528
-592
-248
-1
-164
-592
-816
-392
592
1504
1696
880
-624
-1888
-2112
-1120
376
1568
1824
992
-94
-848
-880
-424
-11
-21
-344
-496
-156
656
1376
1440
496
-912
-1952
-1984
-848
752
1888
1888
880
-376
-1120
-1056
-496
62
188
-59
-248
1
656
1184
1120
196
-1056
-1952
-1760
-496
1056
1984
1824
656
-688
-1440
-1248
-496
236
456
220
-47
62
528
976
816
-70
-1184
-1888
-1440
-140
1376
2112
1696
376
-992
-1696
-1376
-408
472
752
472
82
35
376
688
496
-264
-1248
-1696
-1120
196
1568
2112
1504
41
-1376
-1888
-1376
-212
752
992
656
122
-82
124
408
264
-376
-1120
-1440
-816
496
1760
1984
1248
-312
-1696
-1984
-1248
51
1056
1312
784
66
-280
-148
132
94
-392
-992
-1120
-488
720
1760
1888
912
-656
-1888
-1984
-1056
360
1376
1504
784
-78
-528
-424
-86
5
-328
-784
-848
-204
880
1696
1632
560
-976
-1984
-1952
-816
720
1696
1632
720
-296
-848
-688
-244
11
-164
-496
-528
9
944
1568
1312
212
-1248
-2112
-1824
-488
1056
1952
1632
560
-592
-1120
-912
-296
110
62
-228
-296
148
912
1376
992
-106
-1376
-1984
-1568
-124
1376
1984
1632
328
-912
-1440
-1056
-264
296
328
43
-106
188
752
1056
688
-360
-1504
-1952
-1248
228
1632
2112
1440
17
-1248
-1632
-1120
-148
