1651 2 0 0 0
1
976
1760
2112
1984
1504
656
-296
-1120
-1760
-1952
-1696
-1120
-328
496
1120
1504
1568
1248
688
53
-528
-944
-1056
-976
-688
-296
78
344
488
472
328
172
37
-17
13
110
212
264
212
39
-228
-528
-752
-848
-752
-408
70
624
1056
1376
1312
992
408
-344
-1056
-1632
-1824
-1632
-1056
-236
688
1504
1984
1984
1696
912
-55
-992
-1760
-2112
-1984
-1504
-624
360
1248
1888
1984
1824
1120
296
-560
-1248
-1696
-1696
-1312
-752
-19
624
1056
1248
1184
816
344
-124
-496
-688
-688
-560
-312
-82
86
156
124
33
-53
-78
-11
140
344
528
624
528
296
-82
-528
-944
-1120
-1120
-880
-328
344
992
1504
1696
1504
976
172
-688
-1440
-1952
-1984
-1568
-848
106
1056
1824
2112
1984
1440
592
-424
-1312
-1952
-2112
-1824
-1120
-264
656
1376
1824
1824
1440
784
-19
-752
-1248
-1504
-1376
-944
-392
180
656
912
944
752
456
114
-164
-328
-360
-280
-148
-43
1
-45
-156
-296
-376
-360
-204
78
424
752
944
944
688
248
-328
-912
-1312
-1504
-1312
-848
-114
688
1376
1824
1888
1504
752
-156
-1056
-1760
-2112
-1984
-1376
-528
472
1376
1984
2112
1888
1120
220
-720
-1504
-1952
-1952
-1504
-784
66
880
1440
1632
1504
1056
424
-248
-784
-1120
-1120
-944
-560
-124
248
496
592
496
344
148
1
-62
-37
51
140
172
110
-62
-296
-560
-720
-720
-528
-180
296
784
1120
1312
1120
720
62
-656
-1312
-1696
-1760
-1376
-688
196
1056
1760
1984
1952
1312
472
-496
-1376
-1984
-2112
-1824
-1120
-172
816
1632
1984
1984
1568
784
-122
-976
-1568
-1824
-1632
-1120
-424
312
944
1312
1376
1120
656
132
-360
-688
-816
-752
-528
-248
9
188
244
196
98
1
-27
31
172
344
488
496
392
122
-248
-656
-976
-1056
-976
-592
-21
624
1184
1568
1568
1184
592
-228
-1056
-1696
-1952
-1824
-1248
-408
560
1440
1984
2112
1824
1056
118
-880
-1696
-2112
-1984
-1568
-784
180
1056
1696
1952
1760
1184
424
-392
-1056
-1504
-1568
-1248
-752
-124
456
880
1056
976
688
328
-35
-312
-456
-440
-328
-172
-43
9
-23
-122
-236
-280
-244
-70
204
496
752
880
784
472
-9
-560
-1056
-1376
-1376
-1056
-496
248
992
1568
1824
1696
1120
344
-592
-1440
-1952
-1984
-1760
-992
-62
912
1696
2112
1984
1568
752
-244
-1120
-1824
-1984
-1824
-1248
-408
472
1184
1632
1696
1376
816
102
-560
-1056
-1248
-1184
-848
-408
70
456
656
688
528
328
102
-66
-132
-106
-15
70
98
29
-132
-344
-528
-624
-592
-344
33
488
912
1184
1184
944
408
-264
-944
-1440
-1696
-1568
-992
-264
592
1376
1888
1984
1696
944
7
-976
-1760
-2112
-1984
-1568
-688
296
1184
1888
2112
1888
1248
376
-560
-1312
-1824
-1824
-1504
-848
-70
656
1184
1440
1376
992
456
-118
-592
-880
1
992
1760
2112
1984
1440
624
-344
-1184
-1760
-1952
-1632
-992
-228
560
1120
1440
1440
1056
528
-47
-528
-848
-912
-784
-488
-164
110
264
280
212
90
1
-7
78
244
408
496
488
280
-62
-488
-880
-1120
-1056
-816
-296
360
992
1504
1696
1440
912
98
-784
-1504
-1952
-1952
-1504
-720
248
1184
1888
2112
1952
1312
392
-592
-1440
-1984
-1984
-1696
-944
-25
848
1504
1760
1632
1184
496
-244
-848
-1184
-1248
-1056
-624
-148
296
592
688
624
424
180
-7
-102
-86
1
98
140
86
-82
-328
-560
-720
-720
-496
-110
392
912
1248
1312
1120
592
-102
-848
-1440
-1824
-1696
-1248
-456
472
1312
1952
2112
1824
1056
140
-848
-1696
-2112
-1984
-1568
-752
220
1120
1760
1984
1760
1184
360
-488
-1184
-1568
-1568
-1248
-688
-37
560
976
1056
976
656
264
-106
-360
-472
-424
-280
-124
-15
1
-74
-204
-312
-344
-236
5
344
688
912
976
784
344
-236
-848
-1312
-1504
-1376
-944
-212
624
1376
1824
1952
1568
848
-106
-1056
-1760
-2112
-1984
-1440
-528
472
1376
1984
2112
1824
1056
164
-752
-1504
-1888
-1824
-1376
-656
148
848
1312
1440
1248
816
248
-280
-688
-880
-816
-592
-312
-21
172
248
212
102
1
-35
27
180
376
528
560
440
140
-264
-720
-1056
-1184
-1056
-624
-1
688
1312
1632
1632
1248
560
-312
-1184
-1824
-1984
-1824
-1184
-280
720
1568
1984
2112
1696
912
-78
-992
-1760
-1984
-1952
-1312
-496
392
1184
1632
1760
1440
880
140
-528
-992
-1248
-1184
-848
-392
70
440
624
624
488
264
70
-51
-70
1
106
180
156
21
-212
-488
-720
-784
-688
-360
124
656
1120
1376
1312
944
296
-472
-1184
-1696
-1824
-1568
-912
-31
912
1696
1984
1984
1504
656
-328
-1248
-1952
-2112
-1888
-1248
-312
656
1440
1952
1952
1504
816
-43
-816
-1376
-1568
-1440
-992
-376
248
752
992
992
816
456
78
-228
-392
-408
-312
-164
-43
1
-55
-180
-312
-392
-344
-148
164
528
848
992
944
624
86
-528
-1120
-1504
-1568
-1248
-624
180
992
1632
1952
1824
1248
408
-560
-1440
-1984
-2112
-1824
-992
-62
944
1696
1984
1984
1504
656
-280
-1120
-1696
-1888
-1632
-992
-264
496
1056
1376
1376
992
528
-9
-472
-752
-816
-688
-440
-148
74
196
188
106
1
-59
-25
110
312
496
624
560
344
-45
-496
-944
-1184
-1184
-912
-360
328
992
1568
1760
1568
976
156
-752
-1504
-1984
-1984
-1568
-784
188
1120
1888
2112
1984
1376
456
-528
-1376
-1952
-1984
-1696
-976
-82
784
1376
1696
1632
1184
496
-188
-784
-1120
-1184
-992
-624
-156
244
496
592
496
344
140
1
-47
1
106
204
228
124
-86
-376
-656
-816
-816
-560
-148
392
944
1312
1440
1184
688
-59
-848
-1504
-1824
-1824
-1312
-528
424
1312
1952
2112
1888
1120
204
