1651 2 0 0 0
1
1312
1984
1984
992
-312
-1504
-1984
-1760
-688
560
1568
1888
1376
376
-720
-1440
-1504
-992
-98
752
1184
1120
592
-78
-624
-816
-656
-264
124
360
360
220
49
-27
17
118
156
43
-204
-472
-560
-424
5
528
944
976
528
-188
-944
-1376
-1184
-528
472
1376
1696
1312
376
-816
-1696
-1952
-1312
-122
1120
1984
1984
1120
-188
-1440
-2112
-1952
-880
496
1696
2112
1696
560
-752
-1760
-1952
-1376
-244
944
1632
1632
992
-31
-976
-1440
-1248
-624
204
848
1056
816
296
-244
-560
-592
-392
-82
140
204
124
21
-1
90
248
328
244
-53
-440
-720
-720
-360
244
848
1184
992
344
-528
-1248
-1504
-1120
-196
912
1696
1760
1120
-57
-1248
-1984
-1888
-976
376
1568
2112
1824
720
-688
-1824
-2112
-1632
-392
976
1888
1984
1312
78
-1120
-1824
-1760
-944
188
1184
1632
1376
592
-360
-1056
-1248
-944
-280
408
816
848
528
70
-296
-440
-360
-164
5
57
-7
-94
-90
55
296
488
488
220
-248
-720
-944
-784
-196
560
1120
1312
912
45
-944
-1568
-1568
-912
212
1312
1888
1696
752
-528
-1632
-2112
-1696
-496
848
1888
2112
1504
212
-1120
-1984
-1984
-1184
102
1312
1984
1760
848
-360
-1376
-1760
-1440
-496
528
1312
1440
992
220
-560
-1056
-992
-624
-17
488
688
560
264
-55
-244
-244
-124
-17
-13
-118
-244
-264
-102
220
560
720
528
78
-528
-992
-1056
-688
78
912
1440
1376
688
-344
-1312
-1824
-1504
-560
656
1696
1984
1504
328
-992
-1952
-1984
-1312
-21
1312
1984
1984
1056
-296
-1504
-1984
-1760
-752
560
1568
1952
1440
408
-720
-1504
-1632
-1056
-118
784
1248
1184
656
-74
-688
-944
-752
-328
140
456
488
312
86
-70
-86
-1
66
27
-140
-344
-472
-344
1
472
816
880
496
-164
-880
-1248
-1120
-496
440
1248
1632
1312
376
-784
-1632
-1888
-1312
-132
1120
1952
1984
1120
-164
-1440
-2112
-1952
-912
488
1696
2112
1696
592
-752
-1760
-1984
-1376
-264
944
1696
1760
1056
-15
-992
-1504
-1312
-656
204
912
1120
912
344
-264
-656
-720
-488
-110
196
312
248
102
1
21
124
220
180
-37
-360
-592
-624
-328
212
752
1056
944
328
-488
-1184
-1440
-1056
-204
848
1568
1696
1056
-35
-1184
-1952
-1824
-976
344
1568
2112
1824
720
-656
-1824
-2112
-1632
-424
944
1888
1984
1312
98
-1120
-1888
-1824
-992
180
1184
1696
1440
624
-360
-1120
-1376
-992
-312
440
912
944
592
90
-360
-560
-488
-244
7
132
114
13
-37
31
204
376
392
180
-212
-624
-848
-688
-188
496
1056
1248
880
55
-880
-1504
-1504
-880
188
1248
1824
1696
752
-496
-1632
-1984
-1632
-528
848
1888
2112
1504
236
-1120
-1984
-1984
-1248
82
1312
1984
1824
912
-360
-1440
-1888
-1504
-560
528
1376
1568
1056
248
-624
-1120
-1120
-688
-29
1
1312
1984
1952
992
-344
-1504
-1984
-1696
-624
624
1568
1824
1248
264
-784
-1376
-1376
-848
5
752
1056
944
440
-140
-528
-624
-440
-132
106
180
106
1
-15
102
280
408
312
-5
-456
-816
-848
-472
196
912
1248
1120
456
-496
-1376
-1696
-1248
-264
912
1760
1888
1184
-35
-1312
-1984
-1952
-976
392
1632
2112
1824
656
-720
-1824
-1984
-1504
-280
992
1824
1824
1056
-43
-1056
-1632
-1440
-688
264
992
1248
992
328
-360
-784
-816
-496
-86
264
392
296
124
-1
1
102
188
140
-82
-392
-624
-592
-244
328
880
1056
848
164
-688
-1312
-1440
-944
59
1120
1760
1696
848
-392
-1504
-1984
-1696
-592
752
1824
2112
1504
264
-1056
-1984
-1984
-1248
86
1312
1984
1824
848
-392
-1440
-1824
-1376
-472
592
1312
1440
976
156
-624
-992
-976
-528
39
472
624
472
180
-66
-164
-106
1
29
-78
-264
-424
-360
-70
376
784
880
560
-59
-784
-1248
-1184
-624
328
1248
1696
1376
488
-688
-1632
-1952
-1376
-220
1056
1984
1984
1184
-124
-1440
-2112
-1952
-912
488
1632
2112
1696
528
-752
-1696
-1888
-1248
-180
944
1568
1504
848
-94
-912
-1248
-1056
-472
236
720
816
560
164
-204
-360
-312
-140
-9
1
-98
-204
-172
29
344
624
624
344
-220
-784
-1120
-976
-328
528
1248
1504
1056
148
-944
-1696
-1760
-1056
148
1312
1984
1824
848
-496
-1696
-2112
-1696
-528
880
1888
2112
1440
172
-1120
-1952
-1888
-1056
156
1248
1760
1504
656
-392
-1184
-1440
-1056
-312
488
976
992
624
62
-408
-592
-496
-228
27
140
106
1
-41
53
248
424
408
148
-296
-720
-912
-688
-78
656
1184
1312
784
-140
-1056
-1632
-1504
-688
488
1504
1952
1568
472
-848
-1888
-1984
-1440
-140
1184
1984
1984
1120
-212
-1440
-1984
-1824
-784
528
1568
1952
1440
408
-720
-1504
-1568
-992
-86
784
1184
1120
592
-110
-624
-816
-624
-236
140
344
312
164
23
1
94
212
212
21
-296
-592
-688
-440
102
720
1056
992
488
-376
-1184
-1504
-1248
-360
752
1632
1824
1248
94
-1120
-1952
-1952
-1056
248
1504
2112
1888
784
-592
-1760
-2112
-1632
-440
912
1824
1952
1248
82
-1056
-1760
-1632
-848
196
1056
1440
1184
472
-344
-912
-992
-688
-164
312
560
496
264
11
-124
-102
1
53
-27
-228
-424
-456
-228
212
688
944
784
220
-528
-1120
-1312
-944
-47
944
1632
1632
912
-248
-1376
-1952
-1696
-720
624
1760
2112
1632
408
-976
-1952
-2112
-1376
-55
1248
1984
1952
992
-280
-1376
-1888
-1568
-624
528
1376
1632
1120
264
-624
-1184
-1184
-688
-19
560
784
656
312
-74
-296
-312
-180
-35
1
-86
-212
-236
-74
244
560
720
496
11
-624
-1056
-1056
-624
212
1056
1504
1312
560
-528
-1504
-1888
-1440
-344
944
1888
1984
1312
15
-1312
-1984
-1984
