1651 2 0 0 0
1
1120
1952
2112
1632
656
-496
-1504
-1984
-1888
-1184
-156
848
1568
1760
1376
624
-244
-976
-1376
-1248
-848
-196
424
816
944
720
344
-45
-328
-440
-360
-196
-43
23
-15
-118
-196
-172
-3
264
528
688
624
280
-220
-752
-1120
-1120
-784
-132
656
1312
1568
1376
688
-248
-1184
-1824
-1888
-1312
-360
752
1696
2112
1888
992
-122
-1248
-1984
-2112
-1568
-560
624
1632
1984
1888
1120
55
-992
-1696
-1888
-1440
-592
360
1120
1568
1440
912
156
-560
-992
-1120
-912
-408
114
496
656
592
360
82
-118
-180
-132
-29
31
-5
-148
-328
-440
-408
-180
204
624
912
912
624
49
-624
-1184
-1376
-1184
-528
312
1120
1696
1696
1184
236
-816
-1696
-1984
-1760
-912
244
1312
1984
2112
1504
456
-752
-1696
-2112
-1888
-1056
61
1120
1888
1984
1504
560
-496
-1312
-1760
-1568
-944
-86
720
1248
1312
992
440
-204
-688
-912
-816
-488
-90
236
392
376
244
82
-7
3
98
196
212
86
-164
-456
-688
-688
-456
13
560
992
1184
992
408
-360
-1056
-1568
-1504
-992
-122
880
1632
1952
1632
752
-344
-1376
-1984
-1984
-1376
-328
848
1824
2112
1888
992
-180
-1248
-1984
-1984
-1440
-472
624
1504
1888
1632
944
-1
-912
-1440
-1504
-1120
-440
312
880
1120
992
592
74
-376
-624
-624
-440
-172
53
156
140
45
-33
-23
94
280
440
472
296
-53
-488
-848
-976
-784
-280
376
992
1376
1312
848
17
-880
-1568
-1760
-1440
-624
440
1376
1984
1952
1248
204
-976
-1824
-2112
-1824
-880
312
1376
1984
1984
1440
376
-784
-1632
-1984
-1696
-944
110
1056
1632
1696
1184
408
-440
-1056
-1312
-1184
-656
-27
528
848
848
592
236
-124
-344
-376
-280
-124
-9
-1
-78
-188
-244
-156
62
360
624
720
592
180
-376
-912
-1184
-1120
-656
62
848
1440
1632
1248
488
-496
-1376
-1888
-1824
-1120
-78
992
1888
2112
1696
752
-424
-1504
-2112
-1984
-1376
-264
912
1760
1984
1760
880
-228
-1184
-1824
-1824
-1248
-360
560
1248
1568
1312
720
-41
-688
-1056
-1056
-752
-264
220
528
624
496
248
17
-124
-132
-59
29
49
-43
-228
-408
-496
-392
-98
328
752
976
912
496
-124
-816
-1312
-1440
-1056
-344
560
1376
1760
1632
976
-33
-1056
-1824
-1984
-1568
-624
528
1568
2112
1984
1248
140
-992
-1888
-2112
-1760
-784
360
1376
1952
1888
1248
280
-720
-1440
-1696
-1440
-720
132
880
1248
1248
880
264
-328
-752
-880
-688
-360
1
264
360
296
164
35
-1
59
172
248
228
37
-248
-560
-752
-688
-360
156
720
1120
1184
912
236
-560
-1248
-1632
-1440
-816
132
1056
1760
1952
1440
496
-624
-1632
-2112
-1952
-1120
-21
1120
1952
2112
1696
688
-488
-1504
-1984
-1952
-1248
-188
880
1632
1888
1504
720
-244
-1056
-1504
-1440
-976
-236
472
976
1056
880
1
1120
1952
2112
1632
624
-528
-1504
-1984
-1824
-1056
-74
912
1568
1696
1248
496
-312
-976
-1248
-1120
-656
-82
440
720
720
496
196
-74
-220
-204
-102
1
11
-90
-264
-424
-440
-248
102
528
880
976
752
196
-496
-1120
-1440
-1312
-720
164
1056
1696
1824
1312
408
-688
-1632
-1984
-1888
-992
122
1248
1984
2112
1568
528
-656
-1632
-1984
-1888
-1056
31
1056
1760
1824
1376
496
-456
-1184
-1504
-1312
-752
-33
624
992
992
720
264
-172
-456
-496
-392
-188
-13
51
1
-106
-172
-114
82
360
592
688
496
98
-456
-944
-1184
-1056
-528
228
992
1568
1632
1120
264
-752
-1568
-1952
-1696
-912
236
1312
1984
1984
1504
408
-784
-1760
-2112
-1888
-992
148
1248
1888
1952
1376
440
-592
-1376
-1760
-1504
-816
47
816
1248
1248
912
296
-296
-688
-816
-656
-344
-3
228
280
212
82
1
25
156
312
392
296
31
-360
-720
-912
-816
-392
248
912
1312
1376
944
148
-752
-1504
-1824
-1504
-720
328
1312
1952
1984
1376
280
-912
-1824
-2112
-1824
-912
280
1376
1984
1984
1376
360
-752
-1632
-1952
-1632
-816
148
992
1504
1504
992
296
-440
-976
-1120
-912
-456
39
424
560
496
312
78
-62
-82
1
94
114
1
-228
-488
-624
-560
-244
244
752
1056
1056
720
49
-720
-1376
-1568
-1312
-560
408
1312
1888
1824
1184
156
-976
-1824
-2112
-1760
-816
408
1504
2112
1984
1376
248
-912
-1760
-1984
-1696
-816
264
1184
1760
1696
1120
248
-592
-1184
-1376
-1056
-528
114
624
880
816
496
124
-188
-344
-312
-188
-51
1
-62
-196
-312
-296
-124
204
560
816
816
528
-23
-656
-1184
-1376
-1056
-424
456
1248
1696
1632
992
37
-992
-1824
-1984
-1632
-656
496
1568
2112
1984
1248
132
-992
-1888
-2112
-1696
-752
408
1376
1888
1824
1120
180
-784
-1440
-1632
-1248
-560
220
848
1120
1056
656
132
-344
-592
-624
-456
-180
37
132
102
1
-70
-39
118
344
528
528
344
-62
-560
-976
-1056
-848
-280
456
1120
1504
1440
848
-62
-992
-1696
-1888
-1440
-528
592
1568
1984
1952
1120
7
-1120
-1952
-2112
-1632
-656
528
1568
1984
1888
1120
86
-944
-1632
-1824
-1376
-560
344
1056
1440
1248
784
102
-496
-880
-944
-688
-280
110
360
408
296
132
11
1
90
212
264
172
-70
-408
-688
-784
-624
-172
440
992
1248
1184
656
-140
-992
-1568
-1696
-1248
-392
656
1568
1984
1824
992
-110
-1248
-1984
-2112
-1568
-528
656
1696
2112
1952
1120
-23
-1120
-1824
-1952
-1440
-528
488
1312
1632
1440
848
43
-688
-1120
-1184
-880
-328
212
592
720
592
312
29
-148
-188
-106
1
39
-39
-220
-408
-496
-392
-82
360
784
992
944
488
-196
-912
-1376
-1440
-1056
-248
688
1504
1888
1632
880
-220
-1248
-1952
-1984
-1440
-408
784
1760
