1651 2 0 0 0
1
1056
1824
1984
1760
992
78
-784
-1312
-1440
-1184
-656
-82
328
488
392
188
1
-23
148
456
752
912
720
228
-488
-1184
-1696
-1760
-1312
-440
624
1568
2112
1984
1504
528
-528
-1376
-1888
-1824
-1248
-488
312
880
1056
976
592
204
-70
-132
-11
180
296
220
-98
-560
-992
-1248
-1184
-656
140
992
1760
1984
1760
976
-86
-1120
-1888
-2112
-1824
-992
-1
912
1504
1632
1312
688
51
-456
-656
-592
-376
-124
1
-74
-296
-560
-688
-560
-148
488
1120
1568
1632
1120
328
-656
-1568
-1984
-1984
-1440
-472
624
1504
1984
1888
1312
456
-408
-992
-1248
-1120
-720
-244
124
280
220
29
-124
-124
94
472
880
1056
992
528
-196
-992
-1696
-1952
-1632
-880
172
1184
1952
2112
1824
976
-78
-992
-1632
-1760
-1376
-720
-3
560
848
816
560
236
9
-15
132
360
496
424
82
-456
-992
-1440
-1440
-992
-244
720
1568
1984
1984
1376
376
-720
-1632
-1984
-1952
-1312
-408
496
1184
1440
1248
816
248
-204
-440
-424
-244
-33
45
-70
-360
-688
-912
-848
-440
236
992
1568
1824
1504
752
-248
-1248
-1952
-2112
-1760
-912
164
1120
1760
1888
1440
752
-55
-720
-992
-992
-720
-312
-1
124
47
-140
-296
-280
-35
408
912
1248
1248
880
156
-752
-1568
-1984
-1888
-1248
-280
816
1696
2112
1952
1312
344
-624
-1312
-1632
-1440
-912
-264
296
592
624
440
188
15
33
236
496
688
656
328
-248
-944
-1440
-1632
-1376
-656
328
1312
1984
2112
1696
848
-248
-1248
-1888
-1952
-1504
-752
124
848
1184
1184
880
392
-23
-244
-236
-70
110
164
1
-344
-752
-1056
-1056
-752
-78
752
1504
1888
1824
1184
196
-880
-1760
-2112
-1984
-1248
-280
720
1440
1760
1568
976
244
-392
-784
-848
-624
-312
-62
23
-86
-312
-496
-496
-236
264
848
1312
1504
1248
528
-392
-1312
-1952
-1984
-1632
-752
344
1312
1952
1984
1568
720
-212
-992
-1376
-1376
-992
-440
66
376
440
280
74
-51
9
264
592
880
912
624
11
-752
-1440
-1824
-1696
-1056
-110
944
1760
2112
1952
1248
204
-848
-1568
-1888
-1632
-992
-212
496
944
992
816
440
90
-98
-70
98
280
328
156
-248
-752
-1184
-1312
-1056
-440
440
1312
1888
1984
1568
656
-440
-1440
-1984
-1984
-1568
-688
296
1120
1568
1504
1056
472
-124
-496
-624
-496
-248
-45
-5
-164
-440
-688
-720
-488
37
720
1312
1632
1568
944
23
-992
-1824
-2112
-1952
-1184
-118
944
1696
1984
1696
992
164
-624
-1120
-1184
-976
-528
-98
188
244
114
-78
-180
-86
220
624
992
1120
944
344
-472
-1248
-1824
-1888
-1440
-560
496
1504
1984
2112
1568
624
-392
-1248
-1696
-1632
-1184
-488
196
656
848
688
408
124
-13
45
248
472
528
360
-74
-656
-1184
-1504
-1376
-816
55
992
1824
2112
1888
1056
29
1
1056
1824
1984
1760
992
35
-816
-1312
-1376
-1056
-560
-33
312
408
264
61
-74
-19
244
624
944
992
720
114
-688
-1440
-1824
-1760
-1184
-204
880
1760
2112
1952
1248
244
-784
-1504
-1760
-1504
-912
-180
440
784
816
560
248
31
-1
164
408
560
528
172
-392
-992
-1504
-1568
-1120
-360
624
1504
1984
1984
1440
472
-624
-1504
-1984
-1888
-1248
-408
456
992
1248
1056
656
188
-140
-244
-124
74
204
132
-164
-592
-992
-1184
-992
-456
376
1248
1824
1952
1568
656
-440
-1440
-1984
-1984
-1568
-656
360
1184
1568
1504
1056
424
-172
-528
-624
-472
-212
-21
-21
-220
-496
-752
-752
-440
164
880
1504
1760
1504
784
-220
-1248
-1952
-2112
-1760
-912
188
1184
1824
1888
1440
720
-102
-752
-1056
-992
-656
-264
19
106
-9
-220
-360
-296
23
528
992
1376
1312
816
-17
-976
-1696
-1984
-1824
-1056
-21
1056
1824
1984
1760
992
55
-816
-1312
-1440
-1120
-592
-45
328
456
328
110
-47
-19
220
560
880
976
720
124
-656
-1376
-1824
-1760
-1184
-228
848
1760
2112
1984
1248
264
-752
-1504
-1824
-1568
-976
-204
440
816
848
624
296
43
-17
122
360
528
496
180
-376
-992
-1440
-1504
-1120
-376
592
1504
1984
1984
1440
488
-624
-1504
-1984
-1888
-1312
-424
440
1056
1248
1120
688
204
-148
-264
-180
19
164
122
-148
-560
-976
-1120
-992
-456
360
1184
1824
1952
1568
656
-424
-1440
-1984
-2112
-1568
-688
344
1184
1632
1568
1120
456
-172
-560
-656
-496
-248
-43
-11
-180
-472
-688
-720
-424
148
848
1440
1696
1504
784
-196
-1184
-1952
-2112
-1760
-912
164
1120
1824
1888
1504
752
-90
-752
-1056
-992
-720
-296
17
132
37
-164
-312
-264
13
496
992
1312
1248
816
1
-944
-1696
-1984
-1824
-1056
-43
992
1824
2112
1824
992
74
-816
-1376
-1504
-1184
-624
-57
344
488
376
156
-15
-17
188
528
848
944
688
132
-624
-1312
-1760
-1760
-1184
-244
816
1696
2112
1984
1312
280
-752
-1504
-1824
-1568
-992
-228
456
848
912
656
328
55
-35
78
296
488
472
172
-344
-944
-1376
-1504
-1120
-392
560
1504
1984
1984
1504
496
-592
-1504
-1984
-1952
-1312
-456
440
1056
1312
1184
720
228
-156
-312
-236
-33
124
110
-124
-528
-944
-1120
-976
-456
328
1120
1760
1952
1568
688
-392
-1376
-1984
-2112
-1632
-688
328
1184
1632
1632
1120
488
-164
-592
-720
-560
-296
-62
-3
-148
-408
-656
-688
-408
124
816
1376
1696
1440
784
-172
-1184
-1952
-2112
-1824
-944
140
1120
1824
1952
1504
784
-78
-752
-1120
-1056
-752
-328
13
156
86
-110
-264
-248
5
472
944
1248
1248
816
15
-912
-1696
-1984
-1824
-1120
-62
992
1824
2112
1824
1056
94
-816
-1376
-1504
-1184
-656
-70
360
528
440
212
13
-15
164
488
784
912
