1651 2 0 0 0
1
1120
1888
1952
1440
528
-344
-880
-944
-624
-228
-5
-102
-456
-816
-880
-528
244
1120
1824
1952
1376
360
-848
-1760
-1984
-1696
-848
110
784
992
816
392
61
17
264
656
848
656
19
-848
-1632
-1952
-1632
-720
488
1504
1984
1888
1120
164
-656
-1056
-976
-560
-164
13
-124
-472
-752
-720
-236
560
1376
1888
1760
992
-122
-1248
-1952
-1984
-1440
-472
472
992
1056
784
312
5
17
296
624
720
408
-296
-1120
-1760
-1888
-1312
-244
944
1824
2112
1696
784
-212
-944
-1184
-976
-488
-82
43
-140
-472
-656
-496
55
880
1568
1888
1504
560
-592
-1632
-2112
-1888
-1056
-74
784
1184
1120
688
204
-55
11
312
560
560
140
-592
-1376
-1824
-1632
-912
244
1376
1984
1984
1376
392
-592
-1184
-1248
-912
-376
11
78
-140
-456
-560
-296
344
1120
1696
1760
1120
114
-1056
-1888
-2112
-1696
-720
328
1056
1312
1056
560
82
-124
-1
296
496
392
-114
-848
-1504
-1760
-1376
-456
720
1696
2112
1888
1056
-29
-944
-1376
-1248
-784
-228
118
122
-132
-408
-424
-66
592
1312
1696
1504
752
-360
-1440
-1984
-1984
-1376
-296
720
1312
1376
992
408
-53
-196
-23
264
408
204
-360
-1056
-1568
-1632
-992
1
1120
1952
2112
1632
624
-456
-1248
-1504
-1184
-624
-62
228
156
-114
-344
-280
148
816
1440
1632
1248
328
-816
-1760
-2112
-1888
-976
140
1056
1504
1376
880
228
-196
-264
-45
236
296
7
-560
-1184
-1568
-1376
-624
456
1504
2112
1984
1312
196
-848
-1504
-1568
-1056
-440
114
328
196
-90
-264
-122
360
992
1440
1440
880
-118
-1184
-1984
-2112
-1568
-528
560
1376
1632
1312
656
23
-344
-328
-66
180
180
-172
-752
-1312
-1440
-1056
-212
880
1824
2112
1824
880
-264
-1184
-1696
-1504
-912
-212
296
424
228
-62
-180
29
528
1120
1440
1248
496
-560
-1568
-2112
-1984
-1184
-82
992
1632
1632
1120
440
-188
-472
-376
-86
132
62
-344
-912
-1312
-1312
-752
220
1248
1984
2112
1504
440
-720
-1504
-1760
-1376
-688
33
472
496
248
-37
-102
172
688
1184
1312
944
98
-976
-1824
-2112
-1760
-784
392
1376
1824
1632
944
172
-408
-592
-408
-94
86
-49
-488
-992
-1248
-1056
-376
624
1568
2112
1952
1120
-37
-1120
-1760
-1760
-1184
-408
280
624
560
248
-17
-21
296
784
1184
1120
624
-312
-1312
-1984
-1984
-1440
-328
848
1632
1888
1440
688
-110
-592
-656
-424
-94
39
-148
-592
-992
-1120
-816
5
992
1824
1984
1696
688
-496
-1504
-1888
-1696
-976
-110
528
752
592
244
-1
49
392
848
1120
944
264
-688
-1568
-1984
-1888
-992
156
1248
1888
1824
1248
376
-392
-784
-720
-408
-82
-1
-236
-656
-992
-992
-488
392
1312
1952
1984
1312
204
-976
-1760
-1952
-1504
-656
204
752
848
592
212
1
110
472
880
992
1
1120
1888
1952
1376
488
-360
-848
-880
-528
-172
1
-156
-560
-912
-944
-488
360
1312
1952
1952
1312
180
-992
-1824
-1952
-1440
-592
248
784
848
528
172
-3
148
528
944
992
592
-236
-1184
-1888
-1984
-1440
-360
848
1696
1952
1568
720
-132
-688
-784
-528
-172
11
-132
-528
-976
-1056
-720
94
1056
1888
1984
1568
528
-656
-1568
-1952
-1568
-816
21
592
752
496
164
-25
110
496
976
1120
848
43
-976
-1824
-1984
-1696
-688
496
1440
1888
1632
944
90
-496
-688
-496
-156
41
-82
-496
-976
-1184
-944
-180
848
1760
2112
1824
880
-328
-1312
-1824
-1696
-992
-196
424
624
472
140
-61
51
472
976
1248
1056
328
-688
-1632
-2112
-1888
-992
148
1184
1760
1696
1056
296
-344
-592
-456
-124
82
-13
-440
-976
-1312
-1120
-472
560
1568
2112
1952
1184
19
-1056
-1696
-1696
-1120
-392
248
528
424
110
-110
-23
392
944
1312
1248
592
-408
-1440
-1984
-1984
-1312
-196
912
1632
1696
1184
488
-164
-472
-392
-90
140
70
-344
-912
-1312
-1312
-752
248
1312
1984
1984
1440
360
-752
-1504
-1696
-1248
-560
86
408
344
66
-172
-118
280
880
1376
1376
880
-90
-1184
-1984
-2112
-1568
-528
592
1440
1632
1312
624
-3
-344
-312
-41
204
164
-228
-848
-1376
-1504
-992
-66
1056
1888
2112
1696
688
-456
-1312
-1632
-1312
-720
-70
296
280
15
-236
-220
164
784
1376
1568
1120
236
-912
-1824
-2112
-1824
-848
280
1184
1568
1376
784
140
-244
-248
7
264
280
-94
-720
-1312
-1632
-1248
-392
752
1760
2112
1888
992
-122
-1056
-1504
-1376
-816
-212
188
212
-33
-296
-328
19
656
1312
1632
1376
560
-592
-1632
-2112
-1952
-1120
-37
944
1440
1376
880
264
-132
-180
59
344
392
59
-592
-1248
-1696
-1504
-720
424
1504
2112
1984
1248
196
-784
-1376
-1376
-912
-328
86
148
-82
-376
-456
-140
496
1248
1696
1568
880
-248
-1376
-1984
-1984
-1376
-344
656
1248
1312
944
376
-39
-122
102
408
496
228
-424
-1184
-1696
-1696
-992
78
1184
1984
1984
1504
496
-496
-1184
-1312
-976
-424
1
94
-122
-440
-560
-312
328
1120
1696
1760
1120
94
-1056
-1952
-2112
-1632
-656
376
1056
1248
976
456
39
-66
140
472
624
392
-228
-992
-1696
-1824
-1312
-264
912
1824
2112
1696
784
-236
-976
-1184
-976
-488
-70
47
-148
-496
-688
-488
124
976
1632
1888
1440
440
-752
-1696
-2112
-1760
-944
90
880
1120
976
496
102
-29
164
496
720
560
-15
-880
-1632
-1952
-1568
-592
592
1632
1984
1824
1056
49
-752
-1056
-976
-528
-124
15
-172
-528
-784
-656
-98
752
1568
1952
1696
784
-408
-1504
-1984
-1888
-1120
-188
624
992
944
528
140
-5
172
528
816
752
212
-656
-1504
-1952
-1760
-944
236
1312
1984
1952
1248
312
-528
-976
