-1.4200343645
-1.4276370903
-0.2461929831
-2.1329976492
-2.0447271307
-0.5912080226
0.0988634730
1.4075579893
-2.4434165200
-6.9505386640
6.2964806710
0.9170136874
0.4347072391
-3.8058306869
0.6043051095
1.8296272071
-0.3907200590
1.4144936691
-2.1749144968
0.3699135626
-0.5307634625
1.7009685657
-1.6489860244
3.9225954121
-1.3419170160
-1.5957509714
-2.3624836954
-3.0063182351
-0.5017807949
-0.7762648201
-4.2558945755
1.1218282279
-4.4012255302
-3.2841549802
0.8697484024
-2.4027950705
0.5590024087
-2.2508283079
0.0308195302
0.4960526854
-1.3382940276
2.9077919433
-3.3264041345
-0.2120167317
2.2399912028
5.3226860097
-3.2281933394
-2.9999333404
4.8000852411
2.2839299003
-8.5448674520
-4.0142351612
10.7296639715
2.6996024225
-1.9776973774
0.0154513245
-1.3831458689
-0.8170748444
0.5666871540
-2.2699861762
-1.8078683384
-2.7569084186
2.6527850621
-2.9870866074
-0.8240973561
0.6600378884
-0.3227243424
1.4654212453
-0.2920456256
-0.6987385387
-2.8699030696
-1.2249141939
-5.8910019903
5.1983469377
-0.4947869929
-2.4143107427
0.7322971855
-5.2294829237
0.6150498780
-3.5207464184
-8.5982968735
4.1369218849
-5.0739650295
-3.5029676066
-1.6651030478
0.1287729974
2.8092482710
4.2712107899
-0.9469454478
-2.5642509689
-0.1086143199
0.1260559823
-2.0928889386
5.4526693860
-0.3259754322
-2.8689360431
-2.0147032939
3.9685107342
-4.6453193473
1.7920057677
1.4033130239
-0.8605257353
0.3100820203
2.4646168127
1.8198790723
-3.8726151739
-0.9052961720
-1.6014704006
0.0964653361
-1.4911660733
-0.9539219839
-2.5713506984
-3.3350900293
-1.1290608333
-1.3050585564
-0.6834029067
-2.2677234685
1.8140720649
-0.6775030359
1.3376836675
1.1656405697
2.7009611693
-0.4589381088
2.0117061492
-2.0683517259
0.7408684089
-2.3934082072
3.2194920495
1.5615254470
1.0480217747
-4.1653402865
-3.4320001890
1.8483104707
-0.2180217853
-1.4778354896
0.8186412707
-0.2340505106
-1.8291265074
-3.7760794643
2.1242833842
-4.1895428272
0.0304978009
-4.0897873208
-1.0019689880
3.0280397443
-5.4037724184
-0.0790582831
0.3869937787
1.4633390348
-2.6131595307
2.2703497353
-4.0185734850
0.6979840200
-0.1698803410
-0.1967911564
-5.2042791309
-1.4840890107
2.7782638666
-3.2020957368
2.7312591541
0.2192424124
-1.6381709962
-2.4880791920
0.3026620192
-0.7738212265
-1.3185104588
-1.7436103199
4.1542593140
-4.3328888818
-3.1250537081
-0.3354396005
-4.0803177168
0.5056606680
-0.2337524221
0.3499674002
1.4882468314
-0.6222182590
-3.6517400326
-5.2092925688
-2.8247292787
2.8276511166
-0.4277911438
-3.7437584140
2.4523713505
-3.0011541212
1.7976665766
2.8777047318
-2.6874901682
1.4180024632
-3.8852885976
2.3653157633
-0.8331321964
4.2472085331
-0.8487211528
-2.4788305541
-4.1200462047
4.3149116663
-2.4720252836
3.7954651053
-3.2636618509
-2.6459668734
-2.8584024116
-0.9872748422
2.9478845730
-4.4315811003
1.4221772885
1.7239997218
-2.3241627409
-2.1597793649
3.6640324152
5.5708036842
-0.8623513571
1.4673811972
-2.4529562492
-2.1711227908
0.5024352528
-1.5663018469
-4.5702632259
-1.9258860373
1.1070551165
2.4001577596
2.5774008766
-4.3640215590
-4.2906954484
-3.7810421587
1.8420670620
0.9838743611
-2.2820932282
-4.8797622286
-1.7206173928
2.6798126823
4.8646220333
-1.3457042686
3.5057470726
-4.2351768552
2.4897654914
1.6234964041
-5.6027637934
-4.1284647154
5.0738967551
0.5324999455
6.1581222814
-6.2851252210
3.7340484981
1.8966626750
-1.9135740319
-0.2098948489
-3.0564614961
-1.4820097449
-1.3798149255
0.2761157407
-4.8571975724
-1.3139552125
-2.6441540735
1.5251876805
-1.6873022873
0.3130692570
-5.1137352081
-1.5763707236
3.9128535866
-0.1614337264
-3.6332199210
-1.2417384252
-0.0495138821
-1.2002955195
-1.3035989082
-2.6065900563
1.6769555060
0.0377632822
3.3036243754
-2.4933837327
1.1778061761
-0.0923349503
-1.6642150653
0.0803580832
-5.7216613669
1.6744954282
1.5676110404
-2.1525577334
5.0972410608
0.2095363590
-1.8211406414
0.8295761240
-2.1185399372
-2.6040394392
-3.0589548313
-2.9605357360
-3.3460645070
4.3750308155
-2.0457541846
3.6253851462
1.2392295495
2.1126059352
1.4476651086
3.0669714468
-1.8231165947
2.3357804483
-0.8250998040
-0.4444152786
-1.3482549912
-3.3840821028
-0.1565281622
-2.0455146422
-0.1680431121
-0.9432773881
-2.4417950412
2.3179224436
3.0820571535
-0.9177971233
-2.9327056171
-6.2418665376
-3.1962759089
2.6986555435
-1.5097055770
-3.7995030784
0.2886710464
-5.1278946916
0.9598087510
-2.8828331223
-3.0251852379
1.7726178594
4.2173347046
-2.2468385179
-1.4647821872
-2.1745144093
-3.4007278840
0.8242909793
0.7374021483
-3.0932055161
-3.5694171173
-1.4212078805
2.9262538427
2.5485336116
3.1842079895
-1.4357293964
-1.8187300242
1.0338569844
-0.6025823183
-1.3408273699
0.7461475453
1.3489058601
-3.0094183542
-2.0066198817
-0.6220975176
0.5136194145
0.2588537823
1.3893445638
0.5551187095
-2.7968743266
-1.5121067201
-2.5259775474
0.0891626877
0.1049493961
-0.0129184967
-0.2084720681
-0.5026136312
-1.4079058906
2.7663946933
-2.3584747673
0.6098148715
-1.4701701131
-0.6774849123
-5.4356221734
-6.6561664034
-6.3352644977
4.8192707350
-3.6532925760
-0.5951307364
-3.6296992795
4.2072008440
0.5693437476
-3.0186416078
1.3104512962
8.1075249541
-1.2785793459
-1.0982769177
-1.4605568008
-0.5963284023
-0.6672364354
5.8061205962
-0.3973238113
0.5929916293
-2.4439538039
-3.8122376056
-0.3066942878
-0.2666293341
-0.6578399106
0.7335033481
-0.1317618190
0.0720854148
1.7464617203
0.0277892413
0.5203809626
-3.9907474674
0.5876823782
-1.2715480307
1.2010509872
0.7131979375
1.1797995292
-1.6194038020
-3.4326063276
0.7224328462
-0.4640967518
-0.8860712460
-1.8397841371
0.0870127143
-2.7421509370
-0.6643927491
0.0672512577
-0.6873277529
0.6039470288
-0.7162184507
-1.6270482882
0.6891642252
-0.5806988531
0.7756145786
0.0938368590
-1.2407648076
0.9159977246
-0.4745420403
-1.3439511763
-0.4282485603
-0.3174260839
-1.8045264716
-0.2498019907
-1.3406898726
-0.6764148766
0.5264215352
-0.5977935643
5.5128650665
-1.5890605637
2.1753370561
-1.1636720076
3.3808881482
-2.1093832293
-0.1359788217
0.4021720028
-0.1850385926
5.2440594928
-1.8551826005
-7.0717193597
2.8873134532
2.8874941192
-0.3972482052
-0.3706767828
3.3270532783
1.1265858576
-1.2717173111
-1.3413337260
-3.6439098312
-0.2834992813
0.8397169335
-4.0316803799
-1.1180720351
-4.3247684615
-1.4558313060
-1.8711825557
-1.3606418059
0.7452026644
-1.4704081473
0.0590410325
-0.2392560554
1.5945969913
1.8671031792
0.8191224567
3.6273449817
-0.5994177855
-0.3136072732
0.6269876146
-4.3827698757
-0.3362734872
-0.8421189666
1.2007243341
-1.5739729096
-0.4571251788
1.8609284857
-0.5339268180
4.3728438268
-5.5962318713
-2.2448575089
-0.4730552336
3.0760844739
-2.3571188111
-0.3366117726
-1.0689035705
-1.3080519585
-2.6496284669
0.9132642536
-1.3825864731
0.9788891878
2.5222842509
-1.9407357344
-1.1861322553
-0.7672051822
1.1329658250
-2.0721774633
0.6586616855
-4.3575356546
-0.3525430417
-0.5816142138
-1.0796375271
-2.3622529065
0.0485524466
-0.2402213880
-0.8825401900
-0.0368614702
-0.3874098730
-3.5925505528
6.6377496181
2.2953450395
-0.0400304281
3.1379493086
1.4683767791
-1.6022231025
-1.3254164625
-0.7997415357
3.5109065186
-0.6320782220
-4.1356636003
2.2550496743
-4.1438143708
-0.3305027914
-2.4584344687
0.8109271469
5.0715335774
-1.0871439702
0.4301447657
-3.0526408829
0.5542953459
-3.4128719175
-1.0712401059
1.2423549425
-2.8335174012
0.0830547037
2.0642460284
-1.3702064153
-0.8688106018
-2.2048519877
-2.3071320837
-0.2907919635
-0.8984111013
1.3746701592
-1.6470034093
-0.3110886995
1.8317513332
2.3193205940
-0.3950983670
-1.9675239889
-2.0026005913
0.1116980078
-0.8755097564
-0.9668769424
0.0633206010
-0.6096442266
-1.0521577424
-2.1961065323
0.9446437487
2.7706827397
-4.9370081268
-0.9802692498
0.9647666363
0.3384069005
2.5411536502
-0.2672722534
-2.5422060518
-0.6295459375
-1.9817157683
0.6854161993
0.6773587993
-1.4476147373
0.6464547883
0.3047803520
0.8287083826
-0.5656279757
-0.3663708566
-1.7827076223
-0.3245660955
0.4571183127
-0.4733281018
-1.1664723674
-3.7987815632
0.4212738721
-0.6644720785
0.1565456341
-0.9127279992
-1.5931611799
-0.0432300733
-3.3822659193
-1.3060633893
0.1367417397
-0.3856918539
-3.8242646711
1.4311197956
-2.0368648434
1.3820333527
-1.8606968073
-4.5408470352
5.8451903113
-7.8404188329
-1.5445622767
-1.8728565977
1.8037956951
0.8710573952
-2.4599236555
3.8743306366
0.9230666287
2.1700133823
-3.0560574353
-5.6616014689
-2.0643959013
-4.9618042906
-1.1668274748
3.9266545789
-1.3082881398
-0.4506887349
-0.5341760327
-2.1924315936
0.3480678377
2.6090397715
-0.4665855028
-0.3161771658
-0.1250695355
6.8101590017
6.6366882067
0.1253317476
2.2795830860
2.5220221534
-2.9775682823
-3.5021776614
0.3212330399
3.5924270535
2.3608874632
0.2094127792
-2.6367888997
3.5700534014
3.1978692169
2.3124514444
1.1279046973
2.6892044779
-4.9306394086
-1.5886809930
1.0629762937
0.2312058736
-2.3193479836
-4.9018229425
3.9604361872
-3.0858158931
-5.1947930846
-1.6396380162
3.7513138696
1.1285083805
-1.6722893604
2.1495847116
-2.5209821064
2.5261049486
-3.1962185170
1.0376409114
-1.1805124889
1.9973387671
-0.8780325842
-5.8321432712
-2.3168877408
-0.3315699729
-3.4957495352
-2.1488059939
-3.3156043482
-2.5149764402
0.4974611269
-3.8933294991
-4.1485099831
2.7954712521
0.4245372894
1.6126996454
-0.4698589551
2.8502410546
-1.0189799519
-4.1173333989
-1.7102052412
-0.1573342370
-2.1874858231
-2.9965112502
-1.3646164194
1.2875020622
0.6248707730
-0.4802155946
1.5651145287
-3.5207028784
1.8767924012
-2.7176833852
-4.2824841609
-4.1455126969
-1.8538715409
1.9099650775
-3.3561178634
-3.1252842701
-4.1366490255
0.2495520350
-4.3578470681
-2.9750382215
-1.2803958886
1.4917378582
-4.2689852724
1.5502655866
-0.9009821132
-5.2189736587
-1.9724169206
-3.2251807691
-2.0863265998
-1.8947595940
-3.2653767656
-4.6957035617
-5.5282880664
-0.6248107961
-1.2960893362
-0.6276843454
8.2933552651
1.1889847498
-5.6654962401
-0.9672304194
-1.4437843840
-2.1424414891
0.5064406479
1.0788736686
2.5429154821
-1.2872940504
1.6200583625
-2.7945789485
1.8142961593
-0.1165185040
-5.2554641027
-1.9303342126
-1.4776547690
-2.4177678175
1.4901615010
3.4524531159
1.4819052359
1.4726583458
-1.5199649261
0.3044996776
-2.5202113693
-0.8979682636
-1.8102711823
1.4480931169
-4.1233453491
1.7266924341
-3.2790987191
2.0513960005
-1.6521573404
-2.4861621382
2.2380718595
-0.3455532734
1.5123843438
0.8461976883
-1.5002632927
0.5363991424
-0.7390993977
-1.8442612127
-1.3619600183
1.3653412027
1.4381780588
-0.8815942359
-1.4782131314
-1.9108183146
-3.8280449833
-1.9819571571
3.5487469503
-4.0671340065
-1.4794929753
0.0946875719
-6.8926251158
2.4123181042
-0.9280283516
0.4773566253
0.1830464641
0.8114985817
0.5673017685
0.1034000153
-2.0910528121
0.1597546248
-0.4688293007
0.1653782618
-1.2892604593
-2.4620807962
-0.4460496150
-0.3825726706
0.1962370616
-0.6510289431
-0.8921582212
0.0965638004
-0.3062478286
-0.6958525673
5.4948043949
-1.0037061760
-1.4561759378
-1.8489688993
-1.6283605646
-0.3999954470
-1.4494891912
-1.9648983269
-3.3614813443
-0.0661674113
-1.3887767804
-3.3142949557
-3.6856699733
-0.4259255144
1.0415368241
3.1742337632
0.0174086197
-1.7995951359
0.6498529051
1.2020652314
-0.6362033812
-1.4745772926
-0.5512150306
-1.6605514778
0.1200515597
0.1766220248
-0.6467080649
-2.4384759533
-0.2393530620
-1.6925903709
5.1139707878
-0.7033253504
0.1377013432
-0.5550830407
-0.7285857573
-2.4109274075
3.2836824758
0.2783402940
-1.1520103080
3.1221630426
-3.8475063028
-0.8853190789
-1.4288893740
-2.3333752283
1.7484436689
-0.9946662252
-0.2946957829
-1.4046501790
-0.9839579972
-0.6144821613
5.2888355093
-1.0583649609
0.1951604016
2.2574566578
-1.4235307664
1.1455141758
-0.8609499905
-1.8993180695
-2.1562009259
-0.6033541986
0.4368630038
4.2599360929
-3.0516446783
1.1938663920
-2.6750878165
1.5921689558
0.0004350844
-0.5935889550
5.5539718610
3.9155764102
-2.1124106058
1.5927151281
-0.5690137398
-0.6284549030
-5.3141634851
-1.3656743104
-9.1674995254
-12.3412314288
-0.6385062075
-0.8173627305
-2.1182216040
-1.9546466360
2.9550981721
-4.1344337798
0.5938413623
-0.9287293998
-3.3533392640
-2.1994115304
-0.4308373318
-0.1033385460
-1.0670858595
0.4754179742
-0.8857199965
-1.7869235444
-3.2018097750
1.1341697439
2.1268088934
-1.0971626434
-0.3748947023
-0.8830248227
-0.0144184373
-4.3613883743
-0.8616953265
0.1362335323
-0.0368611742
1.2125678889
-1.6298347077
-3.2933654585
-1.8571094958
0.1214699909
-2.3313235044
0.3117305095
1.7977098156
-6.0522931797
-0.0398256310
1.9074315821
-1.1812527300
-2.1469885710
-0.2359856052
-0.1507926522
-1.2508025034
5.6590312505
-1.2527429189
-2.3724854085
1.8241042697
-4.3182261928
-1.4305417648
-1.6193646087
-0.9244327910
1.7250950397
-0.8169985480
-3.1667082627
-0.5233680547
-1.0037902018
1.1973260925
-1.1213914870
-0.9013139554
0.0290696586
0.3365972365
-1.8676012946
0.7416156225
-1.9394258745
-2.3693427490
1.3487393442
-2.7587555459
5.2442147069
3.4204855090
3.4086889671
-4.9739117524
-6.6096209907
4.6559397978
-1.1523355589
-1.0145134057
-2.4898754626
-1.9404339082
-0.3584593640
4.6929353987
-1.1633660643
-1.9365124913
-1.2880251148
1.7389112258
-1.6315180712
-1.5941105570
-5.7140824642
-2.8610261545
-1.9551028685
-0.0578528455
-2.8582399089
1.2863446093
1.4142855848
0.6415716312
-0.1109419981
1.1226732057
3.3828338879
1.1936306912
-0.7972626920
2.0840354095
1.0494483223
2.0535809141
0.0408771912
-4.1249906923
-3.0264676832
0.8931799476
2.9887221201
1.5955986224
-1.2551483565
0.6288855797
3.1030601118
-1.6771062757
-5.3006330994
0.6563530750
1.9663659844
-2.2130154719
-1.9993335768
-4.9971400786
0.2309535964
-5.2405710092
2.0302357390
-2.6514553787
-3.8890246222
-2.6340117013
-2.9743249001
-2.0668421831
0.7779560440
3.6038181847
-0.3063480656
-0.0989057982
-2.2357909840
-4.0309263964
0.4546449292
-1.5734801227
-3.1430476786
-3.5916044446
1.5677039181
-1.2357967831
-4.4646181851
-1.7997802648
-5.8940431414
-3.1356335724
3.0540002038
-1.1276785141
1.4788941998
-1.9987689665
-2.2956455979
5.5897649698
1.2902403211
-2.0181398822
-4.3399535686
2.2336186639
-0.6598256172
-2.2838234262
2.5587730613
1.7008428006
3.8095610982
-4.4696788601
-3.0758545938
-2.9431514154
-3.5980514773
0.1260868398
2.4123182653
-4.8241041294
8.2485188957
-2.3382471509
-2.9239149081
-2.4794028322
1.2744985531
6.3405437663
3.9952317556
3.3775846829
-1.9247073722
1.0416844112
-0.6294921518
3.3307134519
-1.9228404586
-1.3848698554
-1.3964506537
-6.2176155657
2.4158921556
-0.3140202977
1.4658468701
-2.2807065514
2.0763081976
-1.6618476143
-2.7089180708
-2.3888952617
0.2613013633
0.9162116429
-1.7621766668
-2.8178404493
1.2769110555
-3.1437224685
1.4539827482
-0.5419221836
-4.1545618544
-2.1204069073
0.1345504425
-0.1820414888
-0.4472743827
-2.3879162565
-0.3657263937
0.3445848143
2.7353554123
1.1776182219
4.2616233281
-3.9446893936
-3.5359519015
-4.0022423504
-3.1340472961
-4.2429863796
-1.5297717848
0.8277790458
-1.0374805018
-1.9177128333
-1.3627114748
-1.8727752339
-1.0331254352
-3.0816933558
2.4621641035
-1.4438112011
-1.0214157024
-1.5768418157
-2.2676951444
-2.1838308671
-2.6049453399
-4.5866992780
0.3985028055
-2.6148361238
-2.0041875700
-1.5254089242
-2.3511500537
-1.5673982919
-2.5032765424
-2.3365523434
-0.4821848401
-4.0405682855
1.5328289795
-1.8546088871
-1.4376343486
0.6695144066
-1.5967539377
-2.9897136132
-2.7359352678
-2.3768754965
-1.2268811154
-2.1713569590
-0.7553136342
-1.0959418566
-0.3760997338
-0.7219100391
-2.3463619159
-0.8872072404
-2.7020244942
-0.6929137223
-1.4081989036
-1.1470154112
-3.5112510947
-3.4609010487
-0.1957474567
0.0085863765
-3.1767291758
-1.7389445145
-0.8324004932
0.5747092417
-0.3816332464
-0.4096434293
0.1287717974
-0.6265813491
-3.0983620281
-0.3245348641
-2.6756443393
-2.0996466118
-0.6810915621
-2.0990688547
-1.7726653979
-2.1493711480
-0.4972326140
-1.1776382681
-4.1461848102
-1.8841462953
-0.7752932224
-1.3235284238
-0.8063369454
-0.9474862431
-1.4518098724
-1.5948686868
-1.4934760109
-2.1341320538
-3.6025491849
-0.5476036219
-4.6106199945
-0.7249645999
-0.4064168361
-0.5293872020
-4.5568992604
-1.4005084356
-0.3707485739
-1.1458411108
-3.0249780378
-1.3265092651
-1.4539171308
1.2916831182
-0.5045931035
2.2444330122
-0.7879587674
-2.0415892812
0.7471969785
-3.5512271763
-0.1930713371
2.0223021839
-1.9572693915
-4.0087004134
0.6194163558
-0.3071376998
-2.8021236353
1.5395988895
4.0593760424
1.6092346836
2.3806836960
1.1541297335
0.6778341740
-4.9140899770
-4.9789629070
2.7015166687
-3.6950481377
-2.4636553370
0.4766298792
-2.7682313936
-4.8958614018
-1.5484671781
-2.0012893096
-1.1142996258
-3.5801886721
-1.6450598388
2.7298332109
-6.1716565252
0.1044035665
0.5122118167
-3.4827107194
2.4500214189
-3.3157698238
-2.7502496920
-4.1461172577
-3.2437917995
-1.7730168930
-3.2776466819
0.2315617377
1.4760364887
7.0682107430
2.1490109719
3.5466504847
1.7931101963
0.5134888960
0.1724485320
-2.2001232445
-1.2775393936
3.2693829261
-5.6439581686
-4.5168016859
-5.6522365459
-3.2834358455
-0.0924014037
-3.2828939255
-0.7601272539
1.7406089762
0.3522228626
-1.1667508806
1.6122498756
-1.8129010538
0.6946557518
-5.1781663752
-1.5050772421
-0.6693577713
0.3889305598
-1.0283762124
2.7217938879
1.4750154143
-1.7213393090
2.1515030504
-3.6852064942
-1.3946448544
4.5654500602
-3.5871214415
-2.8739842192
-0.2782596637
-4.9726348703
1.6514338142
-1.8259066851
-2.9857864835
-2.8296695383
-2.6186664124
3.1428313610
-3.8640353910
-3.1879708849
-1.7334069706
-2.2853694616
-0.5867239882
-4.3979409005
-2.8089612886
2.3539122343
-2.7541085674
-1.1103922542
2.7253131639
0.0929262273
1.2854660139
1.9699594182
1.0210559436
1.9367942053
1.5724307245
0.9219078128
1.2684328387
1.4886076114
-3.2018866022
3.3613940806
-0.6010770049
1.1689709108
-2.2197101010
2.6166967309
-2.2407596123
-0.5123870668
-0.5163523508
-1.3423913278
-0.9260203679
0.1904212826
-1.5890697815
-1.8893710625
-4.9032284972
2.3667148574
2.1898942003
-0.0141999844
1.6647145879
-1.1596934276
-0.8687736450
3.6997454080
-0.7941272490
-2.7179534765
-1.1974920835
-0.9346604840
-4.0524149176
0.4384437509
-5.5827152763
-1.5392641310
-1.0293754532
-3.1523596415
-1.4965699183
0.6648382153
-0.9863651284
-2.5111090820
1.1060097734
-1.5570221438
0.9347758673
-1.2751949313
-1.4599883400
0.0278248091
0.0312372598
1.2860584703
-0.0548233218
-0.6712051987
-1.1004826360
-1.5045617207
0.8541417202
-0.7456511770
3.3112498929
-1.8429596533
-2.2338964263
0.5887602621
-0.7825438558
-0.9363821177
0.5245341034
5.2815669357
-2.3838467097
-0.5296647899
0.2096924892
0.4142881355
-1.5513142699
-0.6496377263
-0.8767320227
-2.2006434791
-0.1469758768
1.1160076346
-0.5606887429
-1.6194810204
2.4715182122
-0.4927415925
3.2501339721
0.2779782474
2.3697699801
0.1924522298
-0.4361625972
-0.4906988329
-0.7091858095
1.3755237600
0.7179959450
0.3009370336
-1.8787581166
-0.4404491734
-0.3879184257
-3.0564661781
-1.1338435996
-2.4767408398
3.4575034443
0.5246848284
1.1809140834
-1.4639192162
-2.8110584060
-0.3894976620
-1.3305555926
0.7103351416
-1.9994861493
-3.5932549678
-0.3534963013
0.7652414541
-1.1120529270
-1.2663478697
-0.7137348875
6.2521861851
-4.1982262103
1.0980966924
-0.8764052983
-0.3832711385
-1.2236312429
0.6372251219
3.2344916482
-1.7062687286
0.0034878265
-0.5798757683
-0.9641534945
-1.0122315709
-0.6122432277
-0.2142705041
-0.8096475193
-3.0515644908
4.1378661182
-3.3000537756
4.4277324869
-5.4842454074
5.3374404765
2.3654969095
2.9990277336
-1.3195549627
-0.5953485539
-0.7931576550
0.4976949705
-3.3477549096
4.0243740294
-4.3458416217
-4.3152164252
4.9718264224
-3.3526625809
-2.5694610345
1.7010704961
1.3553525484
-3.6646707618
-0.0615569947
3.2119735292
-3.9474989206
0.1325634289
-3.1347448072
1.8276987142
-1.3299342956
2.2459602209
-1.2017848832
-1.0316854048
2.4195440836
0.7433208966
-0.0691647261
-2.2642312018
0.1851377188
-0.8139150617
0.0858370507
-3.3168296711
-0.1634321984
-0.4499436632
2.5334890370
-0.8978755788
-0.4486241938
1.2200634126
1.5894459446
-2.5546397607
-4.0413840009
0.5220858345
-2.6101908722
-0.9384956907
0.9113810840
-1.9296535175
-2.4928943142
0.3736747031
0.3452939553
-1.8590741277
-2.9160082227
-2.6768898733
-1.6517017113
0.4787452554
-0.3675872408
0.5837800634
0.9276140556
-4.2337592032
1.8914031111
-1.3393881379
1.1898520372
1.4639969955
2.0690520383
0.4815285144
0.5692497681
-3.3157709955
1.0188949711
-2.2513029491
-3.1248175560
-1.8066141003
-1.0034055468
-0.7041534090
-2.6314542351
0.5722876435
-0.3184521707
0.3661048053
0.3502235574
-0.7367591379
0.2330412170
-0.4121617463
-0.4822615261
-0.1024151233
0.4941196870
-0.9929262592
0.6224336760
-0.0533226752
0.3322801831
0.8675051746
-0.2082276458
0.7420953796
-0.1442207175
-0.5901692679
-0.1438120237
-0.0564267605
0.9149562525
-0.2860712762
-0.8503471969
0.2776511715
-0.4212122081
0.8852788961
-0.4984300320
0.0535614606
-0.7579386338
0.6333205025
0.6681088348
-0.7939857304
0.6001876474
0.4948536241
-0.2632803257
0.7565596150
0.6560112792
-1.0264992036
-0.8736993731
-0.3504121394
0.2640682097
0.0617612901
-0.6608125708
0.7256095559
0.8176565551
-0.8208752273
-0.5197107024
0.8718823344
-0.9305872873
0.7885497065
-0.2499352600
0.6515590097
-0.6385713787
0.8470831455
-0.4962569876
-1.1544353495
0.8356299297
1.0805147195
1.2377772003
-1.4213846609
0.0294584081
-0.1403974912
0.0221085893
0.7651784529
0.0362093846
0.7672645191
0.0947679861
-0.5737842708
-0.7309977510
0.1406605560
0.5707292294
-0.7038607829
0.7232832418
-0.4228892439
0.5866190065
0.5214210415
-0.9159640203
-1.3294918131
-3.0812412619
-0.9908990057
-1.9279172632
-0.7051349551
-2.7370184822
-1.6300032349
0.0352009600
-1.2020240653
-2.3515100528
-2.1482902561
-2.4174504876
-1.5705150855
-1.5128409244
-1.7792915074
-1.4204732774
-2.7352900985
-0.6191319010
-1.4494974817
-2.6065113434
-1.1986584873
-1.3075778950
-2.5172566926
-1.6908792620
-1.6975264887
-2.1774433201
-2.5343771853
-0.7845882263
-1.4787623025
-1.1424341218
-1.3901225247
-1.5917100187
-1.2790055469
-2.8757841066
-0.4796931436
-2.6995942172
-1.2431179762
-2.5012629913
-0.0403710133
-2.5100066581
-1.6418300938
-1.6931816592
-1.1203479227
-1.7141276394
-1.1185122589
-0.9459449201
-1.9735894572
-1.3431318460
-5.2817651839
-2.8628253652
-2.3737021637
-2.7901559245
-2.3182833142
-2.5746778229
-1.7694511601
-2.2044573911
-2.0570018711
0.9178804704
-2.6025271564
-6.5232682506
-1.5613134853
-0.9039755890
-0.9875271249
-1.8761800405
-2.5279630987
-2.6628570390
-3.7424757339
-2.3267803842
-1.3270297468
-1.5209139963
-2.1149813901
-2.7758545875
-3.6226640181
-0.9835308384
-1.8505800888
-1.7592256372
-2.4990789224
-0.5461159021
-1.3439711953
0.1888515553
-3.7793176378
3.4250205219
-2.5014998728
-2.1820841598
0.4281296872
1.3389091199
-2.6176938031
-0.0815628368
-3.7052618192
-2.3946341290
-1.1510285695
5.2166598238
-5.1432856110
1.9809025545
-0.9311606964
-1.6117394256
-1.6863999812
-1.4236284248
-2.1662842656
-3.1859485163
0.9263778406
-1.5474308884
-0.0765218692
-1.4896050661
-2.5684957180
0.3776968615
4.3132975687
-1.4020552697
-2.1852183528
-0.5452239977
-0.2080805995
-4.9136298024
-0.1474527390
-1.5023655671
1.9854883133
1.8640531420
-0.0867972330
-1.5369802645
-3.3400382035
-0.7099329490
-0.3755728529
-0.3145612948
-2.3118150518
-0.4971785054
1.2427622497
-2.6188333452
-2.2512919068
-1.1717853070
-1.1106962471
-2.0375471006
-0.8182174305
-2.4181517879
-2.2844215007
-0.8675004080
2.9216996200
-5.0982205627
-3.2443132982
2.4215751368
2.4886238304
2.1469867790
3.4410339569
2.1863397921
-2.5314948771
1.3559277462
4.9476594860
-1.6878351995
-4.0367321858
1.2739141353
-0.6898164383
-3.5966144319
-2.6958029202
-3.2532288390
-1.4285767283
2.4892251355
-2.6824685605
-2.8655027002
-4.2359655465
-5.4496205853
2.2170388765
-3.0301719387
-2.4797784842
-3.2371419735
1.9808033876
2.7507412533
1.3250982629
-1.2102958831
4.3190203097
-2.5766080639
-1.5005021845
5.0402225923
9.2910407732
2.0254086818
-4.6841737685
-2.5852905743
-2.5192806845
-1.7869480302
-1.6023175750
-4.1402592347
-0.4948340874
-0.7848551706
-3.0723814892
-2.2955233425
0.6309213504
-2.3331936284
-2.1053623215
-3.0229374935
-0.8573857980
-1.6515952036
-1.3254225190
-1.1876001255
-2.7166234774
4.0101619599
-2.5091056670
4.5715436634
1.8283312516
-2.3228449878
-1.0562252653
-2.1288101361
-1.1241011005
-0.8472057621
-3.3630830532
-1.9368133871
-2.3470446279
-1.2580004558
2.1061500202
-3.0447139267
-0.4725297944
-0.7571231607
-4.1461022034
2.2514389553
-6.8754493932
-0.5437754349
2.8121748726
1.9650446745
4.1792253241
3.3805031625
3.8446319209
-3.1214250651
0.2710788130
-1.5850758444
-2.1537267582
1.1084519686
-0.8733935303
-3.8280165579
-0.3690110895
-1.9962064243
-0.6777256805
-1.2489050198
-1.2983836691
-1.8459656789
1.5582707282
-1.3584062056
-0.5414224890
-1.2560584757
-1.0149375147
-5.1634498003
-5.0147424252
4.1159355995
-4.4231094065
-3.5070534787
-0.5543376766
-2.4126419491
-0.2992597985
-2.0137672846
-1.4493197200
-3.6669699131
-2.3982098510
-3.3168017013
-0.8637525808
1.6196640828
-4.5867039432
-0.8727368168
-3.6488158721
0.9570676913
-5.9859760237
-1.3113422248
-4.1764488682
-2.5677197219
-0.9557567569
-3.2214168756
0.6830583170
-2.0344835080
0.5098453756
0.8827312153
-2.9510643688
-0.1077442522
-2.1890195204
-4.5385411120
-0.2066508656
-0.9113128350
-3.5580156248
3.6469091905
-0.2022306750
1.3317079037
-0.5038925401
-2.5145366525
-1.6136667792
-2.7918135165
0.1021961914
-1.8368992286
2.3906978348
3.5323415642
-1.2711210568
2.2228596536
2.8959438617
3.6604773255
3.6388326967
3.4681643981
0.8173515699
-4.4842596351
-3.8263873352
-4.2287817118
0.9097672203
0.1516260954
-2.5241794333
-0.9232435174
-2.8001568239
-5.0182731411
4.1141121062
0.6650052611
-4.1105206879
0.8676437363
4.0587534809
2.7749122642
2.3997293324
-4.5610302552
-0.9274815619
-0.8654994973
3.2490042587
1.3295761454
2.4159979721
0.1543859658
4.3665172862
-0.9141580444
0.7722022905
-1.3575047631
-1.5354383165
1.4186499096
-1.2632828842
-0.0589610323
1.2373492848
0.4890486160
-1.5071520066
-2.9596979260
0.2954987526
4.1975338876
-5.1221757541
0.0178351749
-0.4753286736
2.2692932863
1.1590567627
0.4708459063
0.6573281671
-4.1231972280
2.1112602928
1.2978071841
-4.8251575680
-7.6040974193
-2.0229987396
-1.0799372936
-4.1580614480
-0.8819711094
-0.9547023644
-2.9946268957
-2.5481888924
5.3307949801
2.2445885968
-0.4406953670
1.2287142629
0.8084833380
-3.4727383255
-0.9184560896
-0.7948075167
-0.0318688599
-1.1880838876
-0.4898808020
2.3838983255
0.8932420378
-1.7525580622
-5.3446669394
-2.0166464090
-2.1321136659
-2.5538003252
-1.7009915327
-2.2661220708
-2.5332744047
0.9699741517
-1.3510323519
-2.6762010727
-0.8634814047
-0.4905462488
1.4451397874
-0.3059353386
2.2033483669
-0.6360042233
1.4357810711
0.8395099166
-0.9125000796
0.1831867289
1.8958260106
-5.3491920377
0.4257243597
0.4893890491
0.5754515808
-1.6629296669
0.4366769883
-3.1293676817
1.3123043820
-5.7453143930
0.4031699292
3.0501283122
-4.3554023074
-3.4430053546
-7.1086546005
-2.9086872747
-3.8092229643
1.4149120611
-5.4638926114
-4.5304009985
-1.7671342728
-4.0135202971
-2.7893394169
-2.7422811676
-1.8852049088
5.2202972579
1.2882289471
-2.1699879415
-0.4253078392
-0.3964102373
0.3782790327
1.3228535224
1.2889940687
4.8120160986
0.9361652479
2.7374455527
1.6588118790
-1.6295610653
0.9629537416
-0.8883211764
-5.4187665169
-0.7421443570
1.2841710010
2.1499856436
-4.2492840028
1.0294941990
0.3011252096
0.1164578306
1.0871887999
-0.4446727038
-1.4230511558
0.1556644822
-5.7409687853
2.0117230877
2.1961584093
-2.2489427944
1.2088656489
1.3916941245
-1.5350313440
1.2391797413
1.1839951174
1.4100248333
1.6497615826
2.6592184481
-4.4746832126
1.4759839380
1.1323743493
1.1372010494
0.1568737632
-2.1507519599
1.7897187584
0.7138849078
-0.1187632494
-2.9708615758
-3.9079359139
-1.3520697996
-1.8683032742
-2.2983700708
-6.5118344280
-1.8406194545
-3.6969092824
-1.2338885977
2.3188850600
-2.8806652746
-0.2612230856
-0.5781899284
0.4645773655
0.4222755192
0.7147395785
-0.0081436058
3.5170984809
-0.0884906293
-1.1298212761
0.7318706696
0.1903861052
0.2422345618
-1.9220141647
-2.3389578426
-0.5536110332
1.6172758518
0.9671210748
-3.5199854201
2.1343800340
-2.8216612276
1.8525413832
-2.5839693728
-1.1032118822
1.3873163401
-0.8761728033
-0.7972714282
-1.3216013648
-0.7153270519
-1.0947481503
0.2013880443
-1.9110277832
-0.4063690077
1.3734800121
1.9411146320
1.1104143257
-1.7426836630
-0.2595509908
-1.0064804884
-1.0819853185
1.6887039727
0.2214013621
-1.0384812669
1.1785767265
-0.7163692027
0.3924939747
0.9172068581
3.4266094768
-2.8797264270
2.0143391298
-0.9669334116
-0.1647414965
1.4027455610
-2.0777601267
-1.1133356154
0.1039943232
0.6031932243
-0.9744270270
-0.6015215599
-5.0970677373
-2.1309549590
0.4855402578
5.4168915455
-0.4084571868
-1.3753312172
-1.4530628281
-0.1458308492
-6.3748632453
0.8637454569
1.0082694850
-0.4389565200
1.8942324098
0.4300048616
-3.0784868369
0.0395615994
-1.6149038436
-0.9342674136
-0.6100191731
-1.8892278480
0.1141003256
0.6710184465
0.2272875130
4.0124996685
1.2161659388
-0.6862171204
-0.9213285911
-2.6009346642
-0.3837118273
-0.5918780100
0.2128503095
1.2172455160
-1.6256158246
-0.5323307253
-0.6675709958
2.2428801666
-1.3640219281
-2.1751251368
-0.8977316283
-2.2143414377
-1.9040050428
-2.1850078646
-0.9725023818
0.7816746932
-1.0940485650
0.5927190337
-0.2426113342
-0.6339159706
-3.5919683262
0.4414914422
0.5394965105
0.3213447329
-0.9394491045
-0.2363250482
-1.1835752681
-0.2294743370
0.1173411271
-0.0498539017
-0.2242234521
0.1407243351
-2.3739876838
0.0880354146
-0.5935248614
-0.2624108892
0.0840270324
-0.8942539580
-2.3043662851
-0.2709609578
0.1803688759
0.5560067104
-1.3508285964
0.6398336561
-0.8148209250
3.7391912650
-0.7029574285
2.6736330403
-2.3915717589
-1.2012544311
-4.2921688122
-0.3759604175
-0.6355806908
0.8019940513
-0.7080872126
-0.5363052112
-0.3258323268
-3.5142920363
-5.6932949856
-0.8403141796
1.5747063084
0.0633920096
1.0109169976
-1.9671072695
-1.4315951017
-1.8296827069
-1.1144192163
0.3851608940
0.2385387293
-0.6040476383
0.6150149095
-0.2022741289
0.2148461369
2.2520798291
1.4345938316
2.5870501125
-3.5515159769
-2.9649138634
-0.7704676111
1.9027139190
-3.7190084860
-1.8243940247
-5.4197816794
-2.1887751496
-1.7043918379
-4.3546465671
4.9518797961
3.3225142635
-2.2994555364
-2.3357612839
-1.8230852979
0.3388141513
-1.2611595946
3.6080370578
0.0454965598
0.4114846194
-1.2517153884
-5.5259794988
-1.9259326194
-0.8992165239
-1.8184081914
-0.6641225518
4.6067879952
-0.9207270218
-1.5451715819
-1.3601995882
-1.4758714031
-3.4250333845
-0.6734135651
-2.6736892247
0.0671585620
-2.3488029961
-1.4358132615
1.8047100553
1.4345036121
0.8473189654
1.6603273530
3.1862448743
0.5107247913
-2.6661452649
-2.7069629949
3.1598645358
-0.1563544819
3.0616046243
-0.5957357030
-2.1215488503
-1.3000506641
-2.2234185184
2.9114531912
-4.2204958587
-0.8116676367
-2.4648511592
0.8137782670
-2.2466504392
3.6335794226
2.6476748520
-2.2593920235
-2.3943877270
-1.7495622893
-0.5431091931
-1.2170392753
-2.4507476126
-3.3645220893
4.0780986573
1.2713105004
-1.6307656912
2.9788608759
0.0276937978
-3.0006669392
-0.1983715331
-2.6968775650
-2.4156477155
-1.5492760858
1.7865817122
0.2737595085
-2.8551496679
0.0277147279
1.3559450162
1.6408907727
-2.0960905788
-2.4347473984
4.2613778163
0.5926696608
-4.2932327666
-0.6183827872
-0.5723073237
2.6198178431
1.3486379392
-1.0836604815
-3.7304166559
0.9955391720
-0.7752308623
-0.4445117062
1.0467582303
-1.1260855115
2.0980002404
2.2457238895
-1.6402914589
1.6358690178
0.8971855695
0.1648414283
-0.2293762668
1.5727335367
-3.5076661196
-0.1498456251
0.3033222838
-0.6620696355
-3.2999399768
-0.0065544552
4.6939895749
0.5989597655
-1.5819557603
-6.2686271368
-2.4736704921
-2.3227804144
-4.5277463845
-3.9135768398
0.0392130746
-3.1889554274
-3.0876618240
-4.2288574301
-1.7568960680
4.9049382556
-2.6678713595
-1.4037470429
-5.2223985010
-2.0212963715
-1.7514029383
0.4343780047
0.6655696346
-2.5837833967
-2.3239260312
0.6230318023
4.5058895721
-4.1936905267
-3.9523313720
1.7427730046
0.7202423705
-4.0256005069
-2.0154288819
3.3802952205
-3.8014569952
-4.9393382836
-1.4900006783
-0.5462641667
-3.4113765366
2.7024411780
1.9318465487
-2.1493585286
0.6096541513
-5.2150779263
-0.2451174450
-0.4903862989
-0.2840005516
2.3572899304
1.4179936207
3.4261537971
-1.6998668625
1.9169871165
-0.7760516389
-2.3431636383
-2.5483123733
-2.2656790669
-3.9678539973
-0.4059706714
-0.5409933050
3.6512500018
3.9558756185
-0.4733550103
-2.4843001948
2.0211049791
0.9587725248
-2.8695427919
1.1025072370
-3.1229373355
-5.2787047666
1.0269743771
0.0272352205
-0.5500337805
-1.2443415805
-4.6271004589
1.0290805739
0.9851249118
-0.6137998546
-1.3608599453
-0.5690081811
1.5190258059
-5.6523066626
-0.4626754595
-0.7118207008
0.9275370045
-0.0577925041
-4.8867516235
3.7257808275
-1.6318025827
-0.0386563721
-1.5042215698
-2.2282511565
-0.6745889770
-1.1370518338
-0.5743298047
-6.3083610165
-2.2166245918
-1.8071055981
-3.0779126090
-1.1879910116
-0.4825266997
2.2716042070
-1.8010373790
0.2336000087
-2.2857199589
0.5554881331
-1.3196474000
-3.0366596173
0.9917111595
-2.8346626371
0.6524870733
0.4019334129
-4.3339266055
0.2910142250
2.6936081417
1.1500228522
1.7113473448
1.7760594821
-3.2188000164
0.1926571290
-4.1198488638
-3.6608828288
0.6747842099
-1.0173677739
-0.2332865558
-1.6043600620
-1.5679001500
-1.4032321261
-1.6583118243
-0.9264828099
-4.2872415979
-1.8541670876
-5.8706449251
3.5496113849
-1.3933810663
-1.6076710760
-0.8947695033
-2.4137173798
-1.9413878827
-1.3917707722
-0.0539668862
-2.9005966088
-1.7682753446
-2.0857626138
-2.4422267643
-2.4806734137
-2.5673238734
-2.6762235349
-1.0530110247
-1.7929560109
-1.0743071302
-0.3946641135
-1.3001816391
-1.6513244731
-0.1794162750
-1.1261612982
-1.5286000042
-1.9341411372
-2.9511577771
-1.9820902755
-0.5926448249
-1.1931530808
-1.0405941028
-1.5632397417
-1.7930379383
-0.0094911595
-2.1111155290
-0.6598463542
-1.8740830823
-1.6888543116
-0.8362067259
-0.1554532249
-2.3833998119
-2.1050640330
-3.2128681444
-2.6692259515
2.7250724001
-1.7936881979
-0.3025542082
-2.5946853212
-6.6614201758
-0.9342043975
-8.1020257961
-1.5598350720
-1.9671885921
-1.0139105490
-2.3984616878
-3.0914019746
-2.1927387434
-2.4783340911
-0.8886246839
-1.3494963653
-0.8001948329
-1.1705833844
-0.8863472157
-0.7453571496
-0.9693624964
-0.0906901880
-1.1083187711
-2.9891559902
-0.4379110208
-2.0632612642
-1.1961915911
-1.1938108207
-0.9759836560
-6.8917752686
-1.4338543853
-0.1771312081
-2.9506116436
2.2073260282
-0.0221795767
-5.6114761660
3.1802038813
-2.4402682781
1.6158175350
-4.8288351879
0.6086192688
0.1221008926
-2.8615992080
-4.2854449218
8.0785645151
2.2522721588
3.1866453183
-0.6723507800
-2.1259791848
2.0919460199
-0.9989500839
0.7580214221
1.2838908945
-0.9099235940
-2.8762449906
1.5295424504
-2.9635392509
-3.9377938883
-0.8867749013
1.6414492528
0.4330070865
0.1472557282
-2.2432341472
0.0261052462
-1.0663850362
-3.7346746055
2.7691119151
0.4675019534
-0.3355289768
-2.0742356914
-4.4191435617
-1.0211619588
2.2245637801
-2.6431760798
-4.2339324518
-1.2648531670
-1.3466019502
0.1407161499
3.3099487872
-0.1915798540
-6.3933258164
-1.0641032345
-3.8326253525
1.3590401696
2.5855330968
0.7670484000
-2.6899602971
3.5421567241
-0.1512710161
0.4346821538
-1.0132255600
0.4751293243
0.3376270479
-2.5675951904
0.4249231080
-1.7032059397
2.3550356330
-0.2204396059
0.6225434755
-1.4702205172
-1.8513968135
-1.6851381165
-0.0227432657
-0.0039002546
0.5540831906
-3.5447249728
-1.6136261985
-0.4798559871
-2.0327941330
-1.1611492439
2.8260028759
1.8630323008
3.7766774572
-4.0526613716
-2.3470956246
-2.3532334110
-4.5005092307
4.4074507673
-0.1245073514
-0.6376724874
-1.6187011120
-1.4307037174
-0.4597350082
0.2001171461
0.1635169848
0.9140099314
0.0500173362
-1.6912149138
-0.5404260165
0.2676278952
-0.6149064787
-1.3213269091
0.3620562522
0.4000437373
3.8182448039
-1.8391649459
-1.1884122869
0.8047855733
0.0219228770
-2.0245733019
0.7570432757
-0.3081090277
-2.2169405749
0.4237005832
-2.7743439369
-2.3758777909
1.5999757744
2.3923356523
-0.5600685650
-2.3862081579
-2.2212609799
4.6751803501
2.9152964808
-2.4442010438
2.5557033750
-3.6761250175
-4.4439826931
-2.5129245791
1.5994027320
-0.4175716151
0.3866791854
-4.1036329040
-3.7187848065
0.3411836017
0.5384651339
-2.1111245694
-1.7143714183
-0.6896445431
3.0224894253
-0.4769973673
-0.9489597724
-0.8225607866
-2.0309834958
0.6636515762
-1.1633865072
1.0384791844
-0.1674834007
-2.0154426349
1.4643264776
-1.2401825988
-1.7095000872
1.4524348294
-7.1374514326
4.7296471549
2.4766225620
-1.6254746186
0.9008660955
-0.2282209191
-5.8148947266
2.0281477685
-0.2983517540
0.4138804475
-3.4078720776
1.2268514701
-4.6368799248
-1.1104341634
-3.2411936446
-1.4084488532
0.2203862397
1.1428829731
-2.1948482335
-2.1280544220
1.5594340059
2.1342945222
-2.1272862338
0.2339114536
1.4400148519
-0.8482664434
-5.1272698522
-1.7459570575
-2.3345157671
-1.0435507487
1.0475260585
-1.4702032843
0.5816698297
1.5011506158
-0.2489290247
1.1731145100
-0.5293752737
-0.3718516481
1.1756735466
0.5380172665
0.5454668400
0.2695130337
-0.1387477193
0.2794068978
-3.9958364676
-1.5537510723
-0.2095567656
-1.4357093764
-1.0772090577
-2.3611872618
-2.9545633153
-1.9885600240
-1.4851732146
-4.2371444473
2.3393757933
4.6117678351
-1.2024631603
-0.7303851194
4.1844565206
-1.2676377792
-2.0945355800
-0.8516374816
0.3006892517
-2.1011239311
-0.2545460827
-1.9333853281
-4.1994696448
2.9210774166
-2.3967873899
0.2184782901
2.5063301860
2.3242116379
-0.5471437453
1.9566155368
-0.3857140613
-1.3194764624
-1.8881678365
-4.1071547755
1.8701099682
2.4849834917
0.7765480830
-3.6100578549
0.8883263795
-0.1675019782
0.1119579042
-1.2220635970
3.6531857110
-5.6796290575
0.1543233150
-1.1962310729
-3.0980082293
3.0405036097
-2.2779495542
-0.2959891629
1.1261396001
0.3391862438
2.9403743231
5.3612131102
-4.1281947643
-0.2423497059
-1.9139727436
-2.6589912153
-2.3467638966
-2.7286045930
-2.1625907595
-0.1312386663
1.3520259373
0.5596687824
0.2277051620
0.4679993868
1.2548751297
1.0623185090
-0.7224910679
2.3038894741
-1.3425779189
-0.6233699432
-3.2378709518
-1.4964265387
0.1506397164
-2.7139852065
-1.9922689304
-0.2997184065
-2.0719012245
-4.7278199553
-1.6793771360
-3.8265784912
-0.7664191407
2.6109293983
-5.1508240745
-0.5591340689
-0.9863661986
-2.4383477223
0.4714784394
-0.0216716987
0.9825161456
2.0438041162
3.3437579907
-1.7911003076
-0.7898067167
-2.6611863574
-2.8964260176
-2.2824681029
1.6232273291
-2.9658512292
-0.2642783690
-1.0391238963
-1.5721223875
0.4116382992
-1.0116412864
0.5977289491
2.3684562758
0.4844309883
0.5498728256
0.2766304054
1.5813214412
-4.8463069313
-1.6587904719
-1.3092340716
-3.1659106080
-2.8622528986
3.4104154223
-1.6761387196
-3.4359976402
2.6844816762
-1.3031089141
0.5994082174
-0.3055299032
-0.8259321505
-4.8372011443
4.2402968168
-2.6447681887
-0.2340098451
-2.1437316427
-0.6197743670
-2.1216414568
3.2336821946
-3.0432410133
1.0370439063
-0.1552228590
0.0177282219
-2.2185916927
-3.3976284783
1.4737412326
2.1812186137
-0.8460078805
0.0881588122
1.9348999594
1.9459956450
-3.1302445248
0.2871388402
-3.0754306891
-1.9354553073
-2.3643565431
0.4612719843
-0.2029731751
-1.3435585897
-0.0559983519
-2.2120299774
-3.2207461532
-0.2911754779
1.5647189495
-2.7427613797
2.8247998586
-3.0876764722
0.7052831828
-0.0025947313
-3.2999568618
-1.6479534939
-3.1616993908
-0.6415313333
1.6215035552
3.5354319618
0.6458888982
-2.1777565593
2.7667846674
-0.2622187832
-1.1004107753
1.3813089157
-2.5788620095
-3.9131720813
-2.1202035237
0.8482873717
-1.6701455789
-2.4826941735
1.2378326149
-0.8469888672
2.6540459775
1.6933562389
-0.2624756750
-0.5756510767
0.4047596621
-0.5930799115
-3.0294858369
-1.1379366816
-6.3944389308
-1.4422868824
-1.0591501848
0.4948088264
1.5078973795
-3.4281811512
5.5547895199
-2.4079407008
-0.6638909225
-6.0073641906
1.5078337747
-5.3412429043
0.1632095952
-0.0126034160
-3.0562827840
-4.3149675622
-3.5396055981
5.6227637595
-0.8867450169
1.0053892329
-0.6988170255
1.3070473698
-3.4072427584
-1.2189114870
-2.7407056953
-2.0540510926
-0.5419625939
0.4126639783
-0.7149848764
-2.8744578854
0.1082519706
0.2323845665
1.3898467549
-2.1428749037
1.4961349225
1.5392297686
-0.4002986996
-2.6062970640
-1.0541887648
-1.1014774688
1.3320086847
-0.4137478922
0.5964905951
-2.1722490606
0.6330457965
0.9309894906
0.7092700002
0.7894617994
-0.1053596181
-0.6630329035
-0.5759122533
1.7852971847
-3.4601501682
-4.1786947750
-3.7715372722
-0.8823516811
-4.5955218769
-2.3389315948
-1.1627137258
-0.6890357892
-6.6013269823
-0.5349575192
0.8477510345
1.7390140984
-2.9619288118
0.6711813817
2.3727437489
0.1392071677
-0.1400297402
-0.0920762118
-0.8490951309
-4.6777362748
-4.4011280726
-1.6333852500
1.5423648717
-0.8800183243
0.9893227848
-5.5973597538
-5.4992535452
-2.8339862768
-5.5687845182
-3.7229810247
1.4577166960
-2.3259143337
2.7563692195
0.9974931063
-0.4716833073
0.7224521892
-1.4191768137
0.1306515642
1.6054709409
0.0401961197
-5.2175744609
-3.8755687513
1.4707080621
0.9797737937
5.8891057710
-5.6073374022
0.5773460777
-2.5901989749
2.7641649377
3.7007161451
-0.8195197296
-1.9008436002
-1.2329917801
0.9924480520
-4.7331475629
2.1529052032
2.7419310377
0.2575086293
0.1074956813
1.1492704649
-4.5091745911
-0.7401924822
-3.9671743014
3.6592551328
-2.3803266319
3.2843648450
-2.5052950223
-2.7830629899
-1.9879630450
2.3006492441
-5.3705366638
-3.3886873530
-0.5758579658
-6.0883572722
-2.3451766494
-2.3863238254
-1.1602609929
-0.9987045924
-7.0942828187
2.4348587112
-1.8415731960
-2.8711171188
-2.3822186012
1.9737339117
-0.0624506734
-3.0842424788
1.9093794006
0.9312764417
-0.1300070114
-1.6792796427
2.0262785941
-1.9008905541
4.0515769464
-2.2337055102
-1.2537357887
0.5458846754
-3.2935981459
2.5700261086
-2.8370609218
-0.0214557475
0.2665387873
-1.1131646731
-0.2484013587
-1.7959033569
0.6885423914
-4.7143203028
-3.8126376376
3.5769545096
-5.2869353645
-1.6654090784
-2.3444536733
-3.4875362977
-0.5748549550
1.6872321601
-3.7933318413
1.4603921345
-3.0134120167
-1.9069696547
-1.1399192633
-2.9053160153
0.1702401890
0.8110284287
-0.5206484047
-5.8428677276
-3.4987372686
-2.3418103268
-1.2369067862
0.2832945839
0.9171821818
-1.8037213564
1.0333687167
-3.4039251015
1.2679584661
-2.4670281959
-0.9711979697
2.8004004962
1.4657035830
0.6028696882
-2.1228862759
-2.1777739809
1.2020889414
-3.5061857213
-1.8869245852
-0.2633140982
-1.2365694260
3.9350281319
-3.9566066797
-4.5082064840
-0.2995404272
0.8953684145
0.3336261047
1.4501215291
4.3901494868
1.1862640879
-0.9241551779
1.8797760326
-1.5389971012
0.2053070068
-0.4742658174
-0.2661311131
2.1994860932
-0.0293732878
-5.1827460001
3.5358447337
3.6026816684
-0.2847440580
-2.2318250146
1.9088057738
-2.5259274293
1.8997656593
2.6465944792
-0.4301185693
-4.8685869836
-0.9502965126
2.0470675980
-1.6297289595
1.4002115413
-1.7145718012
-3.2157983713
-1.0935255940
-1.3966761013
0.6980032017
3.4941081736
0.2616864042
4.6047157856
4.5943967021
-0.3518523230
-3.6715198193
0.0433213759
-4.8443367197
-5.4769341130
-6.9002203490
1.0508564989
1.4476543056
-6.2269621138
-1.8764858253
-5.0140125088
1.9875616871
-3.2683073676
-6.2969753244
-1.6955745287
-0.2751273317
1.8819122080
0.9609899734
1.9268039658
-1.4385128876
1.1934799013
-2.5204868508
-1.2991165547
-1.9661966703
-0.1674399894
-2.4324936521
0.6100868401
-1.8567608661
0.0613942434
3.2690923769
0.3010078916
2.4841464760
1.5820729140
3.1240151739
-5.7591669577
1.5240170014
-0.8410668988
-1.1232657729
-0.2171137814
4.3917979103
-5.3490440691
3.2443083338
-1.7744235619
-0.0321182117
-2.3122701927
-2.4052045738
-2.1609073204
-3.1898171309
3.6004670752
-5.6070449224
1.8728378112
-0.5495171945
2.2530625176
2.6769344514
0.5498145517
1.5492051129
-1.6072449571
-5.7421995493
-3.2326812234
-4.1649443290
-2.9146904284
-2.6603157989
-2.8356157457
0.1555489223
1.3118288693
-1.0977852323
-1.8986264197
-1.1974895936
-3.3706872144
-1.4232368293
-1.0891380810
-1.1094287642
-2.0631804069
-2.0917523229
5.2934498215
3.2968698535
-1.0430241075
-4.3912191823
0.6843890881
-0.4985168682
2.5187224681
1.5451735857
1.1610693262
-1.5052123310
0.5121674068
-0.9271815677
-3.8680525213
3.7618095145
-0.4165149120
3.2743210234
1.9651196348
-2.0867272159
-4.3981080157
-4.9827600367
-1.6151233687
4.9549165390
-1.2886418396
2.9015094009
-2.1885426680
-2.0302759413
-4.1704760101
0.2671353301
2.8835979607
-0.8923805881
-1.8313614192
0.3834094782
-5.7339265031
0.4100735097
-3.7713476453
-1.7325330549
-0.7578388148
-0.7678599075
-0.5138299893
0.6821246666
1.7199254763
-2.4051746020
2.1856854619
-2.5652671434
-3.0432688201
1.5450167073
-3.5164831045
-2.7787083836
-2.8966599676
-4.4683116222
5.0491169605
-1.0918134406
2.0033326505
-1.2427634246
1.7913132585
-0.8166921145
-0.2251216400
0.2560630606
-4.1564411215
-4.0998359185
0.6534225438
1.5730646065
6.3454802023
3.7114072604
3.7526727679
-0.8634903029
-1.1599738000
-1.0526013236
-3.9654833307
-2.6427637476
-3.8530456374
0.2819541879
0.8903971761
-1.4295962077
-4.0725653664
0.7216270681
0.0168348996
-2.1122589390
-0.5929982612
-2.8946752028
-1.7240614897
-0.0414956870
1.5860340265
0.2419392318
1.2987297192
-2.1465184300
-2.6371198461
5.5543749592
-3.6363648380
1.8684832186
0.9025361931
-3.4234455925
-0.9676477121
0.2842434460
-0.2800550606
-2.4815717186
-1.2123149990
-0.0038990058
4.7075705407
1.2960127687
-1.7001301396
-3.0012164586
-2.4123798615
-1.2966839320
-2.0365180225
0.1885126561
1.3143632915
-0.8551169191
0.1873225493
-0.2377507810
-0.1205745669
-2.2036154904
-0.9618035589
2.2875515438
-0.3204120575
-3.7162046708
0.4797850012
0.1002537033
-1.5242549334
0.3559370428
0.8754076371
2.2257145792
-1.2753703622
-0.5103399881
-2.1898302796
0.2054474713
-3.4775908268
3.7379045149
-2.1010795361
1.3026346199
-1.7231070921
-3.1094167660
-1.1227406277
-2.4795799104
-2.6441713967
-3.3611505630
-2.8274554161
-1.8354551436
-4.1570723193
2.1951380891
2.1874630588
0.0596109754
2.0248485567
4.3143658558
-0.9513408653
-0.3956392102
1.3921462893
0.1657589900
3.5025755315
-5.9810735886
-4.1316253505
-0.6567866315
-0.6084065626
-5.7503524434
-1.8960220371
-0.1385492035
-0.3774103579
0.3064759365
-0.4710282371
-0.2686539808
-0.7613273755
-0.6958211063
0.8271573352
0.0669194706
-0.8795405471
0.5207041727
0.3541648507
0.4096532918
-0.3437254049
-0.2161846839
-0.0196609054
0.6268321909
0.2109513990
0.1019283522
-0.5920696539
-0.3635548487
0.1347255267
-0.1490739519
-0.4500390624
-0.6033700952
0.4536331479
-0.8544659605
0.0447072623
-0.4394655436
0.0768018371
-1.0620363885
-0.7077256335
0.2631568128
-0.1627470437
1.5746941274
0.8788415085
0.3016039122
0.0218744019
0.7547174229
-0.0508040582
0.1145388379
0.7067721548
0.8323537243
4.9334492041
-0.3982433166
0.3633502105
-0.5927358734
0.2847579957
0.6799310821
-0.7598257414
-0.8724408974
-0.9058177428
0.0837438041
0.3726531500
-0.4006752788
-0.8363193962
1.1830761310
0.4144875332
0.8906300668
-0.8884171489
-0.9906030661
-0.6911979930
-0.7151418236
-0.4226159983
-0.6488182171
0.4919947417
-0.2425116609
0.3748355816
-0.8857593311
0.2014247351
0.3874007857
-0.9343042423
-0.9643408257
-0.3803248136
1.4119198352
-0.3579219785
0.2366635043
0.7796993796
-1.4386166422
-0.9347871933
-4.5957587702
1.6232031782
-0.8049039276
-1.6753801440
1.4050013608
0.3676709676
5.8001346256
-0.9609074420
-1.6331564997
5.1347970616
-7.7162428634
-5.6573725968
-4.2687168714
-5.5284903668
-1.4331441115
-1.2003171736
4.0069868164
-0.1512758959
-2.6563843442
-0.8996104383
-1.3784931143
-0.9246546952
-1.4633004012
-1.1875068181
1.5617464370
-3.2399917134
-0.4334523955
-2.3686706494
2.0929543136
-0.9025112841
-2.1173012155
-1.7997115706
-3.0704001085
-4.6972782676
0.7437942988
-2.1361083269
2.9522788071
-1.8460747139
-1.7365119572
1.1937625095
-1.6512024198
-1.9236219439
-0.0838602935
-1.4522298916
-0.7419239734
-3.4101238002
7.1724931055
2.4990247787
-2.5838684704
4.8883277526
3.2262947384
3.7962611711
-2.3493526784
-2.4718372048
1.1815153904
2.4807983721
-0.3159249345
3.2924203087
-8.7567046261
2.7093211976
0.8875213031
-0.6634799363
-1.4412537981
-3.3279587370
-1.3232911949
-5.6823944402
1.6403270764
-0.2665936991
0.8694500315
0.3736320309
-1.5073332189
0.9461357585
-2.1271609517
0.8406211963
0.4589065281
-3.5420245053
-3.1159774390
3.3939383172
1.7060855058
1.6839131660
1.4666203178
-0.3831217331
-2.4189246894
-3.5569805817
-2.4297098627
1.2836328376
0.8344923969
-0.9950748067
2.3274258343
-3.9798094630
-3.5011377581
-3.0196183257
-0.6348871861
-2.7871178767
-0.5495267294
-0.3943126847
2.2270328588
-2.5227255611
2.1099819730
2.7468154432
2.3200876033
0.8531361773
1.1217415719
-2.2641406735
-0.9248894121
0.8299677896
1.0211347985
-2.0845427209
-4.0838031583
2.1991655058
-5.4566416923
3.5588619414
-3.3269597976
-2.4308983875
-4.3880193284
1.3408605240
0.7835429479
1.7640721962
-0.5072287574
1.9676722947
1.5396890061
-0.6835188086
0.1891092875
-1.0241926883
-0.4745330084
-1.9189467669
0.8776193730
-5.0365837776
-3.2538396933
-2.4064883778
2.5076499784
-3.8819931108
-3.7759107732
2.0485277495
-3.5277193372
2.9319103946
-0.8929641703
-4.5880105703
-0.9203800346
3.5854830431
3.1226292306
3.2938240685
-0.4126101772
-3.8116236540
-2.2350936247
-2.6767486051
2.2795011531
-5.0566750805
3.2459794574
-4.1937967503
-1.1664812242
4.0842092338
-3.7463131067
2.2214793138
-0.5146393613
-0.2589155880
-1.7319292337
0.4915627271
-2.2232868406
-1.5295315152
-1.9237534273
1.2958058099
-0.4618702778
-4.0159241904
-1.7164589147
0.9009051346
0.8727679855
-0.6290534147
-0.6615329521
0.5321242420
-1.3656152701
0.1653587542
-3.8039646593
-5.4331167176
-0.5214865621
-1.4591883249
-0.6594696319
-0.6412790866
-2.1305700594
-0.0511274715
-0.6866829121
0.2494203734
-2.2894113007
0.6788474107
0.4312319462
-1.0677292781
-1.3208278044
-0.8710957504
-1.5808347360
1.0120860549
1.2802661625
-1.3060871913
-2.6988689403
-0.6685543984
1.7593075557
0.4612513036
-2.2823170112
-3.2234981884
-0.8819134078
0.5553867250
-0.5236762825
-0.5333072714
-1.9692947625
-6.2519641247
-4.3319917222
6.1299708385
-1.5198744926
-4.4134522663
0.4240168142
-3.9176748874
1.0608697040
1.2814306635
-2.5381739605
0.1263999945
-0.0278537072
-0.9012869219
0.6376943325
-1.9954842372
2.8827576826
-1.1113308516
0.0427790500
-2.5435036050
-0.0505119517
-1.9165454446
-3.6516353789
-3.6167600734
-2.5466158771
-1.4126813345
-0.8100206147
-1.7508012760
-3.0356910349
-1.3772390936
1.4390225755
-0.0029609795
0.4565658138
0.5257908599
1.4411431542
-3.4604024741
-3.3866695388
2.2218135704
1.5083264911
3.3750130383
2.4065327298
-1.4252254881
-3.7665371348
2.8481780653
-3.5552559163
1.0204803330
-2.1350723711
2.3658035685
-2.5117592351
3.8327666567
-2.5958845070
-4.0176495990
-2.1160051123
3.9966143311
-0.1521403320
1.4265425255
0.1899241331
0.2958694876
0.1216908346
0.4294415639
1.3856206099
-0.2559418027
-0.1405095055
1.2956409041
0.7823852116
2.2016099212
-4.1616461309
-2.4786111538
-1.7946937460
3.6440560043
0.8194111277
-4.3749376530
2.7359038251
-4.5223446401
3.6315661343
0.1271175927
-4.0929890559
-0.6958232311
-6.4123690937
-2.3852054629
-4.6799695376
-2.5944025744
-3.2710027503
-0.2572984319
-2.4275172310
1.8296205378
1.8555676082
3.0118870609
-1.0435994012
3.2353306282
2.8670371239
-2.3259298554
-0.2945477585
-1.6008845348
-3.4146685276
-2.0052004721
-4.6643103774
-5.0866787113
0.3608037264
-1.6442673596
1.7506883175
-2.7794777487
-2.0243889267
-2.7645542109
0.6802794328
0.7224303017
-4.3024083994
-0.1623016406
-1.4409214277
-3.5875279541
-5.6622743536
0.0854969784
-2.5873976127
1.9341561475
2.1196201329
-0.1212166596
0.3661432472
3.0875608243
-1.4260704357
-0.0736443350
-0.8297272805
2.2726632873
-1.4202987232
1.1510369265
-2.3715864042
-3.9206745098
2.5216696784
-2.2549491521
-0.9965806449
4.3844817376
-1.7905986043
3.6066990397
-0.2130407458
-2.6976551221
1.3315932144
2.4595363434
-2.2253126792
-2.1552883885
1.0203762065
-1.9316594869
-1.3154396656
1.5787995885
1.7255963579
0.5263920925
2.6440709145
-1.0246474719
3.9817506843
-1.6888848995
-3.5233768716
0.9931946801
-1.8939320581
-1.5332759943
-4.3726665984
-2.1456712342
-1.7213243760
-4.0778092532
-7.1730803874
1.0087516614
-2.3949748368
-4.0845824357
-3.4663048360
0.2215636214
0.6549438261
2.5302246010
0.1189037515
2.1752826139
-3.1715231276
-0.5781227167
-1.5906830450
-2.5202527846
0.8298089972
0.3238075293
-2.5149917856
-0.1421617467
-1.2941896933
0.0210311438
1.0023763030
-0.1221688255
-1.4798339326
2.5221005977
-3.7006865028
-2.9666662083
0.3726201721
0.3021653427
2.9214320850
-0.1765370929
-2.3222016606
2.6329676345
-0.5274509079
1.9470034541
4.0670924003
-2.0567461883
0.5137422942
-3.9269396851
-1.3175423576
1.6772090079
0.2358794145
-4.2282526202
-3.7621954797
-5.5440650116
5.0241665994
-1.0080853287
-0.2648377890
-6.4511358510
-3.9532125128
-2.4751637589
-7.1689534758
-3.4338479280
-2.4159700071
2.9893472285
-3.4889966107
1.9032186673
0.9436742974
3.0854298201
-0.1030597249
-7.4893487993
-3.4707742789
-0.2113809048
-3.1135515303
1.4799992243
-3.8095144323
-1.4975792084
-5.0124628387
-0.1864957184
-3.0657663962
0.0490517506
-1.4424452232
1.2191311731
0.9565161748
0.6061116872
-0.4564282547
0.7874974018
2.5384623044
-2.7327186306
-4.4073695270
0.3812333980
-0.4317108005
-0.5651798527
-1.0314446140
2.4834982573
2.0110397515
3.2635615908
0.2821101073
-5.7242676240
4.6726335355
-3.5297254594
-4.0011564087
-0.5066474008
-3.9423066569
-0.1270947733
3.4919460059
1.6222256922
-0.1480217496
1.8389764769
4.9267969173
-1.5782892609
-0.1886931385
3.5480916529
-1.1243276052
0.7584821430
-1.7078266405
-1.8546974562
0.7785745296
0.8436710591
-2.3546002925
-2.6692214277
-0.7849130234
-3.2766846267
-1.8960532226
-1.6964460867
0.2100902876
0.2709134285
-0.1217280829
-0.1491535484
-2.7970763233
-1.5725427837
0.0581189444
2.0058848593
-4.0404170037
0.1590782836
-0.9547956485
0.2792171900
-1.2234076379
1.4554121181
0.2868290509
-0.3808632492
-2.1820382108
-0.0269218280
-1.0077718324
-1.7833621784
-4.1649574126
1.0267229806
-5.7848524281
0.7903987406
1.2153375716
-0.9771577080
0.3279135653
1.6811519054
-1.4144233994
4.0685239463
-2.0010925442
-4.5966090651
-0.7153150175
0.5535833303
-0.6736173160
1.3520429673
-4.8665367838
-1.6612646838
-4.0484479664
-0.1107835130
-1.9018765213
0.1407771688
-0.2921783238
-0.5823314501
-3.3948521078
4.7705374644
-4.2337039534
-3.5212240199
0.0168255998
0.7004747066
-2.4356547134
-2.2151780530
-0.6985676492
-2.0445084961
0.3423068301
-5.2769083892
0.4732532979
-0.2582202979
2.0775500378
-1.8932124799
0.2186524902
0.0156539547
-2.0262949636
-0.7753225402
-1.7893141670
-0.6857943439
-5.3044895499
0.0655654314
-0.5945431967
-6.1822646578
2.2397506804
2.9507798062
-2.4058543266
1.3617016610
-7.3142092726
-4.3575732579
-2.9918850774
-1.4637620282
-1.5513861672
-2.1031689906
-2.4075826463
2.7605171802
-3.4688258992
-1.9357449184
1.6207929773
0.0903832537
-4.1881872140
-1.6260061863
0.4995225371
1.1344416422
0.8245889965
-2.4172145486
1.1553541662
0.4087389496
0.5703088674
-2.5971940253
-2.8693925012
-0.2460418907
-2.0431452673
1.7052240632
-0.9699939121
-1.9347839001
-4.1998087430
-3.4446335030
1.5373044902
-1.7637454267
1.5938272420
-3.4510525019
-2.2666867447
-2.3594118931
3.0019236649
-3.5859927903
-1.1012480350
1.7841427613
-3.6969997567
-3.0023806672
-0.5868934554
0.6091610376
-0.0187458944
0.5790831706
-3.8462282477
0.1105322273
0.6166367430
3.0915584401
-4.7339047613
-2.9499863350
-5.0008481821
-2.5761587508
-0.9213116047
0.9329203176
-2.3310837392
-2.1977216737
-2.8866804438
0.8993089922
-2.3764624263
4.4375298660
0.3154014850
-0.6878931026
1.8951033584
-5.1402959312
2.9653189234
2.4180077728
0.2055336119
1.3954715547
0.3689670986
-0.1401148761
-0.0541288990
2.5842885973
-1.0321804575
0.4095921451
-0.5930905547
-2.3823775062
-3.0365348712
0.4974360928
3.5990018636
-2.0756763647
1.8028866102
-0.8031458007
-1.3529380628
-1.7254623796
-2.0711956041
-1.4781421927
-0.7703852683
-4.5214494785
-0.2191861222
-5.2985619304
0.6935550838
-2.7999324015
-0.7612719212
3.8635104200
4.5455746599
-5.3697986770
-0.2854983835
-2.9844641537
-3.5393430180
-3.0609989203
0.7161297448
-4.1269714833
-0.5628747636
-0.7721733136
1.4223974019
1.4650245661
-2.9977744082
-5.1893746066
-2.1864499763
0.0531641116
1.1406276962
2.2114863546
-2.3763967943
0.2943775546
-5.6382479138
2.6328035636
2.7953321233
0.0436382021
-3.3173414633
1.5911653922
0.5766965283
-1.9872358641
-6.7207402500
-0.8980968966
4.6143762975
1.2822515119
1.5502441943
2.5210097356
-5.5312478685
0.2712064678
-2.1520754656
2.2048002980
-1.0818626366
2.5368036984
-2.0672065522
-2.9627903200
4.1725274826
-1.8847731321
-3.3310585258
2.9647073094
0.6831161553
-1.3501071367
-3.0018092151
-2.2201730483
-2.5468851406
-3.1146030848
-0.3705983248
3.7445509016
-0.6611086478
-4.3345939984
-2.6367170156
2.5918333395
1.9463037923
-0.5733707037
-3.8201364267
-3.5227704724
0.0726021875
-3.0667651852
0.8705823009
3.2531091275
-0.5778403236
-2.6689751859
-0.8029976893
-4.8809868000
-2.7738683117
-4.4420393927
5.8738960996
-2.6524460849
-1.3861979667
-1.5455342498
0.3151337639
3.9023096831
-1.6273156493
-0.0457832331
-1.8049800495
-1.4144071405
0.3772077533
-2.5540164973
3.4333490449
2.8245069591
2.7239481850
1.0502200693
1.0943415637
-1.9550450735
-1.0759987422
-3.0264114066
-0.8814888205
2.7072462842
1.8037703245
-1.0668784527
-0.8113375229
-1.2607149249
0.1186073237
-0.0074045055
-2.5914995559
0.4062728706
1.3376927224
1.9014258048
-0.8557529299
-2.6235047623
-6.0729324963
-1.4460730576
-2.9497714355
0.9479152085
-4.0068625957
-2.6996135388
0.6920707077
2.8851615507
-0.9039909389
-0.3090913330
-1.2522003383
7.5479379132
-4.3318936645
-5.2718977488
-2.7228718146
-0.5911542946
-0.4432522316
-1.4719188883
-1.8523369509
-3.2319981566
-3.1217314331
-1.2013846680
0.0603998009
-2.9749264929
5.1901947480
-4.7784877003
-0.2274850375
0.0811121269
3.7661784358
-2.8302739111
-0.2003892954
-0.6294743867
3.7759348414
-3.1403163898
0.2290488448
-6.9036327678
2.1789204838
-1.0405178823
-5.5346828838
1.5522857917
2.3008077547
0.1852699310
1.2058833746
-4.8730182638
5.2010129349
-2.4896061639
-1.5620715175
-3.6612985908
0.9761997773
-2.2733771313
0.6175077977
-0.9835295714
1.7536352514
-1.2053376258
-4.1081028922
2.9411338641
2.6513285689
-2.0589148782
-1.4829368328
-3.8423905434
-2.8849096766
-4.6097525913
-3.2276100184
-1.5410970608
-0.0379825982
-3.6768177579
1.3860314084
-0.2713325473
-0.8836112638
-1.7524390421
-0.0991148377
0.4247806606
-4.4654247044
-4.2576318471
3.2659449045
-0.7921056515
4.8859272903
-2.0431333904
-2.5662366716
-3.2301021943
-0.4613172172
-0.6873002110
1.9070515298
-4.1232814509
3.5749165517
-2.2041333524
-0.4106576517
-1.8548333968
-2.1221049370
-3.5642884343
0.1783932385
2.8578023061
-2.1872408047
-2.3790334851
-2.0877116531
-0.4716213288
-1.8439073900
5.1218456939
2.0383562069
-1.3136082035
-3.7587379165
1.2898454277
1.5459869946
2.8516579738
4.2019459837
0.2059912610
2.0336447101
-4.5537577919
-2.9544855023
-1.9552642675
1.3865456909
-1.0153827113
-2.8284270830
-1.3635237692
1.1186926123
-3.7519785432
-1.2942385486
-5.1975899890
3.2600732790
2.6822041413
-1.2461553298
-0.7290975928
-3.7281971433
0.9962059112
-3.9579859791
0.6448351255
-0.8774297192
-4.7759694119
-0.3923787084
-1.4615430607
-4.4716325380
1.6202563767
0.3127149325
-1.8881385637
-2.3044235143
-3.9725072837
-1.7298839455
2.9366516156
-1.5430461695
-0.4663664092
-0.4680305101
-4.4016829774
1.3378187667
-2.8309075642
3.8735308425
-1.7392440007
-0.8404898335
-6.4475336827
1.7499573431
-0.4741203344
3.1041444897
2.6818753970
-2.5467111649
2.6876255214
-1.6617767162
2.9789593704
-6.8957885456
-1.0082393723
-1.8876108567
-0.2058588679
2.2402342195
-2.5871131589
-2.4481882008
-1.0777915202
1.5026472957
0.1261575046
0.8696284973
3.4471108246
-0.0952348498
1.4182132138
0.8462552990
-7.2803897398
1.3285136314
-0.4371371794
-0.7204233482
-3.2996727918
-1.4993818048
-0.3259754639
0.4611246893
-1.5488384112
0.1892903611
-0.8852452549
1.0938473201
1.3428261072
0.1425619527
-0.8197133872
0.6482083236
-10.5178879790
3.6840447113
-1.1331370281
-1.1372043772
1.1216184718
1.7280204579
3.5028524760
1.5148460095
-7.2652131625
6.5380742110
1.4977424886
1.7430501596
-7.6132305842
1.4566965059
3.2538789193
4.6718310918
0.6910413341
1.0329812240
-0.3657547097
-1.7523244977
0.2705879464
-3.2594373862
-4.0970284892
0.2663337729
-3.8647645704
-0.6795454839
-5.3450864722
-3.6532557280
-1.8678023035
-0.1737709051
-1.5546285220
-2.9593866537
-2.4603031803
0.9846795283
0.0329422405
-2.1381592762
0.0841191927
1.2180246722
-2.4295779632
-1.8118320182
-4.5720478351
-4.3893537174
4.5998795702
-2.7730287276
-0.7623796232
-1.2140920829
2.1156866084
6.4603856490
1.7882498847
-0.5375742346
0.5967595906
2.3531854943
0.7771075267
1.9255951323
-0.7380047128
-2.7184475399
-2.5441904793
0.1081616371
-7.0809347345
-4.2756357352
1.5740966168
-7.0557607886
-1.1180712344
1.6188473296
1.9944613708
-1.7743974910
2.4359296538
0.7634710398
-0.8148058656
1.3707227114
1.1567694369
0.9573278944
-0.7472632365
-0.5432175483
-2.6679303586
-3.1939137300
-4.4387633855
-1.4538369151
-0.8113702641
0.8092251019
-4.9841837991
-1.7727764496
3.2749546980
-0.0241196510
-1.2974758101
-2.4818500812
-5.2120556897
0.6544446578
1.6881788016
4.7727409431
5.5645448939
-5.1016389680
3.6420758656
-2.2044508472
2.5323352606
1.6090807809
-4.3249786533
6.3113821267
-3.6260327655
-1.8330609195
-2.7179842143
-0.9806644742
-2.5320884737
-4.4584972347
0.6596743007
1.4970017415
-2.2049046838
2.7010640156
-2.2771871356
-2.0313499318
-3.3410452850
-0.7421803127
-3.8756842079
-5.3582633717
-1.3845259895
-2.4516648843
0.0358182389
-3.5620037489
0.4168387975
-0.4083877829
1.1193231786
-3.9271647394
-2.2845813619
-3.7579688771
-5.2326581982
-4.1599948105
1.1811997001
1.1077956540
-4.1186255844
5.3230354516
-0.4804374352
-1.4602448928
1.8351705302
-0.0357950852
3.5264984641
-0.1967487862
2.5600751625
-2.9254324066
2.8070873428
4.2355017107
-3.8458302042
1.5142697755
0.0228077060
-0.0878342190
-1.4064857524
-3.0564746733
3.2650900176
1.6693615291
-0.3765684089
-0.3602556585
-1.0575292433
-2.6366421564
2.5353701132
-0.4105122236
3.1500623794
-3.7901348179
-5.6874184844
1.8119923186
-1.4914527114
3.6874360684
0.8856713940
0.2818662538
0.1354863958
-1.8421990570
0.2233023009
1.6461378475
-1.5965309928
1.3509175827
-5.1874005091
4.8732043256
-1.2009464772
0.8824244925
-0.2787165903
1.8674135012
-0.6238572327
-2.9386452926
-2.7900328919
1.1643537534
-3.3708203227
-2.8471171412
-2.0491821907
-1.8798195535
-3.0790632160
-0.7218184354
1.3330229695
-1.2786566101
-1.5639872619
3.1680384005
3.4756020062
-6.0900429614
-1.0254731748
-1.3548100653
-0.0617130555
-2.8664627636
0.5827188262
0.5382057621
-0.0184978895
-3.9818562694
0.2125500214
1.0852843008
1.5991266590
1.8278766483
-3.1478876580
1.5387179506
-3.6285385631
3.1232041380
-2.7360157729
-1.1935587783
-1.6048020399
3.7270327327
0.1594269228
2.8268928772
1.6104188214
0.6131495670
-5.3552130741
-3.1524225785
2.1798253102
4.0346708645
-6.0748097468
0.6621398009
-1.4312077578
-0.1248283581
-3.0541034593
-2.3524633902
-1.6483535779
0.3077191107
0.8074551210
0.7824250612
-0.5794474165
-1.5186592860
1.3470040382
-0.2257942413
-4.2232581395
0.0965708362
-0.3986054151
-0.8401756869
0.9251033588
-0.1624674891
-0.2091042800
-0.5570644312
0.5962967130
0.9001093081
-0.1472557136
-0.9414792487
0.7170120766
0.8785927031
0.7350510940
-0.6163904534
0.7888801758
-0.1152016474
-0.0693575243
0.0076273146
-0.6388870828
-0.3484352162
-0.2020272741
0.3442756796
0.2016643808
0.1246086990
0.8349895091
-0.6718968914
-0.5091463249
-0.8946406189
-0.8717601119
-0.1865208585
0.8673238068
0.4002703633
0.9352555126
0.5524613626
-0.5542059010
-1.0159414457
-0.5966091258
0.7454184704
-0.0525911717
0.5086643138
-0.9573688987
0.4086924056
0.6695272554
-1.0540785198
0.4499293195
-0.0110577962
0.7742350796
0.8752144152
-0.8182432754
0.3106508228
-0.0767950294
-0.2659070988
0.3864852538
0.3701272234
0.2423532289
0.0217783233
0.1467708158
0.7516968046
-0.1421406396
0.8042961520
0.8933925720
-0.5695355912
0.5714123008
0.8850816000
-0.8491389775
-0.5632547160
-0.2158755938
-0.7842253052
-0.2740902493
-0.6369705325
0.2403029524
0.4904547419
0.6679089341
0.9284977770
-0.3474223366
-0.5362618468
0.2432550003
-0.1807423012
0.4453900387
-5.4188648897
2.2886994924
-4.2759118604
-0.7357710691
-2.4674855333
-0.0459588665
-2.9501489418
3.6156440500
-1.5688220701
-0.0312855321
4.4775125192
-1.6262690061
-7.0946213750
-0.6450765346
2.2793167537
-4.5774469117
-3.2213327218
0.5491366365
-1.5800128599
0.7243634008
-0.0737912199
-1.3979156408
-1.7026658636
-2.5458568895
-1.4465393447
0.7739803611
-1.1784698778
0.8209209272
-0.9315460602
2.3847148811
2.1522346566
-2.4579295038
1.4336900846
-0.8878962885
-1.4932155732
-1.5364140804
-2.5204839889
-0.2641755617
-1.0420185576
1.6328158863
0.9252276559
-0.3940118896
-2.4366575739
0.7334236852
0.5933954652
-2.8728469450
5.9525437882
2.1174870783
3.8693100296
3.4640765944
0.8667923343
-2.8579409786
-3.7415204396
0.3891661520
-4.6438986913
2.0887787001
2.9954873211
-6.2743497131
-1.8009192520
-2.7026232930
-0.4404310115
-1.7496786226
0.6923038001
-1.3470611687
-1.7630073585
-2.7103053297
-5.4735047569
-3.5667789573
1.3295122261
1.2575529137
2.0821645734
1.6706881477
1.1429537862
-1.5450081961
-2.4322143982
0.5136322676
-2.7623744423
-1.4532721934
-3.7241555697
-3.1801813270
5.9283767976
0.3149167755
-2.4398973324
-2.1584252068
-3.5436432372
3.2873805391
-0.3675891365
0.9420686538
-1.1512093445
-3.7973358421
-1.9572874201
-0.1034905041
1.0435944295
3.3864970373
-0.5584916732
-4.1648812460
6.0138937967
-1.7633750479
3.0999887927
0.2300301573
2.4217970792
1.0490200812
0.8900093401
3.6053451853
3.2007161756
3.2400536659
1.0938804911
-2.5485337232
1.8143724986
1.8418288220
-3.3695488313
-0.1493497604
-4.3001045395
-2.2132207103
-0.5202099583
-0.6912036208
2.1004344247
-3.7059291873
1.0934011451
0.2483445094
-2.9852556725
-2.6594551702
2.3533362296
1.2381725025
-4.1197764539
-2.5096703691
0.0425190649
6.0306202930
-2.6426043763
4.6871460059
-0.0163546321
1.5862128908
-0.9644046588
-4.8587387593
2.3265104761
-4.5612935087
-4.9738839223
4.5929822888
2.3079792628
2.4374779221
-2.2621015195
-2.0966934659
2.3282983137
-2.6978633853
-1.8380471689
-2.2121295893
0.3367855226
-1.7968370038
0.9603951717
-2.7839288104
0.3947159231
-1.4374248101
-3.2415707779
-0.0236341471
-1.1937983808
-1.8618995789
-0.4270288940
-0.2894976516
-0.2886317583
-1.5365045547
-0.3573454099
-0.7901980353
-1.6090580943
-1.1312808965
-3.0894571617
-1.2965327638
-1.1894322821
-3.0578683029
-0.9650122274
-1.2353973273
-2.0913523723
-0.2555893405
-1.2676958711
-5.9742494298
-5.2308241189
-0.5842698203
-1.7365043735
-0.4816445565
-0.8298359710
-0.6098938994
-0.4841109574
-0.6994963480
-2.3899458171
-1.3006756670
-2.0790339957
-0.4519823354
-1.8149081233
-2.2000652974
-1.0421297626
-2.2725220994
-0.9709086493
-1.0285721921
-0.8580400058
-0.6510251523
-0.9133147574
-1.6116082932
-2.7158894017
-1.3373062986
-3.2165464434
-1.8132309831
-2.8709869003
-1.1761165288
-3.4306900867
-2.4348906358
2.3817485677
-3.2653462459
-3.2893932662
-1.2407244960
-1.2959171662
-2.5391973506
-0.9258833489
-2.3605670305
-2.9193541340
-1.3626103592
-0.6503466614
-1.7982487213
-1.4112486167
-3.0525130409
-3.2876465409
-0.8289034589
-0.8295337785
-1.4958749299
-1.3902889450
-0.8129199004
1.2408830356
-0.7142805609
0.1045204508
-1.5341839331
-5.0735620914
-2.8287730643
-5.9963638397
-0.1333650028
-2.6401273935
-4.0850520362
1.8914350478
4.5543237036
-5.0100393824
0.2377051837
0.0523678440
-2.5727809921
-1.9504627088
-5.2595114922
0.5223380464
-1.6455983046
2.1124029277
-2.4819506465
-3.4685183800
-2.5799210296
-1.8409561937
-2.4286435420
-0.2772759775
0.0307381843
-3.1072401591
-0.4248376940
-1.2541726466
-2.3102604326
-2.1678606208
-1.6374310212
1.0069997243
1.2456159193
-1.5814753943
-0.6610733967
1.2154973158
-1.0026518478
-1.3433028659
0.9018795255
1.1876122457
2.3010497831
-2.2798658741
-1.3545986168
-2.0515174664
1.3732511864
0.9288545804
-3.7502975451
-1.3749890938
3.3714298935
-0.1186428611
-1.4191205919
-1.5909125333
5.1098332718
-2.5657282036
-0.3763088410
-7.2433960636
-3.7223171434
0.0461658026
-2.8619600959
-5.4318278806
0.0296708977
-3.3930648096
-0.5173665302
-1.8393955241
-1.2750122906
-0.9439022811
-3.7324566061
-1.3464325016
-3.2486721228
4.7401542871
-0.2092975749
5.8440122245
-6.6529333841
5.1441995120
4.1631072747
0.8424010124
-2.5551438990
1.2948786524
6.3617039865
-1.0715378743
4.5919698664
6.8554916281
2.9134366721
-4.6724489206
1.2006294980
-0.3058663800
-5.1750686968
-2.4163405753
0.2112644737
-1.8074725318
2.4185797902
-0.7202288196
3.0371718560
-0.7164975284
-3.9333160300
-2.8210299774
2.7712450083
-3.2754883153
1.9102813596
3.3878636572
1.4582981503
2.0479260848
-4.2598504443
-3.7862388587
-2.3938124108
-4.3242666356
-0.7159395859
-0.9681342493
-1.2020251598
1.8165051276
-0.1613607874
-2.3994819459
-5.7938015853
-1.6640712718
-2.4118813864
-1.1921111616
-0.0622230854
-1.7378669998
0.9835959286
-2.5598060121
3.0810243066
0.1847840864
1.0418957302
0.5312441772
-3.3934742601
-1.2965039871
-2.3586278212
1.1697291220
-1.7876098107
-1.8176408182
3.5039175642
-0.7723635684
-3.4676156962
1.8182457762
-2.5080230417
-3.4881395106
6.0010797886
0.1682053029
1.1352764351
0.7831515210
1.9436730344
-7.0772619870
-3.7271150599
-0.2135088814
-1.6737121750
-3.7666965331
-3.7300045005
-5.2307913332
-0.5853287849
-2.8581124421
-3.0243192741
2.2131035012
4.3890064974
-0.4011086738
-1.9003080614
2.6080658435
1.0217088415
0.0727716879
-1.0743842353
1.2134127245
0.7040466652
1.0547670919
1.8504050237
0.7315698907
1.0492508287
0.6353147668
0.8659333951
0.4448032339
1.1069776027
0.3735778460
1.5846805460
2.3572403517
0.9754871372
0.4901191543
1.2660130175
0.6346962305
1.9428180054
0.2182942462
1.1809956642
1.5992804902
0.8805221929
0.6256455558
1.7436189722
1.6226446163
0.4251695705
1.0830366115
1.6741512868
1.2939436547
1.0929236524
0.2227639627
0.9807772932
1.6083345511
1.1340729927
0.1740527750
1.2022576299
1.5252177202
1.2188901145
0.0239985396
1.7001577283
0.0333542569
0.2737803289
1.1456524220
0.7745377101
1.2142073591
1.2603477795
0.1465135741
-0.0619474226
0.6981452245
1.4168693790
2.2351439197
0.4978808990
0.7860461966
2.0787398455
2.3696227506
2.0504719247
1.4545770783
0.6224678575
1.0341254201
0.5513651650
1.2889552765
1.1671190845
0.2204975903
1.1633146194
0.2654375575
0.5612574227
2.3069250107
0.9660930549
0.6555895598
1.6622970203
1.2279378664
1.7389366293
0.8233594918
0.8494769117
1.1248790584
1.9544712801
0.1821953987
1.7518309373
1.5418973178
1.0473713994
