-1.3472804773
0.6687105117
1.5693747163
3.1023569630
-0.1476234742
-1.4230366632
-1.7760941922
2.7442531844
-0.2442248103
-1.3283972876
-0.8101667565
-0.8118189126
0.5895393543
2.0359325346
0.8236961277
-2.7571085733
0.3795301493
-0.7259331296
1.4145193037
0.7833969910
0.1064044773
0.4291317563
1.4923581533
1.8043585959
-2.3845863649
-2.3654551773
1.0272404813
-0.4626860960
-1.4866579800
-1.6742790014
0.0878883894
1.3739911458
0.5356878534
-5.9513536633
0.4009193241
0.4797940144
0.5017799046
0.8730322430
1.7043306955
1.8822848591
0.6708746468
1.2202918972
-0.4281466840
0.3621329927
-2.1112259312
0.2233493940
2.2296285933
0.0338318162
-1.3877755251
2.9532316670
-1.3430712662
-2.8913213816
0.4460472212
-1.6814365174
-2.2072506202
-1.8362639876
1.9742281097
0.4974557071
1.7808389332
0.6247599576
3.8803953898
2.2941242017
0.5575485825
0.7895823625
-1.7931358718
-1.9168440797
-3.2155226647
2.2032106203
2.0489145228
-3.0538243596
-2.9952450202
0.4546703498
3.3717283827
-0.2894850154
-0.6307237402
-0.1634951924
-1.1969423572
-0.1417664583
2.5891356138
1.3733627572
-4.2195756785
-2.0905580015
0.7459990967
1.0094114804
0.0835670571
-0.8333548195
-0.7982153966
3.6031138455
-0.5289609166
0.3650570272
0.1605152030
-0.6944367310
0.7534666871
0.7287859114
-2.9986380254
-0.8568342393
1.8330012657
-0.4932346713
-4.5072418561
2.0289793911
0.4786058515
-0.0363222334
1.7035521898
3.8484811148
0.6752969837
0.7867024906
-2.2306365104
-3.4994752715
-0.3583519411
-2.9490656182
-0.8789572015
-0.0795567501
0.0182044871
-2.4390149607
0.8149834269
-1.8457618572
0.6393371925
-2.3157555831
0.7558016140
-0.1174450558
1.0832092789
4.1079953390
1.3161025142
1.4338921783
0.8861917675
-2.2066763384
2.7868537851
-0.9092373443
-2.5818815303
-2.7124817461
-1.6758155034
-0.7459552076
4.2683219112
0.3523773166
-0.3229212035
-3.6024352980
-1.6375143552
-1.4354667245
-2.5587813073
-0.7810753451
-0.5713791701
3.0178790781
-2.9815142132
-0.2175212021
1.1995631757
-1.0434058227
-1.5034010397
-0.9030981914
-3.3093122592
-0.5162731815
0.3854327855
-0.4278432090
-3.2733348219
-3.5338953407
0.4639463841
-0.3863590940
1.2894097798
-0.3254355091
2.9223572803
4.7374129461
-0.6689800196
-0.5900544469
-0.2525078205
1.2240885327
4.3931860209
-0.6883215318
1.3567549565
0.0814570551
-1.6762950854
3.4934620573
3.5525744480
-0.6838843954
-2.9448553056
-1.4556861591
-2.5030451507
-0.2235441943
2.0905835723
-0.4881240031
-0.5288481051
-1.3553897044
0.8403995284
2.4527478326
-2.1198046621
0.3331927280
2.0696877749
2.5592850796
-5.3331902940
-1.5296611788
-1.6398165658
-1.0844918518
-3.1967796145
1.2202324177
1.1205775357
-3.9891541897
2.4926831289
-0.5639424429
0.9173344090
0.3588820351
0.7161493618
1.2582133215
-0.0162393759
-0.9942099521
-2.3274213783
0.8535675386
1.2390307873
-2.0763662565
2.0785065491
-2.5095960631
1.1008001412
0.5816243293
5.1389877284
-0.2019858661
-0.1077468730
-5.0915361348
-0.8157176628
0.6842171532
1.7317184789
-1.3437224424
-2.4830744664
2.4055576198
-2.4506717254
0.7333533310
-1.7134561507
0.8837094131
0.9637724562
2.3030804168
-0.6334754871
-1.6076878511
-0.2370924660
-1.0210720958
-0.5782726277
1.9751677830
-1.0811401703
-1.7742913582
-1.9646124535
4.1361143858
-0.8064614302
0.9530659573
-0.2068800034
1.4403552193
-2.6556990914
-0.0360759205
0.8643911638
3.2657244356
1.4432275373
2.2882910479
1.2427458582
-0.3388321039
-2.9381103889
-0.4577005909
-7.7494517553
-0.3208385708
-1.8282253802
-3.0427803016
0.2004867751
2.5279431029
-6.3451584330
-1.0403009555
-1.5405436666
6.1502063851
11.9182311500
-3.5644878531
-2.6728967143
-0.6534495410
-0.0814264275
3.6199927217
-2.9186683449
-1.9365953234
1.6216290530
-0.7365911038
-2.7341919489
3.2205984743
0.9524026752
-0.4523132461
-0.9657092865
3.4558092055
2.8968217791
-0.1691202864
1.3894662343
0.9205301845
0.4460038859
0.2643301107
4.6167428404
2.1922064779
1.0734782865
-4.4157697086
0.4023385260
-1.5904842576
-1.1964924814
0.2455888405
-0.6050715951
-1.2497247395
0.1951733963
0.6169293916
0.3982150089
1.7754934687
-1.1691709923
-0.6138301869
2.7592983901
-3.5057350990
-0.0061089907
-1.5893607926
1.6127993638
0.3269184164
0.2186077340
-2.6734217333
1.4700280910
1.9065301699
-0.5874731263
-3.3625435407
-1.6801043006
-4.8578679038
-0.9727267166
-1.3452109812
-3.8251143016
1.6208448599
5.3803055467
2.2856434550
-2.5144010457
-0.3405859038
-2.7660149085
-6.8831980427
1.3459229787
3.7581704787
-0.4814142013
5.2694907804
-1.4336486898
-1.3161561427
-2.0780241205
-0.5213331317
1.5991547826
3.0751601297
-1.4925141909
-3.4788375553
0.6196628592
-4.0843760188
2.4160274858
-4.6751621422
1.1165448233
-1.6052158747
-0.0940577587
-1.1761077084
-0.6130526115
4.2971448518
1.1255581162
-1.2740400979
2.1492083090
2.2331028085
2.5425691568
0.5134378371
4.0641675401
-1.3985760346
-1.9642337447
-0.2650039116
-0.2792745277
1.6289556161
1.3169195533
1.3888115552
2.4612123554
1.7384433016
1.6809086912
-0.0991953844
3.0844734169
0.3947146155
0.5593058197
2.3581780192
-1.0480600146
-2.0968652095
0.4698642871
1.2570653057
-2.4096926042
-1.8388442739
-0.6851092096
0.7286892583
-0.7653331957
-2.8085622983
-2.9172307268
2.0160621800
1.8161497467
0.7361110795
2.0757653509
1.4115285183
0.7141668076
-1.4234876355
-0.4142325039
-4.5636103394
-5.0138927226
1.5018785787
-2.1511967384
-3.9582979658
-5.4601804842
-2.0615955078
-1.9347709600
0.7501794186
0.1180354973
-0.0598889269
3.9362105669
4.1971815115
-0.8714496697
1.1848414795
-2.6621189743
-0.9529091622
-3.7107522855
1.5125310183
-0.2082168019
1.3598048807
-2.1483414030
-0.3359470700
2.1842023983
-0.2424835968
-0.3926652054
1.6625447832
-0.7826422486
-2.0708455843
-0.3513391467
3.4224622336
-1.0170198081
-1.5223469377
-0.0668138985
-4.0954990891
2.5706275058
1.8392579989
3.2678713894
1.9934483823
-1.3192805891
-4.6127060805
0.9557902699
2.4122560786
-3.6866197998
1.0734175330
0.9174735619
-3.2828943430
2.7312972094
-0.2498552618
1.5984516891
-0.8025008719
2.0673664583
-1.4074926634
0.1653751606
2.1502222495
-0.3462534663
2.2035843483
1.5926477418
-2.0863259607
3.8535655405
-1.6293196554
-0.4992909342
-2.6468653223
-2.3767033262
-1.2775602686
-0.2666832145
3.4174458926
-0.2139073651
-2.6972079823
-3.8753558421
-0.7326992830
-3.0440137104
-3.5308575541
1.6882374209
-0.6723065677
3.5780522576
2.6742520196
0.6532668861
1.3172649558
-4.3976023715
2.7363506445
-2.9047937187
6.3675111771
0.2072292393
-0.1938846603
2.4604319040
0.7030034479
-0.0467516222
1.4536100273
-1.3000981126
-1.8586316908
1.1170105612
-1.9151915469
-1.2435332661
-2.1608294929
-0.3352315646
0.7172940800
2.3025780736
-0.2941873959
-2.8760053416
-1.2564824147
1.2093522931
3.2180373079
-4.8756325665
-3.1189576630
-1.8891032366
-0.5755868278
-2.7168675283
-6.7124149396
3.3637391057
-3.1229343290
0.5561218369
1.1268500828
-1.1306369484
-4.3202684137
0.7629004832
0.9730649313
1.9540704510
0.2176270766
0.8576349015
-2.0770969842
-0.7695479766
-1.2764093925
1.2366434578
0.8487990257
-1.1708444007
-2.7930583718
4.6133411925
3.1239555324
-1.1390510437
0.1483215861
2.9095991765
2.4725725123
-0.0302794435
2.5933664963
1.4002719257
1.5499964141
-3.4469249634
2.6909496823
4.0389613036
-1.8356130141
-2.2637372314
-2.4413550698
0.7170118626
1.6288619456
-1.4531368679
2.8148092648
0.2276621023
4.4819303895
0.7199232166
-1.0512984219
-0.3826153418
-2.8235173062
-0.9336010879
0.5672036016
0.0561056517
0.2488722324
-3.1198797934
-2.3772154540
0.5137659737
1.6155796018
2.2792456711
0.2959302848
2.0140216712
0.6668207283
-1.9118921579
-1.2584126316
-3.4386320278
1.3161005905
-0.1661804067
-3.6065180535
2.2913659950
1.1255740162
-3.9046720300
-1.5621149588
3.2437764089
4.6662014003
-0.5822880646
1.1392742792
-1.6744734659
4.8568619034
3.1484537639
4.3269400844
0.5450665393
-6.8998196872
0.3956543131
1.7592832350
0.5916047962
-1.3825927959
-0.8969745771
2.7199152447
-1.9989561211
-1.3339889931
1.2331329146
-0.2974792673
-1.4852138179
-4.9857590431
-0.1652043619
1.5878132495
1.9162990443
-0.8165936296
0.4747718004
-0.5292583652
-0.4248885937
-0.6556821595
-2.3606038321
-0.1908879177
-2.7143995713
1.3042739990
0.5961414321
1.8350214811
-2.1295066611
1.8709655008
-0.7598057723
0.9964962441
-3.8023496107
-2.1186979687
-0.5512407010
-0.5066678732
0.5555723763
-1.4762693596
-2.1333565468
3.3615430295
-1.5995724903
2.2357002494
1.0717996746
-2.3236844105
0.1081450245
2.0636202847
0.2734111992
2.7740477933
0.0147397077
0.8451860391
0.4560409298
1.1630986514
-2.3543739524
-1.1358973153
-0.0845085675
-0.7431786477
-3.1372321848
-0.4835444921
-1.7213615776
-0.7429347290
1.4784513182
-0.0187744825
0.2023409456
2.0651660541
1.2025539271
1.7183328088
-0.3591207687
4.8066267154
1.5317621786
-2.6908021198
0.9646377728
-0.9867002224
2.3490595901
0.5263100703
-0.6726591168
1.3337614992
-0.6490893558
0.1361731383
1.4302654489
0.2527366358
-3.1608516681
-1.3029146673
1.2912530226
1.5415070872
3.6528472133
0.6868019344
3.0244580440
-2.0943972755
-0.3831616768
-0.7766957058
0.7102539773
1.4360180724
-0.5760633145
-0.3668964692
1.0224724500
1.4776756307
-2.2727978944
-2.2671142724
0.4563055640
-0.8269116045
3.4165163007
-0.8487652018
-1.1525505155
-2.7959983106
-0.2988859662
2.4833693570
-0.8537334197
1.6762780615
0.7364136983
-1.1199931062
-1.5266041757
2.8800037740
2.9321550358
-0.6259447095
2.8019796108
-2.0162928520
-0.3907678628
0.1165012401
2.3099641328
-1.5480304752
-0.1026774359
0.1488970317
0.2437892212
-0.1871089679
-1.2310362275
-0.9753674797
-1.8386479726
-0.2981854018
-0.7351478568
0.5772460962
-0.7160693038
2.1434837936
2.0861631963
-0.3880554008
-0.1570999222
1.0926124362
-2.7498033474
0.2064410236
-2.2053457125
-4.5666721393
-2.0346644958
-0.8529541050
0.9363985547
0.3217761239
1.2284066631
-0.1916099712
-2.6924643188
-1.0109389667
-2.2005559513
-2.4690027991
-0.6226990638
0.6532244497
-2.8702620043
-0.0663647210
-0.4327455705
0.6394009763
0.8268669116
-1.1756105380
-0.8687570823
0.0698747938
0.4289119754
-2.0266403601
-0.1309007694
-0.4066659831
-3.2818478243
1.1934036959
0.6610688912
1.7187189851
1.6046546706
1.8880550157
0.6522220438
1.7246994633
0.9052364741
-0.0211015567
0.1703369577
-1.0430640009
-2.0303750602
-1.5930375481
0.9117919376
-1.0420819506
0.1414971989
0.0686681352
-0.2800298839
0.3163265652
-1.5129226975
-1.4379488088
1.9590364395
-0.2172171208
1.7474314121
-1.0938387734
-0.7937633916
-2.2497775433
-0.1634371340
-1.5279819885
3.4342575981
2.3306606048
3.6678721566
0.7673188260
-2.5875230404
-1.3667107858
-4.8553704917
2.2530930599
-0.4925110033
-1.0893378622
0.0469061006
2.2215062754
-0.5563203924
0.6782631923
1.9953238473
-1.5317778612
-2.0927678419
2.9847100045
2.2775989556
-7.0380824482
-3.3496751397
2.0224193970
-0.8059552950
2.3603692179
-2.6407862122
1.0656711163
0.1391389279
-2.0743964410
1.8046354390
0.8262241096
3.0445868409
1.3431121129
0.5041116067
2.4804066539
-4.5651036653
-1.7030129876
0.8319139041
0.4820147913
1.8999902234
-3.8120766902
1.4917617537
-4.4502741605
0.2323935703
-1.8451027589
2.4970056167
1.7599034562
1.1022187752
3.8946132453
-3.6876793022
-0.4226089542
-2.5124448812
3.4267361119
-5.1142729216
0.7926549100
-0.5369768665
-0.6729797188
-7.4631827125
4.4978474127
1.0626410923
0.6460949001
1.5838725643
0.0978707309
-1.0378477026
-0.9293339274
0.7619096620
-4.1795041956
0.8686058946
1.8097288668
4.4526631621
1.4835280109
3.4789090405
-3.1905466228
3.2297004600
-3.1925618999
1.4483181726
6.3284474154
6.1048170676
-0.2648322006
3.2218490375
4.2194148923
0.4230724994
1.0888764371
-1.2734574816
5.6825550324
0.0871384349
-3.7175907526
-0.4178505705
-0.9956599470
6.9536190193
-1.1917709416
2.6238594529
-2.3913747525
-3.2565454090
-1.4399689414
0.3496372687
-0.2000134421
-1.1768820454
0.4872770235
-1.3323329688
-0.4797839271
-0.8230954289
3.1004871591
1.0907482122
0.0005090919
0.2268757251
-1.5335798349
-0.8791065454
-0.3820703682
1.1362232823
-1.1558428619
-1.2657623162
1.0282457257
-4.7860045513
-1.5260483653
0.6119269484
-1.0126623549
1.5864220018
2.4804350357
-4.8319564797
-1.2814527969
0.2307751045
-2.1879717343
2.0931374840
-1.5052240782
2.9433595863
1.6115267983
-0.1204325790
2.5599583380
-2.4070381846
1.8911894051
-3.0870225365
-1.9072725819
1.9576934444
1.2737041996
3.1316838691
3.0814901601
-3.4432777154
-1.4618646199
0.2051511922
0.4242279414
0.1384158932
-0.6556297513
0.0228382250
3.4801773218
-0.3075541529
-1.1235385339
-4.7112826357
-2.9054987256
-0.8448050493
6.2106599819
-3.7820931932
-0.0170054126
0.5218118493
1.5953456377
1.4691388267
-0.5719451553
1.4789337074
-1.4232020291
-1.8410615695
-4.0616475976
0.3076507590
-0.1863766831
-0.2273653597
-0.2188104198
0.3615916935
0.1520905663
1.5533948084
0.0135824246
0.0133648421
2.0446249878
1.2376802199
-0.6342130550
-0.0102020509
-0.8505115451
-0.1202309221
-0.9843316143
0.7287381166
-3.4096063275
-2.7448629802
-0.0677780047
1.0468639681
2.0963917280
1.1022835939
-3.2349628913
4.6472529423
0.8836667008
1.0626222304
-2.1839656615
0.0695050779
0.1890989816
0.6802508000
0.0196128657
1.5175135733
0.9946105034
1.6131373906
-1.5379031820
-0.2557414352
-0.3778062918
-0.7050791894
1.5227284634
-1.3087471661
0.0862409658
2.0632096722
-1.6748471891
1.4925660668
-1.0103047661
3.2668326956
0.2651932890
0.3930454741
-2.3448094896
0.0450091626
-0.2199655675
-0.0983575899
-1.1444246367
-5.0112355935
-2.2668747436
2.3309991723
-1.7618694925
-0.3400158238
2.1046859377
4.1997133673
2.0794941117
-0.2687554106
-0.3695761464
3.8280951465
1.9330662126
-0.9247798482
0.3502456538
-1.2831448415
-2.7828353091
0.3800533162
-0.7484454897
-0.4244533431
-0.5643304943
-0.8919992861
0.3419283529
-2.8930638010
-0.3817681602
-0.6626858927
-1.5657434837
1.7096816440
2.2636487590
-1.1995483187
-1.4671214178
2.2327262750
3.0487596346
0.3663846264
-2.2707860172
1.6328629280
-2.2041540019
-1.2108143642
-3.1383432250
-2.2339336466
5.3468580935
0.4836005633
-1.5251803620
-0.3435190182
0.0412954216
0.4083305608
2.3286811760
-3.3050022721
-1.9577047493
-1.3554352077
-0.0983356115
-1.0245887700
3.0445216982
1.4903687751
-1.4729250314
-0.2456246378
-2.7998990112
-0.6571800199
1.2535886331
-0.1379819809
-2.1526328492
-2.5088854244
0.7155844952
2.3619525652
0.0762075509
-2.1904767510
2.4904776815
0.7527939910
2.3342746658
2.6025241949
-1.5742674142
0.1381827599
-0.4379674399
2.0321118579
0.1553189093
2.6103526015
-0.8735971595
1.1738324687
0.9517779894
-1.4109450835
2.7116795092
-2.5857617932
-2.7440293512
-1.5570401851
-0.5866213967
0.7375232716
1.9306461128
-3.8556902898
0.4321895867
0.9456308805
-2.7153981904
-1.2184881393
-0.2262006390
0.9342632936
-0.4122450371
1.1648282329
-0.5436210205
1.4703427917
0.7704470156
1.0857369874
0.0257192440
-1.8492796448
-1.0984042819
-0.7730631464
0.4583116036
0.1716677991
2.2451280358
-0.2354892986
0.8017981599
-2.8885352804
0.4255172964
-1.9117361545
0.0200233760
0.2653932642
1.2884931691
0.3489417084
0.1477158597
-4.3184277935
-4.5332608419
1.2916451514
-3.4362666855
3.4442609300
-2.7162900646
-1.8875764025
-0.5171766647
-0.7361552927
0.1406044213
1.5747866185
1.9518610295
0.3364111920
-3.0851084987
0.3375830790
-1.2714638003
-0.6564970656
3.0010518203
0.0982044151
-3.5242580144
-1.5376341317
-0.9002772570
-1.1400720820
0.9086019997
0.1924726739
1.8110052516
2.7782476148
-2.3725790616
-3.1666441177
-1.4879802355
-2.8344511262
0.5994248339
-0.3231392187
0.7281940567
-2.5246775869
-2.2496523001
0.9412778657
-0.8011490519
-0.6558435416
-1.2166574915
-2.3731877544
3.3741805524
1.4959789024
0.5812960339
1.8134599202
-0.9211764865
-1.5801824148
-1.6102776721
-3.2557956502
-1.1717863762
0.9686394112
-0.4538485987
1.2197085634
1.3520643842
-1.1745773821
2.2211517430
0.6466825487
-1.7245904402
1.2025778706
-2.6492196579
0.8143568241
1.1376592035
-0.3200172875
1.1176735278
0.3162858367
-3.2477312380
-0.3488799919
0.5773249826
-0.9258640216
2.9074433757
2.1048618998
-2.1152973420
-0.4758867071
2.8254170812
2.4154883596
0.1551230560
4.6467657286
-2.1339552096
-3.0491881256
-2.2199671957
0.3344727901
0.3980912330
3.5911937310
1.7901325658
-1.5438356918
-0.5321820175
2.1434214854
-1.5190009143
-1.3763236878
0.2726772843
0.8379448171
1.6452752383
-1.8245062180
0.6460627675
3.4252281960
0.3123807388
-0.8689905748
0.3229118285
0.4293111709
0.1862599004
-1.1471594613
-0.5853472708
-0.5619694369
-0.1982742925
1.3323598646
0.1576281755
-1.4302003566
-0.3047292144
0.1500896954
-1.2713451529
-0.8059496933
1.0806741954
0.6637185011
0.0162316910
-3.5473704738
1.1178018976
-0.9788793026
2.8581632937
-0.3662471825
0.5361676449
-0.9984131331
0.0403308729
-4.4490504092
1.0788227918
-0.5857192587
1.1536701920
-0.9450351204
0.6402126033
-0.5184615189
-0.5997773247
0.2561988645
-0.1784166465
0.4669354072
-0.6228313005
-6.8697003402
-1.5390475861
-2.6293236103
-0.0061712772
3.2469812196
1.1204280637
1.4104467871
0.7619373023
1.8897235069
-0.5824196069
-0.7509895308
2.0285484740
0.3274250838
1.9937286253
-1.6837414729
0.7541764243
-1.5557875800
-1.4134973737
1.9166905030
-1.2266716616
-2.7799701993
0.7910494045
-0.2478727210
-0.0835557006
2.9392930288
-0.7113160707
0.7576116463
-3.9253037771
0.2807912261
2.0259255323
2.9211354517
-0.4867621387
-1.2780792990
2.3934055809
4.2950399307
2.4556470342
-0.9538643888
-1.1467171287
1.9741854747
-1.9699665605
2.9172382003
1.5193146921
0.5638984982
-4.5093093476
0.1054261229
-1.7135264024
1.0689623773
2.9979870828
3.5967630045
-0.9362646827
1.7809418724
2.4616429365
0.5549602823
-4.9944606307
-3.3142585352
0.4046315522
-0.9137162429
-2.2711772907
1.7663720990
-0.2347645089
0.2735117990
-0.1912449819
-1.6291694570
-1.8845345491
-1.0225233438
-2.6151021961
-3.6802229555
-0.9720015917
-0.8765384525
2.0697861576
-1.2343024103
-2.1244440403
-3.6621449694
-0.3536128514
1.4917372651
1.4105879600
-1.1020953037
1.5103682325
-2.5320773638
-1.6653326037
-0.8363368806
0.0084519759
-2.4328549133
-1.4457146867
0.2268044377
-2.5513086618
-3.7369447604
3.7322731884
0.6920199596
1.8914304749
-1.3488110930
2.6972243059
0.4782135590
-0.7748345126
1.0859184385
2.1076007732
-0.7819500266
1.4002435698
4.3068874860
-0.4703451999
0.5476161546
0.5374178243
-1.6415880100
1.6380627852
-0.9523005401
-1.1936456307
1.4164735023
-0.2192023812
0.7737132945
5.0590437157
0.5061755934
-1.2119825789
-0.6643046329
-1.8332305375
-0.1320313999
2.7884635305
0.3764709245
0.9319816381
-0.0089763418
1.6469116427
0.2680129838
-2.8686082835
-0.0552776840
-0.1796970496
-1.6517623451
-0.2152043244
1.0896545377
0.7316305796
3.3641330105
2.6102062109
0.7905423323
1.1432520853
4.0526490661
-0.6278175251
1.9881954181
-1.7824291814
0.6649785739
-0.6729014163
-4.5433450810
5.9094445030
4.0133999417
-3.9054181466
0.9786163955
0.9563644150
1.3629094649
0.4156364640
1.1864869303
-2.4773997078
-1.2109002270
1.2695594869
-4.5651642345
0.5852035356
1.3771037206
0.8220757817
1.8293261226
-0.4454883174
0.3820051089
0.6646424528
-0.9099080593
1.1008922864
0.3547517243
0.2252509042
1.8700666425
1.9672201778
0.1909222825
-2.3574998670
1.3006638779
-0.4142353508
-3.8125739381
-0.3462225707
-0.3715131669
1.0375523143
-2.2203915867
-1.9855184148
0.7942990616
-0.6474806494
-2.9256392392
-2.8836047068
1.2189726834
-2.3304847818
2.2930756227
0.3164160698
0.6082171081
-0.9574711928
0.7613799649
-1.2050918364
1.5796195270
0.9161211470
1.7141915539
0.4000522994
-2.6421431203
3.3744500259
0.0945868149
-0.0855928529
4.5554430455
-1.9647694968
-3.2519793414
-0.2484023886
0.5767322704
-1.3718769666
1.1881870801
-0.8411137400
-0.2468071797
0.3732442824
-1.4360569184
0.2500668647
-0.9062072223
5.2695027482
4.6375544060
-2.5409758356
-1.1841846513
-4.5789860033
2.7187208975
0.7477422251
0.3330937370
-2.2383869051
1.6170708088
-0.9194480276
1.1124345819
-2.9924191352
-0.4107441331
0.5762300437
4.3924006020
0.2192103088
-0.6852211050
-0.5544864465
0.2855297756
-0.1763958787
0.4831194339
-0.4765425113
0.4085362457
-0.0985508996
3.2204100682
0.0289181049
-0.1133089067
-2.1612056257
-1.1766475671
-3.4106306789
-0.3550859789
2.7447938051
1.4828917670
1.5663679808
-4.5174862935
1.5109643812
-1.0596062047
-3.5981878421
0.0482199916
1.2317413179
-2.1165633957
0.7321575146
-2.7715769416
0.7887875414
-0.4136240378
1.3431882516
-3.9463913323
-2.6112296645
3.2480712255
0.7060408678
0.7879653294
-0.4756646559
-3.9611170689
-0.7058013689
2.4079398910
-0.6841766160
-0.6664075259
-1.0823570636
1.4519361374
2.1100610102
3.8076859660
-5.5750723315
-5.4573127990
0.5173821027
3.7282124057
-1.7607143756
-3.0605969976
-0.4350897875
0.5440618322
3.1991513725
0.8745052254
-0.8214034208
5.2189439994
-0.6498412802
-1.6120413637
-0.6936208644
-1.1151998906
0.7827034275
2.3318768009
4.4469122895
-0.7044107006
0.8134629863
1.1396919364
-1.5840408998
-0.5656726501
-0.4575216953
-1.6209590593
-4.7002668351
-1.6249939707
1.4596186398
1.0812224598
0.2732666344
-0.5217275104
1.8551932708
-3.5427019244
-0.7913764223
-0.0152324313
-2.3911138521
0.8984161518
-3.4075500361
0.8671984410
1.7815552379
-0.5258388846
0.1352711345
-1.4277152020
-0.4637845826
-1.5122796303
1.9718751315
-2.6767406563
-3.9208286712
-4.3217195769
-0.2166722044
-0.0342436725
1.1339465781
0.5389852668
0.2528734846
-3.7701249201
1.0177951514
-2.3710923748
3.1442683458
-1.4051392244
1.4414061837
-1.5349816350
0.0041689868
0.7644804186
-2.1119905382
-0.5263312043
-2.1486067585
1.6641404102
1.3258685801
-1.2289276169
-0.7283037788
-4.2589710554
-1.0902521505
0.6442120392
-3.8124864457
2.1360068525
-1.2222137359
-3.2288168552
0.2690498135
-1.5987017540
1.7007580089
-1.3705190220
1.4400431866
5.4553715977
-0.0128582277
0.5756928561
-1.6959599380
-0.7227647622
0.8125765745
2.0698135546
-4.4751667874
0.7143290871
0.7720936369
-0.2025125459
0.2022601021
1.0774891869
-1.3171421283
3.8710227872
-2.5868858812
0.1156706029
1.0872448044
0.5158348361
-1.9683614262
1.9825212768
-1.9408546925
-1.4663006064
1.9289817452
0.5068237115
-0.2200274003
1.6843859514
1.2813493629
-1.4918768252
3.4731697799
1.6489316849
0.1416482655
1.8518675449
-3.3357992693
1.5630046769
2.1962990128
0.3231947608
-4.7420229140
3.2034230133
0.6517036693
-1.0349506655
-0.8863500242
-3.3653701654
1.6582967609
0.2684544926
2.3838377691
2.2306527889
-0.3681179556
0.1740512815
2.0873996857
2.5995040624
2.2246547177
-0.2092615360
4.0405363849
0.9134770549
-1.1634576671
-1.0264569883
1.8495654295
0.1399949827
0.1594190987
-1.0744477599
-2.6236249908
-1.4403317889
2.3234607070
1.7135419374
0.2707726256
0.3018208820
0.0020099462
-0.0431106291
-0.1225762913
1.0798836031
2.7002063108
-1.7590999322
0.6986292180
-1.4995200877
1.9761488916
3.3396687846
0.2021642190
1.5165081457
1.9241817349
-1.2693218858
2.5815489129
-2.7398370621
-5.0923791863
0.2428318963
-2.3897850574
-2.1650956790
-1.0857565446
-0.7765512497
-0.0349268461
-0.1860747229
1.5657168233
0.9639775901
-1.4834857013
1.9101737953
1.3661802262
3.2294203265
1.2125390966
0.1945839997
0.9220619948
6.9567824437
1.6305209242
-1.2351314221
-0.9961240838
-0.6694126826
-1.6139998455
-0.4173551393
-0.4343631115
1.6255280145
1.6412676499
0.1743435124
2.2990792869
0.1695412986
4.3670911780
-1.2944897243
0.7090984729
2.9781366198
0.4330625704
-0.0180583611
-1.7362860454
-2.3984835449
2.4625563228
0.7822878337
-0.5697352097
-0.6137859617
-1.4017685663
-0.2342281032
2.4527641377
1.4828333847
-2.3628854673
-2.0635943360
-0.9700246680
-0.1009967010
0.3428758840
1.3968280943
0.1997166247
0.3151074611
-0.8343446070
0.6253222321
-1.3004521885
-4.8109748749
3.7947850078
-0.2373972535
0.1866747115
1.1976991189
3.5179952601
1.5902734108
3.6089889921
0.3046736640
1.7290981492
0.9412364701
-1.3643277000
-2.7517325167
3.0947700039
-1.5693218239
-0.8430627119
-1.9759253989
0.1731993615
3.0070669581
2.2143218925
-1.0688859035
-2.7280345938
-2.2420785545
-4.3738857633
2.2207478200
-2.0341187616
0.8703611211
-0.9878442916
-0.4820279592
-0.8330394883
0.2708514470
0.6257134481
-4.9294636056
1.3994866695
-2.3008825534
0.7250120083
-0.1416519580
0.0052025268
0.7786187654
-1.0767326905
1.0430633252
1.3275935441
-0.4955819549
4.1486412627
-1.6011801598
-2.2364444015
0.8013190130
-0.9387885442
0.5482751100
0.9395612879
-1.6894849671
0.9807183117
2.2272770485
-0.4746818743
-1.4787908834
1.1551415468
0.0402870492
1.0628207582
3.7153760187
-2.1845533215
1.2927349028
0.4708940860
-3.7127168160
1.1385320633
-1.0149996062
-2.2645744211
0.1230375199
1.2500278314
-0.6208132069
-5.4157904764
-2.3753303571
0.6451766809
1.1467201122
-1.8899988222
2.7028643892
2.2763927500
-1.2662076931
1.2202419309
1.2723439050
2.5158256597
0.1433675029
-2.2731106174
0.1970235738
1.3094136004
0.2855208709
-2.1917879259
-0.3996112976
-3.1987592421
-1.2200216892
1.3875761002
1.0408736872
0.5084733707
-2.3864714150
-1.5001683676
-0.7533125656
3.5483304174
-0.6398475934
-1.8677190071
0.2190831781
-1.4647642946
-3.0765732303
3.4248456668
1.2282866823
-2.1894541877
4.6710773708
-2.5763776923
-4.7132753110
0.6202474080
0.1080115563
1.9778773306
-3.9592056804
-1.8468949106
-0.0758597769
-2.4427935193
-1.0992945868
0.0845025269
-0.9527466340
1.1282558585
-1.3360347751
-0.2055282279
0.1251814996
-0.4014016270
-1.1586759724
1.7972069746
-0.3230086683
0.0896562513
3.3079730939
-1.8046975807
1.1929819109
-0.9635030747
0.8242457311
-3.3226453227
-0.8826092441
-2.4412544169
0.3159663034
-0.2811396589
3.4241072357
0.2874218401
-0.3377872586
-1.8884109077
1.1329777723
-2.2931953784
1.5964597998
1.9632295237
1.9158565325
0.9254013119
2.6041807298
1.8522095193
1.2157880784
-0.4482651357
-0.0975471783
0.4372841090
-1.1837011518
1.1438815667
1.9024622343
-0.0156650837
1.0419462645
3.2143031030
-2.1448537762
1.0040969059
0.4730534316
-0.0360328469
-0.4738086993
1.1201678844
-1.7416164676
1.8807944747
1.0692339066
-0.6102223218
-1.5557912072
4.0138590827
0.9863869596
-2.7117891090
-0.2315495102
-1.6550067809
0.3870335707
-2.0598337242
0.8729367152
-0.4010133420
-2.3831264174
-1.0743587571
1.0421708844
-0.5481653911
1.7153552846
-0.3044604402
2.0177173448
-1.4272589942
0.6006888826
-1.7182115006
-0.9947878781
-0.7698688562
2.5638603430
0.6877692568
-0.9420755529
-1.9553529537
0.7262131899
0.4628115320
-1.4904415508
-1.5288363442
1.2989762682
1.0386385695
-1.8149614500
-2.8432997685
2.7540884044
-3.8632105099
-1.4495665053
-1.6403964977
2.5823516569
1.0965611128
-0.1669238850
0.1885895782
-1.6355227581
-0.8495289492
2.5750818761
-0.4389542221
3.6218604148
-1.0585682597
-0.3652557585
1.5900673922
-0.2998039237
2.7557478465
-2.4581789229
-1.4592863136
2.0322474144
-0.6644430957
2.6813390634
-1.8894076458
1.0006483415
4.2301136748
1.0586255300
0.0866511325
-2.1747539482
-0.3987759162
-1.2010299565
-2.4157934272
0.5369422057
-1.7521971366
-3.7072452952
-1.7020922328
2.5731230765
-1.9160300590
-1.8505464368
-0.8530207702
-1.0362128371
-1.0658244651
2.9667628205
0.0773125903
1.1922257074
1.0638943547
1.7822149484
1.0895580153
-1.0468098055
-0.3964862226
0.7261616534
-0.7378462531
2.2704493167
1.7284791875
1.0263847381
1.2819519960
2.1233065887
0.2366712703
0.0543944584
-1.2163877414
2.2182143620
-1.6055443507
0.4372996237
-1.9653901491
-1.7604937232
2.2255667070
-1.7368525431
3.1391149620
-0.8056767167
-0.6892650176
-0.4105351995
-2.7167423034
0.9980081968
-0.8994115972
-1.0122428596
0.7683384419
-2.2776566522
0.6291270855
-0.3455430140
4.0831898022
3.7318787772
-2.3790499716
2.9437291582
-2.8037229888
-1.7053243111
-0.1531199167
-2.0561547820
-0.7297252138
-4.0846917850
-0.2118997271
1.2060316798
2.0742141914
-1.1364171405
-2.1126521095
-0.6490044262
-1.7023790623
-1.1933070605
1.4160084486
-3.0591168101
-4.4930292042
-0.6784606708
0.0068444782
1.0179265755
-1.5414700243
0.1754535998
-0.3358393991
-2.7607165056
-0.4094341456
-0.8834218885
1.5523992174
0.5051441925
-1.2439430721
1.6686050575
-0.8292483859
0.1792970090
1.6462342847
-0.3872301844
-0.7057681258
0.8311331622
0.2330501237
0.3367964920
1.7871685806
0.1735133834
-0.0409816933
-0.1757060368
2.2598508548
1.8761327697
-0.8727622281
-1.0461434296
-0.2358476676
0.6326093555
-1.9545888691
5.4244965940
-0.2886308329
-0.1730050494
-0.6580404830
-0.7207261878
6.1753741036
-1.4376163986
-0.7815217949
1.2953938229
0.9136885771
-0.2408239830
-0.4903565630
1.3134711084
1.5106326277
0.2600615830
0.4527774312
1.0004489478
-1.8236586493
-0.5432493195
-0.9048609009
-0.4403257964
-3.5603449502
0.0111145942
-0.6783314987
-0.1482916187
-0.4361110213
0.6442696236
-3.0450547508
-0.8503828913
-0.4341862946
-0.1510217013
-1.1125628346
1.3612861119
0.3930543420
-2.9517309921
2.1459105459
-0.7959012991
-1.2001427907
1.4793927485
-0.5742847652
-2.0388566378
-2.9785476146
0.4985160583
1.5155592190
0.8192515848
0.4311647796
3.5232996977
0.2354646062
-0.6513309642
0.4678204665
4.1941254728
2.2310163035
3.6727261685
2.0927321302
-0.5083951862
-1.0102544537
1.7721268593
-0.0072787474
1.6432457149
1.3064858953
0.2575193761
0.4908551310
-3.5656895386
-2.0843871123
0.4506452907
-0.7066726380
-4.0313841120
-0.2071885765
-3.4373139653
-2.0584264015
-1.7617724961
-0.5167199178
0.0898791999
-2.2972214679
1.8300517096
-1.5870945037
0.6928359124
2.0266223114
-1.8988329638
-0.1023957293
0.3719470573
0.2582673795
2.5992401840
-2.5385435033
1.5682016981
0.7902923758
1.7820484095
0.6669300970
-4.5645682921
-1.9702494191
-0.1429042704
1.6129798098
2.0730631975
1.3365668498
3.0121272600
-0.1560017461
0.4097230806
0.6031838584
-0.1531514343
0.2985033307
-0.6245771891
1.4940084795
-1.3112142801
-0.2619767930
4.3519572345
-2.3781365817
-1.4003082448
-1.0655100189
-1.9434282853
2.1308869099
3.7618950617
3.2539613277
-0.4902627444
0.4604916423
-0.7987583065
-0.5405229637
-0.9880594318
2.8418456758
-0.7976811869
1.4749473204
-0.3673466161
1.2978782666
0.5182082719
-1.2690758596
0.9823893359
-0.7288124567
-4.8543607866
-1.6444777894
-2.4060670266
-3.3211674200
0.6469598366
-3.0578943666
-0.5625497431
0.3616725600
1.9817020935
0.8984089848
-0.1003906716
0.6607175128
-0.6827033962
0.7094437522
-1.0505878207
1.7037532212
1.6472054684
-1.5984725852
-1.1524643079
3.5706970034
0.3727217563
3.0325061727
-1.7956281790
5.3614304564
4.0333126559
1.1740600936
0.6091849619
-1.7144683536
0.8104689771
-0.2826189637
0.7545067010
-2.8027642883
-1.3700038158
1.8288775661
-2.0740294734
-2.2955593570
-2.2640731495
0.7212279919
-0.5780319885
0.0172788611
-4.0018317452
-0.1075870672
-0.7089498145
1.5892977708
-2.3306553955
-1.9284459692
0.7316603612
-1.9658264769
2.7325543344
3.6569094551
4.3038514728
-0.0305240988
-0.2417309996
0.6474342187
1.6503189213
-0.8597045213
3.8318238951
-1.6368824673
-0.9247712500
-0.6876833613
-2.3674536015
-0.3606813178
2.1302021437
0.6038806294
-3.2517482461
-1.0675268206
-0.3318141759
-3.7042368287
-1.9667699107
-0.1743730774
-1.5312805308
2.3082719236
-0.4318315865
2.1290547213
1.2381449454
-0.6894586638
-0.0122379920
1.3465718280
1.6832437284
1.0372319934
-0.7355289143
3.4899093200
-1.0954141704
-4.8830649190
-0.7375886680
-2.5549340827
-1.8892042038
-3.0908183986
1.6112817711
-1.2441239225
4.0459134509
-0.0406323856
-1.6146871699
3.1684732789
2.9789341059
-1.0555484166
1.5049066396
-3.1178862488
1.7487364941
1.3862844875
2.8401478352
0.2567452302
-3.8619323150
-0.0653125908
0.7677324991
-0.5494571909
0.2122009304
-3.6172031492
-0.7204602223
-2.9693989621
-1.6930520312
1.3801146325
-1.7903938752
1.0848936131
-0.5782881617
-1.9075132707
0.2053694140
0.2412661655
2.9786399942
1.4321693435
1.2312648643
4.7862221339
-2.6621007633
-1.0759870385
0.1416486833
-0.7961921652
-1.3591004139
3.1053688372
2.6706627897
-4.7861700729
0.7591541612
-2.0614517706
-1.3552703513
4.3442383122
-1.0956234071
-1.5361943304
-1.8673743685
-2.3398467331
-1.6752828207
1.7694376693
0.2043794792
0.1812872678
2.2261100965
-2.3324165576
4.5884468727
-4.2663116327
2.0811312461
1.4839987538
-1.3660405939
1.8223852885
0.3198631702
-5.6188434833
-2.6756812900
-3.4363325844
1.1892035821
2.3103422549
-0.2780811310
-2.0139133755
2.6429881776
0.7011465479
3.8120614152
4.7962993559
1.3165946482
1.0047834331
1.7483514492
1.7804844650
1.5343534267
1.9029927620
4.1233271682
0.2117423495
-2.4684576087
0.2810846410
-2.2330271236
-0.7582291000
-3.8690302537
-2.2163973655
-0.6650744044
1.1115195972
-1.9516682677
-1.0620188409
-1.5232958400
0.5420229153
-0.3397695092
-3.8972397660
0.2953370593
-3.4089776084
1.3106002144
0.0814765876
0.5293839595
-1.0204365259
2.2121523967
-4.3517768017
3.0970173225
-2.0207633178
2.4525006094
1.2835283617
-2.1088532926
2.4575513499
2.2141643242
-0.9127474731
0.6849476586
3.0287026254
-0.0020079457
-0.5679840544
-0.4493226062
-0.3981676063
1.9691082608
3.9565918481
-1.0538861411
1.7777322622
-2.8896366351
-0.3362630155
3.5134866237
0.0831100594
1.5964586814
1.8013848557
-1.2294179772
-1.9096665630
-0.7559839600
4.4271730421
3.4037659899
-0.7332083811
1.1528028256
4.1646076472
-2.6315824386
4.7183779056
0.0932090667
0.3240683248
-0.9449015056
2.0487148320
-1.2560346799
1.4119128722
2.6243770666
1.3185786685
-0.1411900071
-0.3040564855
0.0270390618
2.2273981380
-0.4515784940
1.1820690474
-2.1659152918
1.2564685633
0.2482250534
0.3341529687
-0.7852541356
-0.8499463348
-0.2063454320
-0.9190468522
2.8470266908
-0.8830465557
0.9953382676
-0.0268803054
-1.2422193230
-0.4371567691
-1.0123186849
1.2443256431
-0.3634983272
-2.4195096183
-1.4992624593
0.4590617969
2.3197015713
-1.0717518226
-1.4586719975
-4.9378722572
-2.6626219680
-1.9452275791
0.1057863030
4.2625714769
0.1261240980
0.6086265058
-0.0317772219
0.9296120576
2.7278602813
1.9696993511
0.3559581041
-1.6161375974
0.2322713386
1.5821145619
-1.6161003232
-0.1089265578
2.3965402628
0.6239472480
1.9039167256
-3.4424883279
-3.0171008690
0.9170647113
-0.0114064099
2.4624885735
-2.1334010626
1.1584788808
-1.1730663522
-3.3363848808
-1.0082406517
-0.0723391333
-0.8438468968
0.9567789497
-0.1626953375
0.8183894083
0.8081398733
-1.6925671898
0.9403936120
-2.0127430447
-0.6739753328
-0.7411187746
-1.7565235385
1.4681266075
0.6726306936
2.3957817088
0.5722017363
0.3201758823
-1.4052555728
0.7868820789
0.9091362078
0.2348229730
3.3550072751
1.2856355267
-1.1207504167
1.5258729920
-0.6597933685
0.2078347669
-0.0309963237
-1.2084168212
-2.1576968422
-2.5685494263
0.9699268863
0.4395170092
-0.2235913324
-1.2474084380
-0.1855946632
0.4950221358
-1.4116712844
0.5259238013
-1.2794409542
1.1373095844
0.0801996770
-0.4340892212
0.6245539592
4.5283835854
2.0958928823
-1.2236883642
-0.7389435951
-2.8995454068
0.0885102900
-1.3381486611
1.2526055793
3.4083855447
0.9506699791
0.0983711349
1.5992468581
-4.5243952338
-1.4598668800
0.0872533720
1.7199038558
1.8570551524
-1.1417835154
-3.0633087042
-2.6077117614
5.4957271474
-1.0981824649
1.0871086191
1.0929968361
-2.3324705883
0.2703520007
-2.2531994745
-3.0459670623
0.2746515272
1.6805789497
0.4929190256
-1.8704024709
1.5497171518
-1.0070143687
-0.0378501832
2.9809438318
-3.8581322331
-0.0987555067
-0.9329972401
-0.0665180362
-1.0898093492
1.9185850906
-0.3853343537
1.2835070541
-0.2191857291
0.7447598713
-2.0918000222
-0.0381873717
1.0293591059
1.2642296786
-0.2616927467
0.3253595871
0.6316895114
2.7841123630
-0.4219556707
0.2304630743
-2.0761714471
1.1157245165
5.2388345339
-2.5049329724
-1.4216184864
-2.8588200065
4.5062761151
-0.1688467045
-1.5240682425
2.2838594940
0.4326031693
-0.3018187822
0.9248892482
-2.6290417927
-2.0386007590
1.2897905712
-1.9754966824
-0.3556238631
1.2302359540
-3.0476980662
0.0110395918
1.4429926545
-0.2637854669
0.2146160551
-0.2144165581
-0.6360675236
-0.0940098920
-0.5190966948
-2.1381637257
-0.6285369179
-1.8199564620
-0.6013532395
-1.0946482476
0.2650001086
0.4042813616
0.4352026976
1.4083100454
-2.8519777074
-0.1189498302
-1.6699336496
0.9999349788
-0.8706515831
-4.5491142410
-0.5655691115
0.7136547201
1.9330241726
0.4531450089
-2.7534938804
0.0049244762
-0.7328415056
2.1220644801
-0.2482186944
4.5413670876
0.2586276455
-0.5386891053
-1.1727663281
-0.7447142556
-0.1318679320
-0.5345795327
-0.7847380205
0.0481751000
1.0377505729
-1.3893021637
-1.4354541844
0.7430260831
1.1586646292
2.3639284070
-3.0349728482
4.8695168238
-0.5160277436
-3.6362211970
-1.5902697142
-1.4309596494
-1.3140844666
-2.1033676117
1.5247274104
-1.4088872660
-2.4871315595
3.0914838119
-0.5269116769
2.8117672693
-1.1480066669
-2.0806031205
-0.5763792631
1.0962708609
0.4988526265
2.9350168687
-1.7271388924
-0.9372976280
0.4254375196
-2.0694996567
-0.7076982911
3.4106402055
5.7565137458
-1.3658924447
0.9624359773
-0.6409572237
0.1847940800
-0.7183201800
0.0879607874
-1.3215269267
0.3231023867
-1.2213280807
-0.3042925829
0.5385673390
4.4338441776
-0.5490170990
-2.4364109461
2.2447869974
0.0937647174
-0.2115426127
0.3801149923
-4.2245775786
-0.8219533625
0.0893079855
2.8719262175
-3.4440526365
-1.2905657686
-1.9847021387
-1.7738177820
0.8042397701
-0.1894651705
0.1479400979
-0.8557230973
0.3900102318
0.4265511207
-1.4728046119
-1.5360520966
-0.5339818315
2.3298972767
1.4045058844
2.5672058053
0.1999389746
-3.4493492513
-0.2687619815
-2.9927368107
3.6392989993
1.0644641649
0.0230180286
-1.3843136265
1.1015377900
-1.3645505479
1.2846357273
-1.0878558765
-0.8860954524
-0.1751439566
2.9491481407
-0.6953145135
-0.0425365316
0.0714991536
2.7277513911
-1.4704231600
0.2121473557
0.4782565909
-0.1202646122
0.0903907267
0.4528465885
0.6099397285
-2.2756339388
-2.4210168392
1.5048343246
-0.0257579038
0.5799942024
-2.5040141678
-0.9830668038
-1.2813761358
-1.7010431108
-1.6576140013
-1.8983004196
0.0976684371
2.1295741442
-1.8610098415
0.6488689168
-0.4772286831
-0.1580990069
1.8254030050
-1.2927385295
-1.3100660676
-0.6466509587
0.9502733828
-2.1396940736
-0.6146875429
-2.1561944637
-1.0233960559
-0.2272919272
-0.3874821765
-0.9950730991
-1.4915034480
1.1746897838
2.3424253397
3.1101415131
-0.7060942461
0.7719679736
2.5167716702
-2.4610568558
-0.8559410589
-0.2150064748
-0.2444615778
0.8256850337
0.1019561761
-0.0862034756
-0.1579616440
0.4983996653
-1.7701482916
-0.6109037101
-1.1882439429
-1.5988276369
3.9451396544
-0.1806550187
0.8101944803
0.4300936747
-1.2327073892
3.2108892657
-1.8881939328
3.5914369085
1.5570686039
-1.0441368120
-1.0416643107
0.5010564887
-0.3604074341
-1.5788279180
-0.0904253116
1.3059902776
1.8196584191
2.1943269723
2.1605127543
-0.0641377128
2.2254322475
1.3941179991
-2.1950995910
-1.1450519113
1.3557318223
-0.1742840593
0.6311420685
2.7556617630
2.8592181387
-1.1177232891
-1.2731592578
0.2490929604
-2.5237274090
-1.0439384791
-0.9228265757
-4.2416724280
-0.7435332773
0.1793404683
-1.9117727211
-0.0850330474
-0.0849919483
-1.5959313691
3.5139276328
-1.2480058101
-0.2989140750
-2.9529838861
0.7594191723
3.6907671328
0.3882316469
2.8432340797
1.9484221708
-1.9749740611
3.3811051937
1.9183011480
-3.1379953542
1.5223180137
-4.1207075906
0.1854840150
2.3257357177
0.2263857751
-0.1039702315
-0.8152432838
-2.8274001980
-2.0926432588
-0.1601107785
-1.3843880373
-0.8896236978
0.9798662970
0.5226608948
1.9537679384
3.6138366156
-3.8191987586
0.3285912408
2.5436119669
0.3040430793
-0.7221213782
-0.5560762904
1.9815324177
0.5610358215
0.1362612470
-0.1130688747
-1.8755650949
-1.3128731589
-1.6946965779
2.7535283429
0.3590822698
1.9932047572
1.2427542204
0.6428981060
0.2292781455
0.2014182617
-0.8422527177
-2.8972197368
0.8170139685
-1.1179940417
-1.3721601095
0.7291586257
-0.4151481582
-1.7571388328
-1.2416298200
0.6741436893
0.1839759729
0.1670993118
-0.9685134376
-0.7809550168
-0.2360379840
1.9024464451
2.5998941239
-0.3379005950
-0.5037902450
2.2374455788
-1.1562971053
1.8193114630
0.2944910755
-0.1884581619
-0.2519122885
-1.7342404720
1.3425696884
0.3436247594
-1.5365374872
3.9482240250
-1.5808227329
-0.0527580693
-1.8459220253
-1.2938530075
-0.6342294741
-0.0035116679
-0.4791572240
-1.7321192082
1.2678893579
1.0211671005
-4.6581407505
0.7791301236
0.3426953464
0.7196910727
1.0785006267
-3.5834353635
0.6291418252
3.5614979435
3.8201636624
-2.0181085424
0.4349573197
-0.2203721577
1.9338338628
2.3085864157
2.5386173233
-1.6627697525
-2.1424924078
-1.7895344518
1.2151537496
-1.4602817772
2.5323283890
-0.3975267666
2.9521614028
3.0066423275
1.1772932929
-3.2524770500
3.0583623343
-0.9740956485
0.5670373177
-1.3746910278
2.4939066530
-4.3411210827
0.2630117944
-0.3146837055
5.5530658315
-0.4628158640
0.4532802040
-1.2661604326
1.6899314177
-1.0842614888
0.9674372650
-0.0102061083
-0.2834404207
0.6833968585
-2.4554217525
0.8641734232
-3.1120237130
1.4741593460
3.0496178878
0.2179767955
-3.1411141229
-0.0436554311
-0.2820502476
-0.3792517312
2.9011140962
-2.4596661260
0.9781754317
2.4982379034
-0.8136316595
-0.7792741094
2.3660335072
-1.8085563532
-1.5573084050
-0.2702229790
2.6657636624
-2.9600921253
1.8191770551
0.6237449832
-2.2768226134
0.4303212942
-4.1321473266
1.3463443116
4.5083426423
0.8827907822
-2.7427237759
-1.3113204718
-2.3992332601
2.1814497086
2.7573385451
-1.4738594233
-0.4921574753
-0.0012527733
0.9964567399
2.9843042163
-1.1164025250
3.1429163256
1.2896126547
-1.4655139876
-2.6476830197
1.2350556078
-2.2711060775
-0.7599865939
-2.2213398320
-0.5249537598
4.6018523618
-0.1390152065
-1.2202166585
-0.3320426206
0.1676160736
-0.4725471142
-0.3349008209
-0.7072813444
-0.0165889111
-0.7519813338
1.2537282011
0.7597638240
0.1248302668
-0.8512937025
-0.8170789921
0.4917321915
-0.3426543494
-1.8967864255
-0.6942577173
3.0844765602
-0.3974468155
1.2395796356
-1.8333758891
2.8051427987
1.9010969775
0.5092421621
1.3393231133
-4.0940237172
-0.0271415849
-1.8833003543
-1.1853151346
3.2724660934
-0.7586005141
1.9981881266
1.1179216542
2.0873349697
-3.8686466588
-1.2410480800
-1.4377371781
-0.2861532318
2.4349339694
-1.9197331598
3.2279644228
0.2864040439
-0.5333101664
-1.3788300697
0.4056662083
-2.3995940918
-0.3411320998
-0.8673437170
-1.8698785807
1.4976474555
3.1645469359
-0.6655430823
-0.6609632016
-2.1008578199
0.7143097155
0.7237401075
-1.8409046077
-2.0047341524
-0.6190588579
2.6956163057
1.2932561304
0.6691357878
2.8330728327
-2.8423348869
-0.0015199066
0.5564897995
-2.2526576724
-2.0676789900
0.7571959103
-0.9356703200
0.0563527872
1.7538368679
0.1546679324
0.2793483743
-0.0777620913
-0.3927211898
-2.2465766092
0.5510097546
0.6416220239
0.8222885329
-1.6481053184
0.5023554241
0.8627512149
1.5063264069
0.1284987566
0.0982962634
0.5988346551
0.2313659467
0.6525909105
-2.1103809439
-0.5147239982
-2.1792067650
2.5381937558
-1.1792577523
1.0720660920
0.0163728406
-1.5356205588
1.0922245331
-0.5828924392
-0.5198737040
-0.3182466644
0.3799370356
-1.9663385082
0.5254907093
1.6451297203
-1.0790109377
2.1483634176
-1.2202883968
-0.2370118049
0.3481318509
-1.3873006426
-0.5842318428
-1.1077603805
-0.2353754247
0.4940694246
0.8893479516
-2.0964649496
-2.1401839491
-1.2957157822
0.1977837770
-0.0075800209
-2.5990091461
0.3125179659
-2.2900803026
1.6454579466
-0.2977648656
-1.3326525882
0.2787277928
-3.6433064161
0.0693296726
-1.6866045654
2.9867826460
-1.8136514767
-8.7530228113
-0.7884867820
0.1062929615
1.8474192342
-4.2854665075
-1.3161533882
-1.2805263525
1.3136391065
-1.2589646422
-0.3363570770
-3.7026724834
0.1510427160
-1.1032559822
1.0875565198
-4.3514969323
-0.6869824865
1.5496844242
2.4966393076
3.7929460522
4.3899810831
7.1175960867
3.5985644067
0.5888630702
-0.0056405220
-0.6482883924
0.6170431673
-0.2468204377
-2.3836109591
0.0600668426
-0.3362524588
-1.0480383209
1.9443408555
-1.1024873888
1.5963618665
0.4398710970
2.5945791440
-0.7286655434
2.9473561139
-6.4241456826
0.0935031263
5.4035553069
0.6725197044
5.2341780767
-1.3699575108
-0.1039124798
0.6198491656
-3.8254203039
0.6485621388
2.1812159352
-1.5288256479
-2.2891411895
2.9192816439
-0.4964816575
-1.4339456252
-0.7618528808
-0.2912596808
-0.3407477364
-0.0990439104
0.7398661875
-0.4876479363
-2.3255559597
-0.7154626674
1.6845966024
-0.0370120547
0.2932149136
-2.2399035265
-0.2976765082
1.7456308769
-1.0866394379
-2.5398969293
-1.1482031011
-0.4595312364
0.4655071720
-0.2480995422
-1.8107498977
1.0703867103
0.6004721453
0.8618741678
1.1779159892
-3.0966275567
-0.4104520920
2.2337041669
0.6900947981
2.0970999801
1.3584151819
4.0321622143
0.7306267677
-2.7415001360
-3.5353544838
3.4084599265
0.3782336424
-2.8041290073
-0.4252689105
-0.4574548522
-0.2171497484
-0.7651632310
-2.8258590947
-0.4202291993
0.8562046124
-1.4922721322
0.9018686522
0.9755561517
1.6386182521
-3.5404806088
1.0949276456
-2.5042013025
0.8362962067
-1.3693716998
2.1812139313
-1.2936815141
1.5357415869
-0.2040927264
0.4779839265
3.3856700961
0.7985120463
-3.6366069075
0.6372342897
0.1549568870
1.1664473210
-3.0433591785
0.3605361008
0.4571393632
2.2287865711
-0.4227402993
2.0988064297
0.6720750859
-0.5932717952
-1.2204178324
1.0441977634
-1.5527710738
2.8321754172
-0.8834644156
2.0631396194
1.3060167617
-0.4836383589
1.4521666156
-2.0216565410
1.6440401509
0.2314759756
-1.4276907563
-0.1090418489
-0.2565871980
0.2357255616
2.3051660289
2.9060614081
2.3350762703
2.6417652651
0.2711130152
-0.2445778920
-2.5272049065
4.5907932794
-2.1858631161
-1.5267508663
3.1323143388
-0.6684441474
1.0406078960
0.3955803539
-3.8734503052
-0.7365270461
-0.7680906475
1.3880669916
-3.3193785490
1.2298400368
1.1101743501
-0.6962051112
-2.9204312144
2.7662245060
1.4617514482
1.6824778145
1.4792245843
-2.5101176180
-0.4578633597
0.3381477540
-0.6376440354
-0.2507561859
-3.0736733019
-1.7339183555
-0.0250865306
1.4687178623
0.3298731295
-4.1397778293
0.4029999566
-2.3141335605
0.2339553957
0.3166134639
2.9652522257
0.7653579671
2.2059641807
0.7447193536
0.5864031600
0.7805377415
0.6505312134
-0.7929041461
-3.5506351736
-1.7706706550
1.7182182447
0.7795550785
0.1347253168
1.6495682476
2.8683354310
-0.7773136113
-2.7498652696
0.8025114509
1.6217902960
-1.5982729931
0.8772687037
-0.9860255986
-1.2736879360
0.8632065201
4.4233956968
-0.3663422051
-0.3366244196
3.1457678483
1.7240214823
-2.3637019980
4.6935737592
-1.2297228544
-4.3244384678
2.1224655215
-1.7018480643
-0.3441941984
-0.1512231319
-5.5256043855
1.1424516620
-3.4755973237
2.8152542175
-4.6013743060
3.2913217027
1.6257043614
-1.4565738120
-1.1215341516
1.6577917733
2.0788295942
0.7551960561
4.4960008178
-3.3042912278
-0.1424495619
1.1468190286
-2.8864810510
1.0937611518
-3.8290585170
-0.4834260489
-1.6530421252
0.6969053002
-0.2767613543
-2.3753059346
-0.4473915708
0.9170468413
-0.3913640409
-1.2014755782
2.6866588815
-0.0486959328
-1.5525836251
1.7163369882
-1.0289383284
4.0954410231
0.5241547440
1.1099292773
1.5641986561
0.8267358882
0.2877631276
0.3208323752
-0.3988178163
5.0984002763
0.5677191231
-3.2876498033
0.4768716369
-3.1961013365
1.0654714268
1.4384964788
-0.2369148683
-0.2702740217
-1.2370721490
0.2396195851
1.5416605970
-6.2681473253
-0.1278447614
-2.7323565996
1.3208577785
0.4634778899
4.8446590254
0.4897804207
-4.1940899678
2.7490434921
-0.8789595222
1.0018096351
1.5560081797
-2.7525057698
-0.2757005255
-4.4482473832
5.9182292287
-3.9354655930
1.7660855955
2.3868077352
-1.8104470896
-1.6242064549
-4.4372577181
-1.3936364993
-0.3152275392
-0.1014064172
-2.0334378988
-0.7471655632
-2.0851245959
0.5625521342
0.5249092669
-0.6134681472
-1.8164038804
2.0852016568
0.8173382139
3.1588714284
-2.2778060415
-0.0696601031
0.7211167164
-2.9696279723
1.8430438960
2.0115179612
-2.9381453590
0.7200008622
0.5117025548
-1.2278578334
5.2800456253
0.3681615297
0.8365926372
1.3007125417
1.0391328883
-3.2230839817
-0.8110347978
0.4563304839
-1.0847522930
-1.7668344158
1.9457469128
-1.9461734492
1.2745386755
4.0896191084
2.7453453964
-1.0119148896
0.8291288371
-1.0731089238
0.7506640039
-0.6683501309
0.8964452275
0.2241821732
2.0450079990
2.5667789321
3.3990917506
3.8305774992
1.3024347322
-3.2713715771
3.1022097646
-2.6421558991
0.5688960069
3.8336469357
-2.3031307075
-0.7739513461
-2.9147403685
-1.6415298394
0.9391099204
-0.0439312124
-0.5570688275
-2.2182585717
1.9122802095
-3.7340230465
-0.7861529026
-0.2684423845
1.9625077490
3.2823460125
-0.9577488840
-3.9812155722
0.6289051409
-0.9414160695
0.3883247825
0.5592236081
2.2571017582
-0.0186195118
1.6616006384
-1.8804742107
-0.9781805958
1.5759253851
-1.2387667271
0.9791397020
-0.4942726149
-0.0186729235
1.9108704033
-0.3007418398
6.0077173886
-2.1915905984
0.2186230329
-1.6215765050
1.0132692133
1.4836199612
0.3679896961
-0.7288494363
0.6846376683
2.1406092073
-0.7975086110
-0.1479303628
-1.5662581854
1.8517295745
-0.7503255224
0.6598230115
-0.2377708042
0.3907995569
-0.2284620924
-0.4541190303
-1.8384336325
0.6154750896
-3.9905443123
1.7041795325
-0.3623263791
0.2471459302
-0.0998692534
-2.6302333856
3.5596768611
1.1460889937
0.5075989896
-0.9883936522
1.7893566743
-2.5955393457
0.3889822832
1.2696250016
0.6788659892
-2.9195489721
-0.7160987951
0.3792021261
-0.8538197612
-1.8639847391
1.4432727443
0.7252031602
-2.3222119256
4.6252969602
1.3216002206
-0.5748909324
-0.1055850653
2.8897300887
-2.1615082452
-0.8349838385
1.4980411349
-0.6961949634
2.3530480306
-0.2361674044
-4.6902116603
-0.4661654591
0.6171453899
-0.5539298700
1.3491983724
-0.9398409720
-2.6107253954
-0.4752148619
1.1980194792
1.3228415737
1.7278956101
0.5390982265
-1.9433992284
4.3822993181
-0.2575179432
0.7628440579
-0.6281638966
0.8400339647
2.7183699567
-0.0703440477
2.5528162779
1.0114677935
1.0988208274
-0.4126496805
-0.2392469302
-1.8660490921
1.1542482599
-0.4972506989
-0.8659981042
-2.0532278933
-2.5926608574
0.3615134218
0.5386667422
-0.9531327654
1.3584723136
0.7248801238
0.5695128112
1.5082211529
-1.9793642459
-0.5819332158
-0.2042072730
0.6388507063
-1.9058770120
-2.9275939732
0.5276760686
2.2529783364
0.7583701977
1.5186462846
-1.6196041616
0.0546507132
2.0506121114
-0.5563854140
0.5423439264
0.6283731093
1.7785876367
-0.6220867695
0.2688304452
0.5281389691
-0.2215837339
-1.6853717874
-0.8740018160
1.4250614526
1.7630726340
0.0728751597
-0.9821561924
-2.5391402426
1.5248941259
0.9166420336
-2.2737465597
-3.1002900928
0.1664451550
1.7241171315
-0.3323140970
-2.9635801454
0.4165425186
0.9063702676
-1.2052804096
-2.6116816394
0.0050807409
-0.5807986087
0.7745241193
-0.6830374019
-0.1177757183
0.9853354757
-0.3653470988
-0.3736665914
-2.0463253569
-0.5751295992
-0.8748894885
-1.5424822532
1.1369327003
3.9212476834
0.5116372895
-0.3534443976
1.9003967336
0.4103059094
1.9074403378
1.2258692151
2.1666854963
-1.1673389594
2.3187082081
-2.1634517074
-1.2160124492
1.7158743556
-0.7545954803
-0.1728193502
0.7868245120
-1.0198770910
-3.7977496380
2.0510427663
0.4460086643
-2.1095867738
-1.8722659700
0.6524879037
-0.3688293672
1.6016252725
-1.7838555605
-2.3451544066
-3.0773454224
0.4108843764
-2.2319085953
-0.5021815876
-0.0895778967
1.0714591507
0.8671000767
-3.5296858542
-5.4688678708
-2.7973873353
-0.9219477758
-0.8280524831
-2.0371516786
1.2256106765
1.4065978180
1.2513418093
0.3517022607
0.2113459182
4.6765721586
1.6090364971
1.0308290191
0.9887596154
-0.3291330992
1.0771821420
1.3033536206
1.0614420095
-0.2103516422
-1.3596110401
0.6464128267
-0.1832710354
-3.2525251223
-0.7806172729
-4.0331284129
0.2547186192
2.1452950930
-1.0952898926
-1.3168916363
1.2351614523
1.8916540536
-0.6609631429
0.5904564141
-0.4796524619
-3.1779248125
0.1486029261
0.3355235922
0.3208901654
-0.0593863830
2.4340926551
-0.3822701502
-1.2519180821
-0.2751113653
1.3155045848
0.8847716353
1.5823287223
3.8391106741
-0.3789506064
2.7901933788
0.5443573304
0.0044269969
-0.4186916927
0.0101945363
-1.8046725003
0.7552793951
-0.9475874373
0.4121984907
-4.5746764720
-1.5149289636
-1.9786217103
-0.9879300098
1.0208815000
3.2197558200
0.0481850915
2.0451059144
-4.3576322619
3.1969902308
-2.7444603996
-0.3423458884
-0.7831111544
1.3595267418
0.1561672575
2.2450102828
1.6267625704
-0.4258663975
4.1036394083
2.3521383496
0.0653054748
-0.2249896707
-1.1734312374
1.0866732752
-2.7828289317
-1.0243036827
-0.6259359764
-5.7917682139
-0.4310622105
0.1381794995
-4.4064525807
-1.5535217709
-2.8071903657
-3.4806409503
-1.8829918973
-0.1456661467
2.6723703699
0.4669142914
-0.5855475401
-0.7765241392
-0.3757611599
-1.6037042471
2.9153143027
0.3286216669
-0.8886226493
3.9336161980
3.5640935229
1.0790163386
-1.6697001548
-0.2080732947
-0.6978114089
0.2013920047
-0.2496554752
-2.1412687175
3.0600844436
0.9726958443
1.0847826755
1.5593561994
2.3166709084
0.2724569426
0.9284876441
0.1312418370
0.0941909156
-0.5443760983
1.5370098951
-1.0476905579
-3.0721460276
3.2864816679
-0.9059390893
1.2152505289
-1.4215449332
-0.1328316039
4.0865018872
-3.9655412484
1.5440601095
-1.7868405928
-0.7383003229
1.1864686931
-2.3799598893
-1.8498769654
1.1227436367
0.7877841646
-0.1818149609
4.6071498118
2.3657743748
0.3165221836
-0.0764267871
-1.6596970508
0.5581621191
-1.5350741845
-0.7090962212
1.9372243212
-2.7111573742
-0.3690525178
0.7044794489
0.5550291788
0.1151048764
-0.8503275859
-4.2161447060
-3.7302022512
-1.4654063642
1.0242348795
-2.3614588281
-0.3448325438
-0.7981543913
-0.7010649640
1.7563705895
1.0806303401
-0.6293875845
2.1944916841
1.0883010087
-1.2257172151
0.8797884612
1.0490958676
0.5266788530
-0.6425211037
-1.1835621903
-1.0964798563
0.9976135360
0.8050655134
-0.6554566057
-2.1388274324
-0.0228268829
2.0067972708
0.2424192089
2.0995120391
-1.6095861353
0.0833794308
3.8441628451
2.5804266802
-1.4868285166
-1.6550605264
-1.7019238488
-0.4149628296
-2.7653546200
-0.9924475093
1.2019428710
-0.5262556409
1.6549217904
-0.8328208319
1.7558492773
-2.2029553079
2.3244749837
0.5204763060
-1.5033513594
-1.5507628047
-0.2923022892
2.6197494351
0.4460732384
-3.2744137156
2.7962639960
-2.2633284943
-0.3361556019
0.9233142081
-1.1780668023
-0.7789481758
0.9965146913
-5.1751215695
0.5687994658
-0.5702187505
-0.9351737355
0.2531649991
1.7290786931
-0.6994909815
0.0537367215
-0.9660014699
1.9182878226
-2.4733052937
0.9764437610
-1.5675788575
1.1421122503
-4.7955878119
1.8162526312
0.4188043130
-0.2418134341
-1.4270577753
-3.0729837395
3.2082245838
1.6003917182
-0.7483594994
-1.4839742478
-5.1625102901
-0.4031351429
-1.5977351656
-1.0724012896
0.3152836194
3.3482771330
0.9400936837
2.2519626065
-0.3932140109
0.1892216986
-6.4524348559
0.5955722450
4.4923472356
0.5462599299
2.0377341792
-0.5736979144
3.4927014517
0.9675334846
-2.4284463275
-0.1489668659
0.0778162634
-1.1118373910
4.0675812870
1.6423973758
-1.2417074014
-1.9509005737
0.2207925824
-0.4489794433
0.0583835406
-0.7207316539
0.3917307091
0.0998119483
-0.1067508306
-2.3530085538
3.1784605679
1.4528191228
-0.4049141365
0.8331113087
-2.0315133963
-1.6740768584
-0.4228785582
-1.5402455326
-0.4130462327
0.6316540420
-2.4143023901
3.5147202150
0.7036402971
1.8258834718
-0.9221732365
-0.2626475365
1.6750076744
-2.2926443323
-2.0911295709
-0.8430435981
1.0244583458
-1.4158518775
1.8295259029
-0.9307536752
-1.4819923371
-1.8809432904
-4.4461207164
2.4702284510
-1.2799964643
1.7020986178
0.6551388292
-1.4693150470
0.0376074453
-1.9133837345
1.0116765929
0.6741103770
2.5304304082
-0.5882881445
1.2236949766
-0.0614285707
0.0172048025
-3.3221152528
-0.5473967289
2.4436507403
0.6629015360
-0.6973139490
2.3719266525
0.9087870086
-0.7776153823
-0.3711211684
-2.9265036715
-2.5100433847
0.2816893783
4.4719687501
1.2444568910
3.1466856316
-2.3444731741
1.1564683288
0.4086701790
2.1390238379
-0.7355796857
-0.8220585848
-0.0550689856
-0.3203328616
-0.8218423196
-0.4786454335
-0.7642024819
-0.4295725867
1.5208868757
1.5282660523
1.1274812261
-2.6672653249
-0.0206770288
0.6875465589
-0.3690540028
-5.5878319103
2.8665619910
-1.2016440120
-1.7078743214
0.7890923178
-1.7728300448
-0.2528813568
-2.4149560864
1.8157442826
-1.8762657844
0.7710255447
-1.7775708898
0.0218760373
1.5534500257
0.6456704380
-0.9256984267
-3.1149063058
-0.2942176099
1.4357645935
1.6123506424
2.3874972846
-1.3485014858
-0.6805312711
1.3269296238
-0.6069264832
-0.1714602229
-2.1434972658
-0.2429612363
1.9583443232
-0.2028312113
0.2453224739
0.7559404311
-0.7193593394
1.5599527599
-1.9791848269
1.9083170870
-0.5201065140
4.2213218904
0.6032581388
1.2641910666
1.1167840270
2.3866757871
1.4004911111
1.6417776774
-0.6697263941
-0.4861976255
-0.9371905798
-0.4340664054
-2.1326514842
-1.0039111789
0.2831168709
0.8664523806
0.8052355957
-0.6783016731
-1.5879977116
2.8336164944
-0.5506542010
1.1522801725
0.9123695702
-3.0045029043
4.0042430358
0.7676494531
-2.0567964324
0.7526872279
0.8676834611
-2.9578175218
-0.1489935975
0.3914401421
-2.3485436831
0.7461914195
0.4905354583
-0.3530653977
-1.1850783883
0.5274060387
-0.9370182430
-3.1296680916
-0.9221903950
1.7854416370
2.1354195689
4.3586039714
2.5532425594
-1.7872881747
-1.4873615854
0.7793673808
1.3615025008
-1.6286525183
-3.3944099578
-0.2551629812
3.2271895814
-1.1118907540
-1.8565957407
0.3255363295
-1.6641700198
1.2495359682
0.6944683568
-0.3936856782
1.9776686557
3.4038294058
-1.6703303761
-0.0169651254
-4.3769972886
-1.6645568483
1.5300980725
-0.5559755654
1.7565431559
1.1658523418
0.4643491044
-3.6210696744
1.0253970488
-3.0608464206
2.9597670617
5.1105577503
-3.6389405312
-7.0603657324
-1.8287808398
-3.3593661579
-0.9266203570
2.8926412425
2.8546814154
0.3085187412
0.3469032089
-2.2825909230
-1.2210461566
0.2868683374
7.3899466632
-0.9556935295
-4.9774008723
7.4569406841
-0.0111280565
0.7268887258
-5.5896139595
-8.8277305070
5.2632926031
-2.0161927973
2.1637155573
0.8304908928
0.8501327063
-1.2399336031
-1.4697935416
0.8041415814
2.3116754008
-2.8140170261
4.5211601647
4.5286368712
-4.9149589474
-0.2894594221
2.0915675025
1.1383215198
3.3843364327
-2.1746409583
-1.5554295353
-0.6939942982
0.5486524283
4.2283908407
3.2482379429
-1.1073688687
-7.7630964458
-3.9945681005
4.0806428301
1.2897895292
5.3343422679
-4.4959996089
-10.9269354545
2.4411147771
3.1097855189
15.5732669882
-1.5324365317
-3.0290823664
0.1761140384
3.2415005974
-1.6350768291
2.8304739458
2.1107865552
1.8305611182
-0.0753717864
-1.6110795094
1.1300209901
-1.5374074892
-1.2686764026
1.7423743440
-3.9061893436
-2.0597225315
-1.4394670397
0.7512064486
0.5394684624
-0.0576505352
-1.5911363634
-0.7879534907
-0.7345212286
0.2123187113
-1.1975869153
-0.8018596112
-0.4551868338
0.8553328912
-0.0722542285
-0.8968521985
-3.4550226289
0.8723211116
-0.3218086224
-0.9818521308
-2.1130555697
-0.9821666817
0.1286531726
-1.7025455012
-2.6857055419
0.5153413923
1.4708551887
0.4777378991
0.5906535847
-1.5415070350
-0.8549499794
1.8066834859
0.1415063910
0.8819197260
-1.6088042261
1.5860533999
2.7086046374
0.3093412590
-0.3066041840
-1.1135638648
-0.8004617729
-2.8045957672
0.0886167538
-0.7278986672
-0.5670859527
-1.0656992185
-0.7023239985
-2.1334120231
2.0982789454
-1.4407630126
5.1335158496
1.4194415404
0.9918661749
0.5816073569
-1.7642728801
3.3285897140
-0.2676163854
0.4231742632
-0.8934664958
