1651 2 0 0 0
1
1984
1120
-1120
-1440
86
880
248
-66
280
-98
-1056
-624
1184
1696
-424
-2112
-816
1568
1632
-456
-1376
-344
560
244
35
496
228
-1056
-1184
720
1984
392
-1952
-1504
944
1824
188
-1120
-592
264
94
-15
656
656
-816
-1632
33
1984
1184
-1376
-1952
164
1632
688
-720
-624
45
-110
-228
656
1056
-344
-1824
-752
1632
1824
-592
-1984
-528
1248
992
-312
-496
-21
-264
-528
456
1376
280
-1696
-1440
992
2112
212
-1760
-1056
752
992
23
-280
66
-312
-848
45
1504
976
-1312
-1952
228
1984
976
-1248
-1376
212
880
204
-66
264
-172
-1056
-496
1312
1568
-624
-2112
-624
1696
1504
-624
-1376
-236
592
212
51
496
140
-1120
-1056
912
1984
180
-1984
-1312
1056
1760
23
-1184
-496
296
78
15
688
560
-944
-1568
236
1984
992
-1504
-1824
360
1696
560
-816
-560
74
-122
-180
720
992
-496
-1824
-528
1824
1632
-816
-1984
-360
1376
880
-392
-488
-9
-296
-488
560
1376
114
-1824
-1248
1184
1984
-1
-1824
-944
880
992
-49
-264
62
-360
-848
180
1568
816
-1440
-1888
456
2112
752
-1376
-1312
328
880
156
-62
264
-248
-1056
-360
1440
1440
-848
-2112
-392
1824
1376
-784
-1376
-124
624
180
66
496
45
-1184
-976
1056
1952
-41
-1984
-1120
1248
1696
-132
-1184
-424
328
62
53
720
472
-1056
-1504
440
1984
784
-1696
-1696
560
1696
424
-880
-528
98
-132
-124
784
976
-656
-1824
-344
1888
1504
-992
-1952
-180
1440
784
-472
-456
-1
-328
-440
656
1376
-62
-1888
-1120
1376
1984
-220
-1888
-784
976
944
-118
-264
57
-408
-784
312
1568
624
-1632
-1760
656
2112
560
-1504
-1184
456
848
102
-55
248
-328
-1056
-220
1568
1312
-992
-2112
-180
1952
1184
-944
-1312
-13
624
156
86
496
-51
-1248
-816
1184
1888
-264
-2112
-976
1440
1568
-296
-1184
-344
360
51
90
752
376
-1120
-1376
624
1984
560
-1824
-1568
752
1696
280
-912
-488
118
-148
-74
848
880
-816
-1824
-132
1984
1312
-1184
-1888
5
1440
688
-528
-440
1
-344
-376
752
1312
-244
-1952
-944
1568
1888
-424
-1888
-624
1056
880
-180
-248
49
-456
-752
440
1568
472
-1760
-1632
880
2112
360
-1568
-1056
560
848
53
-47
236
-392
-1056
-66
1632
1184
-1184
-1984
45
1984
992
-1056
-1248
94
624
124
110
496
-148
-1248
-688
1376
1760
-488
-2112
-784
1568
1504
-456
-1184
-248
376
35
124
752
264
-1248
-1248
816
1984
360
-1952
-1440
912
1632
132
-944
-424
132
-156
-15
912
752
-976
-1760
78
1984
1120
-1376
-1824
196
1504
560
-592
-408
5
-360
-312
848
1248
-424
-1952
-720
1696
1760
-624
-1888
-472
1120
784
-244
-244
35
-496
-688
560
1568
264
-1824
-1440
1056
1984
156
-1632
-976
656
816
3
-35
212
-472
-1056
82
1696
992
-1376
-1952
1
1984
1120
-1120
-1440
114
944
264
-118
204
-110
-992
-528
1248
1568
-528
-2112
-688
1696
1568
-624
-1568
-296
752
376
-45
296
102
-944
-944
848
1888
124
-1984
-1312
1184
1888
-45
-1440
-624
528
408
-3
344
344
-784
-1248
344
1952
784
-1696
-1824
592
1952
496
-1184
-880
280
376
-3
360
560
-528
-1440
-220
1824
1376
-1120
-1984
-74
1824
992
-848
-992
35
312
-43
328
784
-172
-1504
-784
1440
1824
-488
-2112
-720
1504
1312
-424
-992
-180
212
-114
212
912
244
-1376
-1248
944
1984
220
-1952
-1312
992
1568
13
-912
-328
118
-196
45
976
656
-1120
-1696
328
2112
912
-1568
-1696
456
1568
424
-720
-424
43
-264
-164
880
992
-688
-1888
-328
1952
1504
-992
-1952
-132
1376
752
-488
-440
1
-328
-392
688
1312
-172
-1888
-976
1504
1888
-392
-1952
-688
1120
976
-220
-408
1
-328
-624
408
1440
392
-1696
-1504
944
2112
280
-1760
-1120
720
1056
35
-312
37
-264
-816
47
1440
944
-1312
-1952
264
2112
912
-1376
-1440
296
992
244
-212
106
-156
-912
-360
1312
1376
-752
-2112
-424
1888
1440
-848
-1568
-148
912
392
-114
180
13
-912
-752
976
1760
-124
-1984
-1056
1440
1824
-280
-1568
-528
688
472
-35
248
228
-816
-1056
528
1888
528
-1824
-1632
848
1984
312
-1376
-848
424
472
5
296
440
-592
-1312
1
1824
1120
-1376
-1984
188
1952
848
-992
-992
140
424
7
280
656
-296
-1440
-528
1568
1632
-752
-2112
-488
1632
1248
-624
-1056
-110
328
-27
228
816
70
-1376
-1056
1120
1984
-59
-1984
-1056
1248
1504
-156
-992
-312
212
-94
102
880
472
-1184
-1504
560
2112
624
-1760
-1568
688
1632
280
-880
-456
106
-164
-70
880
848
-848
-1760
-70
1984
1248
-1248
-1888
98
1568
656
-624
-496
23
-228
-264
720
1120
-376
-1888
-720
1696
1760
-656
-1984
-488
1312
944
-344
-496
-19
-264
-488
496
1376
164
-1760
-1312
1184
1984
19
-1888
-992
944
1056
-62
-440
-19
-248
-656
180
1440
720
-1440
-1760
528
2112
688
-1568
-1376
488
1120
188
-328
13
-172
-816
-188
1312
1184
-976
-1984
-156
1984
1248
-1056
-1632
21
992
392
-204
78
-51
-848
-560
1056
1568
-376
-2112
-848
1632
1696
-496
-1632
-424
848
496
-90
148
122
-816
-944
688
1824
264
-1952
-1440
1056
1952
86
-1504
-784
560
560
-5
204
312
-656
-1184
212
1824
912
-1568
-1888
456
1984
656
-1184
-992
264
528
35
228
496
-392
-1376
-328
1696
1440
-992
-2112
-228
1824
1120
-816
-1120
-17
440
35
204
688
-70
-1376
-848
1312
1888
-328
-2112
-880
1440
1504
-360
-1120
-264
312
1
124
784
296
-1248
-1312
784
1984
376
-1952
-1440
944
1696
122
-992
-456
188
-61
-1
816
656
-976
-1632
180
1984
992
-1504
-1824
344
1632
528
-784
