1651 2 0 0 0
1
2112
280
-2112
-528
1984
784
-1824
-992
1632
1120
-1376
-1248
1120
1312
-912
-1312
656
1248
-424
-1120
236
992
-74
-816
-35
624
94
-408
-98
196
45
1
57
-172
-204
296
392
-392
-592
440
816
-424
-992
344
1248
-220
-1440
47
1632
164
-1696
-408
1760
656
-1824
-944
1760
1184
-1632
-1440
1440
1632
-1248
-1824
992
1952
-784
-1984
496
1984
-228
-1984
-33
1888
264
-1760
-472
1568
624
-1376
-752
1120
784
-912
-784
656
752
-456
-624
264
488
-132
-296
39
106
1
106
13
-312
-82
496
204
-656
-360
816
560
-880
-784
912
992
-912
-1248
816
1504
-688
-1696
496
1888
-280
-1984
27
1984
244
-1984
-496
1984
784
-1952
-992
1824
1248
-1632
-1440
1376
1568
-1120
-1696
880
1696
-624
-1696
376
1568
-140
-1440
-49
1248
196
-1056
-296
880
344
-624
-328
424
264
-236
-156
66
1
57
188
-132
-392
156
592
-124
-816
41
992
94
-1184
-264
1312
488
-1376
-720
1440
992
-1376
-1248
1312
1504
-1184
-1696
992
1888
-784
-1984
528
2112
-264
-2112
-7
2112
280
-1984
-528
1952
752
-1760
-944
1568
1056
-1312
-1184
1056
1184
-816
-1184
560
1056
-360
-976
188
816
-55
-624
-27
424
57
-204
-31
1
-45
188
172
-344
-344
456
528
-496
-752
528
992
-488
-1184
392
1440
-244
-1568
45
1760
180
-1824
-440
1888
688
-1888
-976
1760
1248
-1632
-1440
1504
1696
-1248
-1824
992
1952
-752
-1984
488
1984
-212
-1952
-39
1824
264
-1632
-440
1440
560
-1184
-656
992
688
-752
-656
528
560
-344
-456
180
296
-66
-102
1
-106
11
312
29
-496
-124
688
264
-848
-456
976
656
-992
-912
992
1120
-976
-1376
880
1632
-720
-1824
496
1952
-280
-1984
19
2112
248
-2112
-528
1984
816
-1952
-992
1760
1248
-1568
-1440
1312
1504
-1056
-1568
816
1568
-560
-1568
328
1440
-124
-1248
-47
1056
172
-912
-244
688
248
-472
-228
248
132
-78
1
-66
-172
164
376
-220
-592
220
816
-156
-992
45
1184
114
-1376
-312
1440
528
-1504
-784
1568
1056
-1504
-1312
1376
1568
-1248
-1760
992
1952
-816
-1984
528
2112
-248
-2112
-15
2112
280
-1984
-528
1888
720
-1696
-912
1440
992
-1184
-1056
976
1056
-720
-992
496
944
-296
-784
148
624
-37
-424
-17
212
19
1
33
-196
-132
360
280
-496
-472
592
688
-624
-912
624
1120
-528
-1376
424
1568
-248
-1760
43
1888
204
-1952
-472
1952
752
-1952
-992
1824
1248
-1696
-1504
1504
1696
-1248
-1824
992
1888
-720
-1952
456
1888
-196
-1824
-43
1696
248
-1504
-408
1248
496
-1056
-560
848
560
-592
-528
408
424
-228
-280
90
98
1
102
-39
-312
21
528
47
-720
-164
880
328
-992
-528
1120
752
-1120
-992
1120
1248
-1056
-1504
944
1696
-752
-1888
528
1984
-280
-2112
11
2112
264
1
2112
264
-2112
-496
1984
752
-1888
-944
1696
1120
-1504
-1248
1248
1312
-992
-1312
784
1312
-560
-1248
360
1120
-188
-992
45
848
55
-656
-110
456
114
-248
-74
66
-9
98
132
-228
-296
328
488
-376
-688
392
880
-344
-1056
264
1248
-132
-1440
-35
1568
244
-1696
-472
1760
720
-1760
-976
1696
1184
-1568
-1440
1440
1632
-1248
-1824
1056
1952
-816
-1984
560
1984
-312
-1984
51
1984
188
-1888
-408
1760
592
-1568
-752
1376
848
-1120
-912
944
912
-720
-880
496
784
-344
-656
188
496
-82
-328
15
132
-1
62
27
-248
-102
424
220
-560
-376
688
560
-752
-752
784
976
-752
-1184
688
1376
-560
-1632
424
1760
-228
-1888
1
1984
244
-1984
-496
1984
752
-1952
-992
1888
1248
-1696
-1440
1504
1632
-1312
-1760
1056
1824
-816
-1824
560
1824
-312
-1760
86
1632
110
-1504
-264
1312
392
-1120
-472
912
496
-688
-472
488
408
-312
-296
156
156
-39
5
-35
-196
66
392
-49
-592
-13
784
124
-944
-264
1056
456
-1120
-656
1184
880
-1184
-1120
1184
1312
-1056
-1568
944
1760
-752
-1952
528
1984
-312
-2112
59
2112
204
-2112
-472
1984
720
-1952
-944
1824
1120
-1632
-1248
1376
1376
-1120
-1440
944
1440
-688
-1440
456
1312
-248
-1184
86
1056
45
-912
-132
688
180
-496
-172
296
122
-122
-27
-37
-102
164
264
-248
-456
296
656
-296
-848
244
1056
-140
-1248
3
1376
172
-1504
-376
1568
592
-1632
-848
1632
1056
-1568
-1312
1440
1568
-1312
-1760
1056
1952
-880
-1984
624
2112
-376
-2112
114
2112
140
-1984
-376
1888
592
-1760
-752
1568
912
-1312
-992
1120
992
-880
-992
656
976
-472
-880
280
720
-148
-560
49
392
5
-196
-13
1
-23
180
110
-344
-236
488
392
-592
-560
656
784
-656
-992
624
1184
-528
-1440
424
1568
-248
-1760
53
1888
172
-1952
-424
1952
688
-1952
-944
1888
1184
-1760
-1376
1568
1568
-1376
-1760
1120
1824
-912
-1888
624
1952
-392
-1888
140
1824
74
-1696
-264
1504
424
-1312
-528
1120
592
-912
-592
688
560
-488
-496
312
376
-164
-236
57
57
7
132
-29
-328
1
496
70
-688
-188
848
344
-976
-528
1056
752
-1056
-976
1056
1184
-992
-1440
912
1632
-752
-1824
560
1952
-360
-1984
114
2112
140
-2112
-408
2112
656
-1984
-912
1888
1120
-1696
-1312
1504
1440
-1248
-1504
992
1568
-816
-1568
560
1504
-344
-1440
140
1248
21
-1120
-140
944
228
-752
-248
528
244
-344
-180
164
78
-11
61
-106
-228
180
424
-220
-624
204
816
-140
-992
33
1184
114
-1312
-296
1440
496
-1504
-752
1504
992
-1504
-1184
1376
1440
-1248
-1696
1120
1888
-912
-1984
688
1984
-440
-2112
172
2112
86
-2112
-328
1984
560
-1888
-784
1696
944
-1504
-1056
1248
1120
-1056
-1120
816
1120
-592
-1056
392
976
