1651 2 0 0 0
1
1952
1696
-496
-1984
-1248
976
1984
752
-1312
-1824
-264
1504
1504
-164
-1504
-1056
488
1376
656
-656
-1056
-296
688
752
35
-560
-424
82
312
132
-45
1
45
-132
-312
-82
424
560
-35
-752
-688
296
1056
656
-656
-1376
-488
1056
1504
164
-1504
-1504
264
1824
1312
-752
-1984
-976
1248
1984
496
-1696
-1952
1
1952
1696
-496
-1984
-1248
976
1984
752
-1312
-1824
-264
1504
1504
-164
-1504
-1056
488
1376
656
-656
-1056
-296
688
752
35
-560
-424
82
312
132
-45
1
45
-132
-312
-82
424
560
-35
-752
-688
296
1056
656
-656
-1376
-488
1056
1504
164
-1504
-1504
264
1824
1312
-752
-1984
-976
1248
1984
496
-1696
-1952
1
1952
1696
-496
-1984
-1248
976
1984
752
-1312
-1824
-264
1504
1504
-164
-1504
-1056
488
1376
656
-656
-1056
-296
688
752
35
-560
-424
82
312
132
-45
1
45
-132
-312
-82
424
560
-35
-752
-688
296
1056
656
-656
-1376
-488
1056
1504
164
-1504
-1504
264
1824
1312
-752
-1984
-976
1248
1984
496
-1696
-1952
1
1952
1696
-496
-1984
-1248
976
1984
752
-1312
-1824
-264
1504
1504
-164
-1504
-1056
488
1376
656
-656
-1056
-296
688
752
35
-560
-424
82
312
132
-45
1
45
-132
-312
-82
424
560
-35
-752
-688
296
1056
656
-656
-1376
-488
1056
1504
164
-1504
-1504
264
1824
1312
-752
-1984
-976
1248
1984
496
-1696
-1952
1
1952
1696
-496
-1984
-1248
976
1984
752
-1312
-1824
-264
1504
1504
-164
-1504
-1056
488
1376
656
-656
-1056
-296
688
752
35
-560
-424
82
312
132
-45
1
45
-132
-312
-82
424
560
-35
-752
-688
296
1056
656
-656
-1376
-488
1056
1504
164
-1504
-1504
264
1824
1312
-752
-1984
-976
1248
1984
496
-1696
-1952
1
1952
1696
-496
-1984
-1248
976
1984
752
-1312
-1824
-264
1504
1504
-164
-1504
-1056
488
1376
656
-656
-1056
-296
688
752
35
-560
-424
82
312
132
-45
1
45
-132
-312
-82
424
560
-35
-752
-688
296
1056
656
-656
-1376
-488
1056
1504
164
-1504
-1504
264
1824
1312
-752
-1984
-976
1248
1984
496
-1696
-1952
1
1952
1696
-496
-1984
-1248
976
1984
752
-1312
-1824
-264
1504
1504
-164
-1504
-1056
488
1376
656
-656
-1056
-296
688
752
35
-560
-424
82
312
132
-45
1
45
-132
-312
-82
424
560
-35
-752
-688
296
1056
656
-656
-1376
-488
1056
1504
164
-1504
-1504
264
1824
1312
-752
-1984
-976
1248
1984
496
-1696
-1952
1
1952
1696
-496
-1984
-1248
976
1984
752
-1312
-1824
-264
1504
1504
-164
-1504
-1056
488
1376
656
-656
-1056
-296
688
752
35
-560
-424
82
312
132
-45
1
45
-132
-312
-82
424
560
-35
-752
-688
296
1056
656
-656
-1376
-488
1056
1504
164
-1504
-1504
264
1824
1312
-752
-1984
-976
1248
1984
496
-1696
-1952
1
1952
1632
-528
-2112
-1184
992
1984
720
-1376
-1824
-196
1568
1504
-264
-1632
-1056
624
1504
624
-816
-1184
-244
880
912
-45
-784
-528
196
560
248
-196
-264
-53
55
-19
-5
188
248
-82
-488
-376
296
784
344
-624
-992
-180
992
1120
-132
-1376
-1056
528
1632
848
-992
-1824
-488
1440
1824
11
-1824
-1568
496
1984
1248
-1056
-2112
-784
1504
1984
236
-1824
-1760
312
1984
1376
-784
-1984
-880
1120
1824
376
-1376
-1440
66
1376
1056
-408
-1312
-656
592
1056
296
-624
-752
-43
528
424
-82
-312
-140
57
33
-25
106
248
59
-376
-472
59
688
560
-312
-992
-528
656
1248
344
-1056
-1312
-17
1440
1312
-424
-1760
-1056
912
1952
720
-1376
-1952
-244
1824
1760
-296
-1984
-1440
848
2112
992
-1312
-1984
-456
1632
1824
-74
-1824
-1440
560
1824
992
-912
-1696
-496
1120
1376
94
-1184
-992
228
1056
656
-408
-848
-312
424
528
82
-312
-244
15
82
-5
35
204
148
-228
-488
-156
496
688
13
-848
-816
264
1184
752
-656
-1440
-560
1056
1568
204
-1504
-1504
248
1824
1312
-752
-1984
-976
1248
1984
488
-1696
-1952
66
1984
1632
-592
-2112
-1184
1056
1984
656
-1440
-1888
-140
1632
1504
-328
-1696
-1056
688
1504
624
-912
-1248
-220
944
944
-78
-848
-560
236
624
264
-244
-328
-66
110
43
1
132
196
-78
-424
-312
296
720
296
-592
-944
-132
976
1056
-172
-1312
-992
560
1632
784
-992
-1760
-424
1504
1760
-51
-1888
-1568
560
1984
1184
-1056
-2112
-720
1568
1984
172
-1888
-1760
376
1984
1312
-848
-1984
-848
1184
1824
328
-1440
-1504
122
1440
1056
-472
-1312
-656
656
1056
296
-720
-784
-21
592
456
-110
-376
-180
94
102
-1
62
180
37
-328
-408
70
624
496
-312
-944
-488
656
1184
296
-1056
-1248
29
1440
1248
-472
-1760
-992
944
1888
656
-1440
-1888
-172
1824
1760
-360
-1984
-1376
912
2112
944
-1376
-1984
-392
1696
1824
-140
-1888
-1440
624
1888
976
-992
-1696
-488
1184
1440
51
-1248
-1056
264
1120
656
-456
-912
-312
488
592
74
-376
-296
29
148
41
13
132
114
-196
-424
-124
488
624
-9
-816
-752
280
1120
688
-656
-1376
-496
1056
1504
148
-1504
-1440
296
1824
1248
-816
-1984
-912
1312
1984
408
-1760
-1888
132
1984
1568
-688
-2112
-1120
1120
1984
592
-1504
-1888
-82
1696
1504
-392
-1760
-1056
752
1568
592
-976
-1312
-188
992
976
-118
-912
-592
280
688
280
-296
-392
-74
164
102
1
70
132
-70
-360
-264
280
656
248
-592
-880
-98
944
976
-204
-1312
-944
592
1568
720
-1056
-1696
-360
1504
1696
-110
-1888
-1504
624
1984
1120
-1120
-2112
-656
1568
1984
102
-1888
-1696
440
1984
1248
-944
-1984
-784
1248
1824
280
-1504
-1504
180
1504
1056
-528
-1376
-656
720
1120
264
-784
