1651 2 0 0 0
1
1984
1184
-1248
-1888
132
1760
848
-1056
-1248
172
1056
392
-488
-424
57
66
-53
264
472
-204
-944
-360
1056
1120
-528
-1760
-472
1632
1504
-848
-2112
-408
1952
1504
-976
-1984
-236
1696
1184
-848
-1440
-66
1056
592
-472
-560
5
196
-1
132
392
-53
-784
-496
816
1184
-236
-1632
-752
1376
1696
-456
-2112
-784
1696
1824
-624
-2112
-624
1568
1440
-592
-1568
-344
1056
848
-392
-720
-90
296
90
35
280
49
-624
-560
560
1184
47
-1440
-992
1056
1824
-70
-1984
-1120
1376
1984
-228
-1984
-992
1376
1696
-312
-1696
-624
992
1056
-248
-880
-236
376
220
-17
148
102
-472
-592
344
1120
280
-1248
-1184
752
1824
296
-1824
-1440
1056
2112
180
-1984
-1312
1120
1888
29
-1696
-944
912
1248
-62
-976
-424
392
360
-23
11
102
-296
-560
156
992
472
-992
-1248
424
1760
624
-1568
-1696
688
2112
560
-1824
-1632
816
1984
392
-1632
-1248
720
1440
172
-992
-624
376
496
21
-114
53
-164
-472
-1
848
592
-784
-1312
110
1632
912
-1312
-1824
280
2112
976
-1568
-1888
440
1984
752
-1440
-1504
456
1568
440
-992
-848
280
656
118
-220
-37
-62
-360
-106
656
688
-528
-1248
-172
1440
1120
-976
-1888
-98
1984
1312
-1248
-1984
41
1984
1120
-1248
-1760
156
1568
720
-912
-992
148
784
248
-280
-156
-3
-228
-156
496
688
-296
-1184
-408
1248
1312
-624
-1888
-472
1760
1568
-912
-2112
-360
1888
1440
-976
-1888
-180
1568
992
-784
-1184
-33
880
424
-312
-296
3
-90
-156
328
656
-94
-1056
-592
992
1376
-296
-1824
-784
1504
1760
-496
-2112
-752
1696
1760
-624
-1984
-528
1504
1312
-560
-1376
-264
912
624
-280
-456
-37
37
-114
180
560
62
-912
-720
720
1440
21
-1696
-1056
1184
1952
-114
-1984
-1120
1440
1952
-248
-1984
-912
1312
1568
-312
-1440
-528
880
816
-204
-592
-124
140
-23
74
440
172
-688
-784
472
1376
296
-1440
-1248
848
1952
264
-1952
-1440
1056
2112
132
-1952
-1248
1056
1760
-5
-1504
-816
784
992
-66
-688
-248
212
94
13
296
228
-496
-784
228
1248
528
-1184
-1440
496
1952
624
-1696
-1696
720
2112
528
-1824
-1568
816
1888
328
-1504
-1056
624
1184
118
-784
-424
236
236
-1
164
228
-344
-752
19
1120
720
-944
-1504
156
1824
976
-1376
-1888
344
2112
944
-1568
-1824
456
1952
688
-1376
-1312
440
1312
344
-784
-592
204
376
39
33
180
-188
-656
-140
944
848
-656
-1504
-164
1632
1184
-1056
-1984
-62
1984
1248
-1248
-1984
82
1952
992
-1184
-1568
172
1376
592
-752
-816
124
496
124
-70
94
-74
-496
-248
720
912
-392
-1440
-456
1440
1440
-720
-1984
-456
1888
1568
-944
-2112
-312
1888
1376
-944
-1760
-132
1440
880
-656
-976
-7
592
248
-140
-23
-9
-376
-296
528
880
1
1984
1184
-1312
-1888
172
1824
848
-1120
-1312
228
1120
392
-592
-496
106
204
-1
156
312
-204
-784
-228
976
976
-624
-1568
-248
1632
1312
-992
-1984
-132
1984
1312
-1248
-1984
53
1952
992
-1184
-1568
180
1440
592
-816
-848
156
592
156
-164
-9
-53
-376
-172
624
752
-424
-1248
-296
1376
1248
-816
-1888
-248
1888
1376
-1120
-2112
-78
1984
1184
-1184
-1824
94
1696
848
-992
-1184
156
976
344
-456
-360
49
21
-62
296
472
-236
-944
-296
1056
1056
-624
-1696
-344
1696
1440
-976
-1984
-212
1984
1376
-1184
-1984
-23
1888
1056
-1056
-1504
114
1312
560
-688
-720
102
424
94
-21
140
-90
-560
-248
752
912
-424
-1440
-392
1440
1376
-816
-1984
-328
1888
1440
-1056
-2112
-156
1952
1248
-1120
-1760
23
1568
816
-848
-1056
102
816
296
-296
-212
5
-156
-140
424
624
-248
-1056
-392
1184
1248
-592
-1824
-424
1760
1504
-944
-2112
-296
1952
1440
-1056
-1984
-94
1760
1056
-976
-1376
53
1120
528
-528
-560
57
244
19
110
296
-118
-720
-344
848
992
-424
-1568
-488
1504
1504
-752
-1984
-424
1888
1568
-992
-2112
-236
1888
1248
-992
-1696
-37
1440
784
-720
-944
53
624
228
-172
-49
-21
-344
-228
528
784
-248
-1248
-488
1248
1376
-592
-1952
-496
1760
1568
-880
-2112
-376
1888
1440
-992
-1952
-156
1632
992
-848
-1312
1
976
472
-408
-424
23
62
-62
236
472
-124
-912
-440
944
1184
-408
-1696
-560
1568
1568
-720
-2112
-496
1888
1568
-912
-1984
-296
1760
1248
-912
-1632
-90
1248
720
-592
-816
17
456
140
-47
118
-37
-496
-328
624
944
-248
-1376
-592
1312
1504
-528
-1984
-592
1760
1696
-816
-2112
-456
1824
1440
-880
-1888
-220
1504
992
-720
-1120
-35
816
392
-280
-264
3
-114
-164
344
624
-124
-1056
-528
992
1312
-376
-1824
-656
1568
1696
-656
-2112
-592
1824
1632
-848
-1984
-360
1696
1248
-784
-1504
-132
1120
656
-472
-656
-3
264
51
66
280
-39
-688
-440
720
1056
-228
-1504
-688
1312
1632
-496
-1984
-688
1760
1760
-720
-2112
-496
1760
1440
-784
-1760
-264
1376
944
-592
-992
-62
624
296
-172
-94
1
-280
-264
440
816
-110
-1184
-656
1056
1440
-344
-1888
-784
1568
1760
-592
-2112
-656
1760
1632
-752
-1984
-424
1568
1184
-688
-1376
-164
976
592
-360
-488
-13
98
-55
172
456
-27
-848
-528
816
1248
-196
-1632
-784
1376
1696
-440
-2112
-784
1696
1760
-656
-2112
-560
1632
1440
-688
-1696
-296
1184
880
-496
-880
-74
472
204
-62
82
5
-456
-392
528
976
-78
-1312
-752
1120
1568
-280
-1952
-880
1568
1824
-496
-2112
-720
1696
1696
-656
-1888
-472
1440
1120
-560
-1248
-180
784
488
-248
-312
-9
-70
-172
264
624
-1
-992
-656
880
1376
-148
-1760
-912
1376
1824
-376
-2112
-880
1632
