1651 2 0 0 0
1
1984
1312
-992
-1824
-264
1184
880
-312
-592
-98
-7
-264
122
912
560
-944
-1504
51
1888
1248
-1120
-2112
-296
1824
1440
-688
-1632
-424
912
720
-124
-264
15
-236
-592
51
1120
880
-912
-1824
-220
1888
1568
-880
-2112
-560
1568
1504
-392
-1376
-488
592
496
-19
61
212
-392
-944
-102
1312
1184
-784
-1984
-496
1760
1760
-560
-1984
-784
1248
1440
-148
-1056
-456
312
212
-3
360
472
-456
-1248
-328
1440
1504
-592
-2112
-816
1568
1888
-280
-1888
-944
976
1248
31
-752
-328
94
-114
-82
624
784
-408
-1504
-592
1440
1760
-344
-2112
-1056
1376
1952
1
-1632
-992
656
992
124
-408
-124
-49
-456
-244
784
1056
-280
-1696
-912
1312
1984
-55
-1984
-1312
1056
1888
244
-1312
-976
392
752
132
-114
140
-102
-752
-488
880
1440
-90
-1824
-1184
1120
2112
244
-1888
-1440
752
1696
424
-992
-848
180
424
51
132
456
-62
-992
-752
880
1696
164
-1888
-1504
944
2112
528
-1632
-1504
456
1504
496
-720
-624
43
90
-122
312
784
62
-1248
-1056
816
1952
456
-1824
-1696
624
2112
752
-1376
-1504
196
1184
496
-424
-360
-1
-228
-360
408
1056
264
-1376
-1376
624
1984
752
-1632
-1888
344
1952
944
-1056
-1376
-3
880
424
-172
-41
45
-496
-656
392
1376
528
-1376
-1696
392
2112
1056
-1376
-1952
47
1760
992
-752
-1120
-132
560
244
-5
280
180
-688
-976
296
1632
848
-1312
-1952
110
1984
1248
-1120
-1952
-212
1440
992
-472
-912
-164
244
-5
74
624
392
-816
-1312
124
1760
1120
-1184
-1984
-188
1952
1440
-848
-1824
-408
1120
944
-236
-560
-114
-23
-312
66
912
656
-848
-1568
-114
1824
1440
-976
-2112
-488
1760
1568
-528
-1568
-528
816
752
-74
-244
31
-228
-624
-31
1120
976
-784
-1824
-392
1824
1696
-688
-2112
-720
1440
1568
-248
-1312
-560
528
496
-1
78
248
-344
-976
-212
1248
1312
-656
-1984
-688
1696
1888
-392
-1984
-944
1120
1440
-27
-992
-496
264
196
-15
360
528
-376
-1248
-472
1312
1568
-440
-1984
-992
1440
1952
-98
-1824
-1056
848
1248
124
-688
-344
70
-132
-124
592
848
-312
-1504
-752
1312
1888
-156
-1984
-1248
1184
1952
172
-1568
-1056
528
992
188
-376
-122
-43
-472
-312
752
1184
-156
-1696
-1056
1184
1984
132
-1984
-1440
912
1888
392
-1248
-992
296
720
164
-90
164
-62
-784
-560
816
1504
62
-1760
-1376
992
2112
440
-1824
-1568
592
1696
528
-944
-880
114
392
49
132
488
5
-992
-880
784
1760
328
-1760
-1632
752
2112
688
-1568
-1632
312
1440
592
-624
-624
5
66
-148
280
816
164
-1184
-1184
656
1952
624
-1696
-1824
456
1984
912
-1248
-1568
66
1120
560
-360
-344
-3
-236
-408
344
1120
392
-1312
-1504
472
1984
944
-1504
-1952
156
1952
1056
-944
-1376
-110
1
1984
1312
-992
-1824
-244
1248
912
-360
-656
-110
62
-180
124
816
456
-944
-1376
172
1888
1120
-1248
-1984
-106
1952
1376
-912
-1760
-296
1120
848
-280
-528
-82
-45
-312
124
944
560
-976
-1504
90
1888
1248
-1184
-2112
-212
1888
1376
-784
-1696
-360
992
784
-204
-408
-39
-148
-440
114
992
656
-976
-1632
1
1888
1312
-1120
-2112
-312
1824
1440
-688
-1568
-392
912
688
-132
-248
15
-244
-560
90
1120
784
-976
-1760
-94
1952
1440
-992
-2112
-408
1696
1440
-560
-1504
-424
752
592
-82
-122
82
-312
-688
51
1248
912
-976
-1824
-196
1888
1504
-944
-2112
-496
1632
1440
-472
-1376
-440
624
496
-41
15
164
-392
-848
1
1312
992
-944
-1952
-296
1888
1632
-816
-2112
-560
1504
1376
-360
-1248
-440
496
408
-13
148
248
-440
-976
-62
1376
1120
-880
-1984
-408
1888
1696
-720
-1984
-656
1376
1376
-264
-1120
-424
408
280
1
280
344
-488
-1120
-132
1440
1248
-816
-1984
-496
1824
1760
-592
-1984
-720
1248
1312
-188
-992
-392
296
156
1
408
456
-496
-1248
-220
1504
1376
-752
-2112
-624
1760
1760
-496
-1952
-784
1120
1248
-114
-880
-344
196
23
-11
528
560
-528
-1376
-312
1504
1504
-688
-2112
-720
1696
1824
-392
-1888
-816
992
1184
-51
-752
-280
102
-110
-39
624
688
-528
-1440
-408
1568
1632
-592
-2112
-816
1568
1824
-280
-1760
-848
912
1120
1
-592
-220
23
-248
-78
720
816
-496
-1568
-496
1568
1696
-496
-2112
-912
1504
1824
-188
-1696
-848
784
992
39
-472
-140
-43
-392
-132
816
944
-488
-1696
-624
1504
1824
-424
-2112
-992
1376
1824
-90
-1568
-848
656
912
62
-328
-47
-98
-528
-196
912
1056
-456
-1760
-720
1504
1888
-312
-2112
-1056
1248
1824
1
-1440
-848
560
784
74
-204
53
-140
-656
-264
976
1184
-408
-1824
-848
1440
1952
-212
-1984
-1120
1184
1760
82
-1312
-816
456
656
74
-74
164
-172
-784
-360
992
1312
-344
-1888
-976
1440
1984
-106
-1984
-1184
1056
1696
156
-1184
-784
360
528
61
43
280
-188
-944
-456
1056
1440
-264
-1952
-1056
1376
1984
1
-1952
-1248
944
1632
220
-1056
-720
264
408
31
148
408
-188
-992
-560
1056
1568
-188
-1952
-1184
1248
1984
106
-1888
-1312
848
1568
264
-976
-656
188
264
-7
248
528
-172
-1120
-656
1056
1696
-94
-1984
-1248
1184
1984
204
-1824
-1312
720
1504
296
-816
-560
124
132
-62
344
656
-148
-1248
-784
1056
1760
1
-1984
-1376
1120
1984
296
-1696
-1312
592
1376
328
-688
-488
70
-7
-132
424
816
-114
-1376
-912
1056
1888
102
-1984
-1440
992
1984
392
-1632
-1312
496
1248
344
-560
-392
29
-148
-212
496
944
-62
-1440
-992
992
1952
204
-1952
-1504
912
1984
472
-1504
-1312
408
1120
344
-456
-264
-1
-280
-296
528
1056
