1651 2 0 0 0
1
1984
816
-1504
-1120
624
848
-62
-102
86
-624
-688
880
1504
-488
-1984
-328
1984
1120
-1376
-1376
528
1056
19
-296
45
-408
-688
592
1504
-180
-1984
-656
1888
1376
-1184
-1632
344
1248
164
-472
-55
-220
-592
376
1376
98
-1888
-944
1696
1696
-976
-1888
118
1376
360
-592
-204
-62
-472
172
1248
328
-1696
-1184
1440
1888
-656
-1984
-156
1504
592
-688
-392
41
-312
27
1056
496
-1440
-1376
1120
1984
-360
-1984
-472
1504
848
-688
-592
86
-114
-61
880
624
-1120
-1504
816
1984
-21
-1984
-784
1504
1120
-656
-848
66
90
-86
624
688
-912
-1504
496
1984
312
-1984
-1056
1376
1376
-528
-1056
-11
280
-49
424
688
-624
-1504
196
1984
624
-1888
-1376
1184
1632
-360
-1248
-156
456
47
228
592
-392
-1376
-82
1888
944
-1696
-1632
976
1824
-132
-1376
-344
592
196
70
488
-188
-1248
-328
1696
1184
-1440
-1888
688
1984
140
-1504
-560
656
376
-35
312
-35
-1056
-496
1440
1376
-1120
-1984
376
1984
456
-1504
-848
688
592
-86
124
57
-880
-624
1184
1440
-848
-1984
43
1984
752
-1504
-1120
656
816
-70
-74
86
-656
-688
912
1504
-528
-1984
-296
1984
1056
-1376
-1376
528
992
5
-264
55
-440
-688
656
1504
-220
-1984
-624
1888
1376
-1184
-1632
376
1184
140
-456
-39
-244
-624
408
1440
66
-1888
-912
1696
1632
-992
-1824
148
1376
328
-560
-188
-78
-496
196
1248
312
-1696
-1120
1440
1888
-720
-1984
-124
1504
560
-656
-376
29
-328
43
1056
496
-1440
-1312
1184
1984
-392
-1984
-424
1504
816
-688
-560
82
-140
-53
880
624
-1184
-1440
880
1984
-62
-1984
-752
1504
1056
-656
-816
74
62
-86
656
688
-944
-1504
528
1984
264
-1984
-1056
1376
1376
-560
-992
1
248
-57
456
688
-656
-1504
236
1984
592
-1952
-1376
1248
1632
-392
-1184
-132
440
31
248
624
-424
-1440
-51
1888
912
-1696
-1632
992
1824
-164
-1376
-312
560
172
86
496
-212
-1312
-296
1696
1120
-1504
-1824
720
1984
106
-1504
-528
656
360
-25
344
-51
-1120
-488
1440
1312
-1184
-1984
424
1984
408
-1504
-816
688
560
-82
148
49
-912
-624
1184
1440
-880
-1984
86
1984
720
-1504
-1056
656
784
-74
-51
86
-688
-688
944
1504
-560
-1984
-248
1984
992
-1376
-1312
560
992
-5
-248
61
-472
-688
688
1504
-248
-1984
-560
1952
1312
-1248
-1568
408
1184
124
-424
-23
-264
-624
440
1440
33
-1888
-880
1760
1632
-992
-1824
180
1376
312
-560
-164
-98
-496
220
1312
280
-1696
-1120
1504
1824
-752
-1952
-86
1440
528
-656
-344
19
-344
61
1120
488
-1504
-1312
1184
1984
-440
-1984
-392
1504
784
-688
-560
78
-164
-45
912
624
-1248
-1440
912
1984
-106
-1984
-688
1504
1056
-656
-784
78
37
-86
688
688
-976
-1504
592
1984
236
1
1984
784
-1504
-1120
688
880
-86
-172
57
-560
-592
880
1440
-560
-1984
-204
1984
992
-1504
-1376
688
1184
-55
-496
-35
-248
-472
592
1248
-360
-1888
-392
1984
1184
-1440
-1632
624
1504
39
-816
-188
33
-264
376
1056
-172
-1696
-528
1824
1376
-1376
-1888
528
1696
188
-1056
-392
280
-15
172
784
-31
-1440
-624
1632
1440
-1184
-1984
376
1952
376
-1248
-624
488
264
27
488
57
-1184
-688
1376
1504
-992
-1984
188
1984
560
-1440
-912
624
592
-61
148
86
-880
-688
1120
1504
-784
-1984
-11
1984
816
-1504
-1120
688
912
-86
-188
53
-528
-592
848
1376
-560
-1984
-212
1984
992
-1504
-1440
688
1184
-49
-496
-43
-236
-456
592
1248
-344
-1888
-392
1984
1184
-1440
-1696
624
1504
47
-816
-196
51
-248
360
992
-164
-1696
-528
1824
1376
-1312
-1888
496
1760
196
-1056
-408
296
1
164
784
-23
-1440
-656
1632
1504
-1184
-1984
360
1952
376
-1312
-656
488
280
19
456
61
-1120
-688
1376
1504
-992
-1984
172
1984
592
-1440
-912
624
592
-62
124
86
-848
-688
1120
1504
-752
-1984
-25
1984
816
-1504
-1184
688
944
-86
-212
49
-528
-592
848
1376
-528
-1984
-228
1984
992
-1504
-1440
688
1248
-45
-528
-51
-220
-456
560
1248
-328
-1888
-408
1984
1184
-1440
-1696
624
1504
55
-848
-212
66
-244
344
992
-156
-1696
-560
1824
1376
-1312
-1888
496
1760
204
-1056
-424
312
15
156
752
-17
-1440
-656
1632
1504
-1184
-1984
344
1952
392
-1312
-656
496
312
11
440
62
-1120
-688
1376
1504
-976
-1984
164
1984
592
-1440
-944
624
624
-66
106
86
-816
-656
1056
1504
-752
-1984
-37
1984
848
-1504
-1184
688
944
-86
-236
45
-496
-592
816
1376
-528
-1984
-236
1984
1056
-1504
-1440
688
1248
-41
-560
-61
-196
-440
560
1248
-312
-1888
-424
1952
1248
-1440
-1696
624
1504
62
-848
-220
82
-228
328
992
-140
-1696
-560
1824
1376
-1312
-1888
496
1760
220
-1120
-440
328
33
140
720
-9
-1376
-656
1568
1504
-1120
-1984
344
1952
408
-1312
-688
496
328
5
424
66
-1120
-688
1312
1504
-976
-1984
148
1984
624
-1440
-944
624
624
-70
86
86
-816
-656
1056
1504
-720
-1984
-51
1984
848
-1504
-1184
688
976
-86
-248
39
-488
-560
816
1376
-496
-1984
-248
1984
1056
-1504
-1440
688
1248
-35
-560
-66
-180
-424
528
1184
-312
-1888
-424
1952
1248
-1440
-1696
624
1568
70
-880
-236
98
-212
312
992
-132
-1632
-560
1824
1376
-1312
-1888
496
1760
228
-1120
-456
328
51
132
720
-3
-1376
-656
1568
1504
-1120
-1984
328
1952
424
-1312
-688
496
344
1
392
70
-1056
-688
1312
1504
-944
-1984
140
1984
624
-1440
-976
624
656
-74
62
86
-784
-656
1056
1504
-720
-1984
-62
1984
880
-1504
-1248
688
976
