1651 2 0 0 0
1
1984
944
-1184
-1056
244
312
-39
624
752
-880
-1760
212
2112
848
-1568
-1312
528
912
43
78
328
-688
-1312
360
1984
624
-1824
-1440
880
1376
1
-496
-13
-344
-816
424
1760
392
-1952
-1376
1184
1760
-156
-1056
-248
114
-280
344
1248
164
-1824
-1184
1376
1888
-392
-1568
-360
624
188
124
720
-3
-1568
-912
1504
1824
-624
-1952
-328
1184
560
-212
132
-66
-1056
-592
1440
1632
-848
-2112
-188
1632
784
-624
-440
-3
-528
-296
1184
1248
-992
-1984
11
1984
880
-1056
-912
180
90
-82
816
880
-992
-1888
228
2112
816
-1504
-1184
472
688
17
280
456
-816
-1440
408
2112
624
-1824
-1376
816
1184
-5
-312
94
-496
-976
488
1888
408
-1952
-1376
1120
1632
-148
-912
-164
-62
-456
424
1440
164
-1952
-1184
1376
1824
-376
-1440
-296
472
23
236
944
-11
-1696
-944
1568
1824
-624
-1824
-280
992
424
-86
344
-94
-1248
-624
1568
1632
-880
-1984
-172
1504
688
-496
-236
-53
-752
-344
1376
1376
-992
-1984
23
1888
784
-976
-720
118
-132
-122
992
976
-1056
-1952
244
2112
752
-1376
-1056
392
488
1
496
560
-944
-1568
440
2112
624
-1760
-1312
720
992
-7
-90
196
-656
-1120
528
1952
392
-1952
-1312
1056
1440
-132
-688
-78
-244
-624
496
1632
164
-1984
-1184
1376
1696
-360
-1248
-236
264
-132
344
1120
-23
-1824
-976
1568
1824
-624
-1696
-248
848
280
45
528
-124
-1440
-688
1632
1696
-880
-1984
-148
1376
560
-360
-33
-102
-976
-392
1504
1440
-1056
-1984
35
1824
720
-816
-528
49
-360
-156
1184
1056
-1120
-1984
248
1984
720
-1248
-944
312
264
-19
688
656
-1056
-1696
456
2112
592
-1696
-1184
656
848
-5
124
296
-816
-1248
560
1984
392
-1952
-1248
992
1312
-118
-488
5
-424
-784
592
1760
164
-1984
-1184
1376
1632
-328
-1056
-164
82
-296
456
1248
-35
-1952
-992
1568
1760
-592
-1568
-212
656
132
180
752
-156
-1632
-720
1696
1696
-880
-1888
-124
1184
456
-220
164
-156
-1120
-424
1632
1440
-1056
-1984
47
1696
624
-688
-360
-23
-560
-188
1312
1120
-1184
-1984
264
1984
656
-1120
-784
228
41
-35
912
752
-1120
-1760
488
2112
560
-1568
-1056
560
624
-1
344
392
-976
-1376
624
2112
376
-1888
-1184
976
1120
-98
-264
90
-592
-944
656
1888
156
-1984
-1120
1312
1504
-296
-880
-106
-110
-456
560
1440
-51
-1984
-992
1568
1696
-560
-1376
-172
456
-7
312
944
-180
-1760
-752
1760
1696
-848
-1824
-110
992
328
-66
360
-204
-1312
-456
1696
1504
-1056
-1984
55
1504
528
-528
-180
-98
-784
-212
1504
1184
-1248
-1984
264
1952
592
-992
-624
140
-180
-49
1056
848
-1248
-1824
496
2112
528
-1504
-976
472
424
1
560
488
-1056
-1504
656
2112
360
-1888
-1120
880
976
-74
-45
164
-752
1
1984
944
-1184
-1056
264
360
-23
560
688
-912
-1696
296
2112
720
-1696
-1312
656
992
13
-82
212
-624
-1120
496
1952
424
-1952
-1312
1120
1504
-148
-784
-114
-156
-528
496
1504
94
-1952
-1120
1504
1760
-472
-1440
-228
472
19
264
880
-132
-1696
-784
1696
1696
-848
-1888
-122
1120
408
-172
220
-180
-1184
-392
1632
1440
-1184
-1984
140
1696
560
-752
-376
-7
-496
-102
1312
992
-1312
-1888
472
1984
496
-1312
-816
360
188
13
784
528
-1248
-1568
752
2112
264
-1824
-992
848
816
-82
78
172
-880
-1056
880
1952
-45
-2112
-944
1376
1248
-376
-624
-21
-328
-496
784
1504
-328
-2112
-688
1760
1440
-784
-1248
-1
360
-62
472
912
-472
-1824
-360
1952
1312
-1184
-1632
212
1056
204
-74
312
-408
-1312
-49
1888
1056
-1568
-1824
560
1632
248
-720
-204
-110
-624
132
1504
688
-1696
-1632
912
1952
98
-1376
-528
376
29
124
944
312
-1504
-1312
1184
1984
-196
-1888
-624
944
592
-106
244
59
-1120
-880
1248
1824
-496
-2112
-496
1504
944
-496
-456
1
-496
-408
1056
1376
-752
-2112
-228
1952
1056
-992
-992
148
204
-82
688
880
-848
-1824
90
2112
944
-1504
-1376
488
912
55
70
344
-656
-1312
344
1984
656
-1824
-1440
912
1440
-17
-624
-66
-264
-688
424
1632
296
-1952
-1312
1312
1760
-264
-1248
-280
312
-98
296
1056
11
-1760
-992
1568
1824
-624
-1824
-264
976
376
-55
376
-124
-1312
-592
1632
1568
-976
-1984
-62
1568
624
-560
-264
-53
-688
-236
1376
1184
-1184
-1984
248
1984
656
-1120
-784
228
37
-27
912
720
-1184
-1696
560
2112
488
-1696
-1056
656
720
-23
244
280
-944
-1248
752
1984
180
-1984
-1056
1120
1184
-228
-488
3
-456
-688
752
1696
-124
-2112
-912
1632
1504
-592
-1120
-74
196
-172
496
1056
-344
-1888
-592
1888
1504
-992
-1632
53
880
188
55
472
-360
-1440
-244
1888
1248
-1376
-1888
344
1504
344
-528
-110
-172
-816
17
1632
912
-1568
-1824
688
1952
264
-1184
-528
236
-118
102
1056
488
-1504
-1504
992
1984
23
-1760
-720
784
496
-29
408
164
-1184
-1056
1120
1952
-296
-1984
-656
1312
944
-360
-312
5
-656
-560
1056
1568
-560
-2112
-456
1824
1120
-816
-944
61
41
-172
752
1056
-720
-1952
-132
1984
1120
-1312
-1376
312
752
62
212
488
-656
-1504
156
1984
880
-1696
-1568
688
1376
86
-456
5
-344
-880
328
1760
496
-1888
-1504
1056
1760
-94
-1120
-296
164
-236
296
1184
180
-1760
-1184
1376
1888
-408
-1696
-376
784
312
33
528
-35
-1376
-784
1504
1760
-752
-1984
-248
1376
656
-408
-140
-62
-848
-392
1376
1376
-992
-2112
19
1888
784
-976
-720
124
-122
-102
992
912
-1120
-1888
344
2112
656
-1504
-1056
496
560
-1
392
440
-944
-1440
592
2112
408
