1651 2 0 0 0
1
1984
1504
-784
-1984
-752
1248
1568
23
-1248
-880
392
880
264
-328
-248
-1
-124
-248
188
752
392
-752
-1184
-66
1440
1248
-624
-1952
-880
1376
1984
132
-1952
-1632
656
1984
880
-1184
-1696
-124
1312
992
-360
-992
-376
392
392
17
1
164
-122
-624
-392
624
1120
148
-1312
-1312
488
1888
976
-1248
-1984
-264
1888
1696
-528
-1984
-992
1184
1824
244
-1376
-1120
312
1056
488
-440
-528
-53
114
-62
62
488
360
-496
-992
-212
1184
1248
-360
-1824
-1056
1120
1984
392
-1824
-1824
424
1984
1120
-1056
-1888
-360
1376
1312
-248
-1184
-592
472
656
102
-220
-51
-23
-344
-328
392
944
264
-1056
-1248
244
1696
1056
-992
-1984
-496
1696
1888
-280
-1984
-1248
992
1952
496
-1376
-1440
180
1248
720
-488
-784
-164
312
172
-1
212
264
-296
-816
-296
912
1184
-132
-1568
-1120
880
1984
624
-1632
-1952
156
1984
1376
-944
-1984
-624
1376
1568
-90
-1376
-848
472
944
248
-392
-296
3
-78
-196
204
688
312
-784
-1120
35
1440
1184
-720
-1952
-752
1504
1952
-21
-1984
-1504
816
1984
752
-1312
-1696
-7
1440
992
-456
-1056
-344
472
440
3
-47
114
-124
-560
-312
656
1056
49
-1312
-1184
592
1888
848
-1376
-1984
-114
1952
1632
-688
-2112
-912
1312
1760
122
-1440
-1120
424
1120
456
-496
-560
-33
164
-15
66
440
296
-528
-976
-122
1184
1184
-472
-1760
-912
1248
1984
244
-1888
-1696
560
2112
992
-1248
-1888
-244
1504
1248
-360
-1248
-560
528
688
74
-264
-90
-21
-296
-264
408
880
172
-1056
-1120
344
1696
976
-1056
-1984
-376
1824
1760
-456
-2112
-1120
1120
1952
360
-1504
-1376
296
1376
688
-560
-848
-132
376
212
-5
156
212
-296
-752
-220
944
1120
-236
-1568
-992
976
1952
488
-1696
-1824
312
2112
1248
-1056
-1984
-496
1504
1504
-212
-1440
-816
560
976
212
-456
-328
19
-27
-148
212
624
244
-784
-1056
132
1440
1056
-848
-1888
-592
1568
1888
-180
-1984
-1376
976
1984
624
-1440
-1632
114
1504
944
-560
-1056
-296
528
472
-15
-98
66
-132
-496
-244
656
992
-45
-1312
-1056
688
1824
688
-1440
-1952
41
1984
1504
-848
-2112
-784
1440
1760
-5
-1568
-1056
528
1184
408
-592
-592
-3
220
23
62
376
236
-528
-912
-31
1184
1056
-560
-1760
-784
1312
1952
90
-1952
-1568
720
2112
912
-1376
-1888
-110
1568
1184
-472
-1312
-496
624
720
43
-328
-124
-11
-244
-204
424
816
94
-1056
-1056
456
1696
848
-1184
-1952
-220
1888
1696
-592
-2112
-992
1248
1952
236
-1568
-1312
408
1376
624
-656
-880
-98
440
244
-23
110
164
-312
-688
-140
944
992
-328
-1568
-912
1056
1888
344
-1760
-1760
472
2112
1120
-1184
-1984
-360
1568
1504
-328
-1504
-752
656
992
164
-528
-360
43
23
-102
212
560
164
-816
1
1984
1504
-816
-1984
-720
1312
1568
-23
-1376
-912
456
976
280
-440
-360
5
1
-132
164
592
264
-688
-992
61
1376
1056
-752
-1824
-624
1504
1888
-132
-1984
-1440
976
2112
656
-1504
-1760
140
1632
992
-656
-1312
-344
752
688
-57
-392
-132
5
-188
-110
456
656
-106
-1056
-816
688
1568
472
-1440
-1696
248
1984
1312
-1056
-2112
-528
1696
1824
-280
-1888
-1056
912
1568
344
-1056
-992
148
784
360
-220
-220
-3
-140
-312
98
752
528
-592
-1248
-296
1312
1440
-344
-1888
-1120
1120
1984
424
-1824
-1824
440
1984
1056
-1056
-1824
-312
1376
1184
-280
-1120
-528
472
592
66
-196
-23
-39
-360
-280
456
912
164
-1056
-1120
392
1696
912
-1120
-1952
-264
1824
1696
-560
-2112
-1056
1248
1952
228
-1632
-1376
456
1440
624
-720
-976
-82
560
328
-70
-37
74
-228
-528
-62
816
848
-392
-1440
-720
1120
1760
132
-1824
-1568
688
2112
944
-1440
-1984
-110
1824
1440
-624
-1760
-688
992
1248
43
-912
-592
228
440
98
-31
140
5
-496
-528
344
1056
496
-992
-1440
-7
1696
1376
-752
-1984
-816
1504
1984
-21
-1984
-1440
816
1952
688
-1248
-1504
37
1248
816
-424
-848
-228
328
236
-1
132
236
-228
-720
-296
816
1120
-78
-1440
-1120
784
1888
624
-1568
-1888
156
1984
1376
-976
-1984
-624
1504
1696
-156
-1568
-976
624
1184
296
-656
-560
47
248
39
62
328
140
-560
-784
124
1184
880
-784
-1696
-472
1504
1760
-280
-1984
-1312
1056
2112
528
-1696
-1760
296
1824
992
-848
-1504
-312
976
880
-140
-624
-264
140
70
-27
264
440
-124
-880
-592
688
1376
312
-1376
-1504
376
1952
1120
-1184
-2112
-392
1824
1760
-456
-1984
-1056
1056
1760
280
-1248
-1120
264
992
456
-392
-472
-43
66
-94
74
496
360
-528
-992
-172
1184
1184
-440
-1760
-944
1184
1984
248
-1888
-1696
592
2112
992
-1248
-1888
-196
1568
1248
-440
-1376
-560
656
816
61
-424
-220
27
-110
-140
328
656
66
-944
-944
440
1504
720
-1184
-1824
-118
1888
1568
-720
-2112
-944
1440
1984
86
-1824
-1376
624
1696
624
-944
-1120
-27
784
496
-180
-296
-39
-70
-280
-5
624
624
-392
-1184
-528
1056
1504
-5
-1760
-1376
816
2112
784
-1568
-1984
41
1952
1440
-816
-1888
-624
1184
1376
-49
-1120
-720
376
688
172
-228
-94
-3
-264
-328
296
880
344
-912
-1248
102
1568
1120
-848
-1984
-624
1632
1888
-180
-1984
-1376
976
1984
592
-1440
-1568
164
1440
880
-592
-1056
-248
528
440
-35
-110
53
-140
-488
-180
688
912
-156
-1312
-912
848
1760
472
-1568
-1760
296
1984
1248
-1120
-2112
-496
1696
1696
-296
-1760
-976
816
1376
264
-880
-752
124
496
180
-66
74
57
-392
-560
164
992
656
-752
-1504
-312
1504
1568
-408
-1984
-1120
1184
2112
376
