1651 2 0 0 0
1
2112
992
-1568
-1824
624
1984
408
-1824
-1248
1056
1760
-180
-1696
-656
1248
1184
-560
-1376
-124
1120
624
-656
-816
164
720
188
-456
-296
156
204
1
1
51
-156
-264
124
528
124
-656
-528
528
976
-114
-1184
-496
1056
1120
-592
-1568
-164
1632
992
-1184
-1696
408
1984
592
-1760
-1504
992
1984
-7
-2112
-992
1568
1824
-656
-2112
-408
1888
1312
-1120
-1824
204
1824
688
-1376
-1312
624
1504
140
-1248
-720
784
992
-212
-944
-244
624
456
-248
-408
-1
204
51
1
90
-62
-312
-82
472
408
-424
-784
98
992
440
-976
-992
528
1440
140
-1504
-944
1120
1632
-392
-1952
-560
1696
1440
-992
-1984
15
1984
992
-1568
-1824
656
2112
408
-1952
-1376
1184
1888
-220
-1952
-720
1504
1376
-688
-1632
-148
1440
816
-912
-1120
248
1120
296
-784
-592
360
592
-3
-408
-148
156
90
1
106
39
-280
-264
296
592
-82
-816
-360
816
880
-488
-1248
-124
1376
848
-1056
-1504
360
1824
528
-1632
-1376
992
1952
-23
-1984
-992
1568
1824
-656
-2112
-408
1952
1376
-1248
-1952
236
1984
752
-1568
-1504
752
1760
148
-1568
-912
992
1312
-296
-1248
-344
944
720
-456
-784
7
592
248
-312
-264
66
106
1
94
132
-188
-392
61
624
280
-656
-720
424
1056
102
-1184
-752
976
1376
-344
-1696
-496
1568
1312
-944
-1888
31
1984
976
-1568
-1760
656
2112
408
-1952
-1376
1248
1984
-248
-1984
-784
1632
1568
-816
-1888
-156
1696
976
-1120
-1440
328
1440
392
-1056
-848
560
976
-15
-816
-344
472
440
-132
-312
-39
94
1
62
196
-37
-424
-196
496
560
-344
-912
-82
1056
656
-848
-1184
312
1504
456
-1440
-1248
912
1824
-37
-1888
-944
1504
1760
-656
-2112
-392
1952
1376
-1248
-1984
248
2112
784
-1696
-1632
848
1984
156
-1824
-992
1184
1568
-376
-1632
-424
1248
976
-656
-1120
23
992
440
-592
-592
204
528
74
-280
-132
62
1
11
212
118
-344
-408
248
720
62
-880
-560
752
1056
-280
-1376
-408
1312
1120
-848
-1696
43
1824
880
-1440
-1696
656
1984
376
-1952
-1376
1248
1984
-264
-2112
-816
1760
1632
-880
-1984
-156
1888
1056
-1248
-1632
408
1760
456
-1376
-1056
720
1312
-33
-1184
-496
752
784
-264
-720
-110
488
264
-188
-196
11
1
-39
172
244
-172
-496
-47
688
456
-624
-912
248
1184
344
-1184
-992
784
1568
-45
-1696
-816
1376
1568
-624
-1984
-360
1888
1312
-1248
-1984
280
2112
784
-1760
-1696
912
1984
148
-1952
-1120
1312
1760
-440
-1888
-488
1504
1184
-816
-1440
43
1312
592
-912
-944
328
912
140
-656
-392
312
392
-41
-212
-39
1
-82
90
312
29
-496
-344
488
720
-212
-992
-296
992
912
-688
-1376
47
1568
752
-1312
-1504
592
1888
328
-1824
-1248
1248
1952
-280
-2112
-784
1760
1
2112
992
-1568
-1824
656
1984
360
-1888
-1248
1184
1760
-264
-1824
-592
1376
1184
-720
-1440
-35
1248
624
-848
-944
296
944
164
-656
-424
328
440
-45
-264
-62
62
-15
51
212
15
-392
-264
424
592
-212
-880
-220
944
752
-688
-1184
132
1440
592
-1248
-1312
688
1760
140
-1760
-1056
1312
1760
-496
-1984
-496
1888
1440
-1120
-1984
156
2112
912
-1696
-1696
816
1984
212
-1952
-1120
1312
1696
-408
-1824
-488
1504
1120
-816
-1440
66
1376
560
-944
-944
392
976
114
-752
-408
392
472
-82
-328
-66
114
23
31
156
-3
-344
-204
408
528
-248
-816
-140
912
656
-720
-1120
228
1376
472
-1312
-1184
784
1696
5
-1824
-912
1440
1696
-624
-1984
-376
1952
1312
-1248
-1984
312
2112
752
-1760
-1632
976
1984
61
-1984
-992
1440
1696
-560
-1888
-360
1568
1056
-944
-1440
180
1376
496
-992
-912
472
992
51
-816
-392
472
496
-124
-376
-62
164
59
3
98
-17
-296
-156
392
456
-264
-752
-70
912
560
-752
-1056
312
1376
360
-1312
-1056
880
1632
-122
-1824
-784
1504
1568
-752
-1984
-220
1952
1184
-1376
-1952
472
2112
592
-1888
-1504
1056
1984
-90
-1984
-912
1504
1632
-688
-1888
-244
1632
992
-1056
-1440
296
1440
424
-1120
-880
560
992
-15
-880
-376
528
496
-180
-440
-53
220
86
-27
47
-23
-244
-114
360
392
-296
-688
-5
880
488
-784
-976
392
1312
248
-1312
-976
976
1568
-244
-1760
-624
1568
1440
-880
-1984
-66
1984
1056
-1504
-1824
624
2112
456
-1952
-1376
1248
1984
-244
-1984
-784
1632
1568
-848
-1888
-110
1760
944
-1184
-1440
408
1504
328
-1184
-848
656
1056
-94
-944
-344
592
528
-236
-488
-33
280
110
-66
-1
-21
-188
-74
328
328
-296
-624
49
848
392
-784
-912
456
1248
148
-1312
-848
992
1440
-360
-1760
-496
1632
1312
-992
-1952
78
1984
944
-1632
-1760
752
2112
280
-1984
-1248
1376
1952
-392
-2112
-624
1760
1440
-976
-1888
25
1824
848
-1248
-1376
528
1568
236
-1248
-816
752
1056
-172
-992
-296
688
528
-296
-528
-3
344
124
-114
-51
-11
-132
-43
296
264
-312
-560
98
784
312
-816
-816
496
1184
49
-1312
-752
1056
1376
-472
-1696
-376
1632
1184
-1056
-1888
228
1984
784
-1696
-1632
912
2112
132
-1984
-1120
1504
1888
-528
-2112
-496
1824
1376
-1056
-1888
164
1888
720
-1376
-1312
656
1568
132
-1376
-752
880
1056
-264
-1056
-248
752
528
-360
-560
29
392
132
-164
-90
5
-78
-19
248
212
-296
-496
132
752
244
-784
-720
560
1120
-45
-1312
-624
1120
1248
-560
-1696
-244
1696
1056
-1184
-1760
360
1984
624
-1760
-1504
992
1984
-21
-2112
-992
1568
1824
-688
-2112
-344
1952
1248
-1248
-1824
312
1888
624
-1504
-1312
784
1568
23
-1440
-688
976
1056
-360
-1056
-188
