1651 2 0 0 0
1
2112
656
-1760
-1056
1120
1120
-496
-848
82
296
-1
296
296
-720
-880
816
1504
-496
-1952
-82
2112
752
-1888
-1312
1312
1504
-656
-1312
114
880
124
-248
17
-264
-488
496
1120
-344
-1632
-140
1952
816
-1824
-1440
1376
1760
-720
-1760
98
1376
280
-784
-296
180
-49
180
624
-188
-1184
-172
1632
784
-1632
-1440
1312
1888
-720
-1984
41
1760
472
-1184
-624
592
424
-102
86
-62
-688
-148
1184
688
-1376
-1312
1120
1888
-624
-2112
-37
1984
624
-1568
-944
912
880
-344
-488
23
-114
-82
656
496
-992
-1120
944
1696
-496
-2112
-122
2112
784
-1760
-1184
1120
1312
-496
-992
62
472
39
124
236
-560
-784
656
1440
-376
-1888
-196
1984
880
-1824
-1376
1248
1632
-592
-1504
55
992
204
-408
-78
-122
-376
360
992
-236
-1568
-236
1824
880
-1760
-1504
1248
1888
-624
-1888
5
1504
392
-912
-424
296
98
86
472
-114
-1056
-236
1440
848
-1504
-1504
1184
1952
-592
-1984
-70
1824
592
-1312
-784
656
592
-164
-90
-21
-496
-172
992
688
-1184
-1312
992
1888
-496
-2112
-156
1984
752
-1568
-1056
944
1056
-360
-656
23
66
-61
496
456
-848
-1056
784
1696
-392
-1984
-244
1984
912
-1760
-1376
1120
1440
-488
-1184
23
656
102
-37
148
-408
-688
528
1312
-264
-1824
-296
1952
976
-1760
-1504
1184
1760
-528
-1632
-19
1184
296
-560
-196
11
-244
248
848
-140
-1376
-312
1696
976
-1632
-1568
1184
1952
-528
-1952
-98
1568
496
-992
-560
392
248
1
312
-53
-912
-264
1312
848
-1376
-1504
1056
1984
-488
-2112
-188
1888
720
-1376
-944
720
752
-204
-264
1
-344
-172
848
656
-1056
-1312
880
1888
-392
-2112
-280
1984
912
-1568
-1248
976
1184
-360
-848
3
248
-17
328
392
-656
-992
656
1632
-264
-1984
-360
1984
992
-1696
-1504
1056
1632
-456
-1312
-33
816
180
-196
53
-264
-560
408
1184
-156
-1696
-392
1888
1056
-1696
-1632
1120
1888
-472
-1760
-110
1312
408
-688
-328
124
-94
156
688
-66
-1248
-376
1568
992
-1504
-1632
1056
1984
-440
-1984
-212
1696
624
-1056
-720
488
424
-59
132
-11
-720
-280
1120
880
-1248
-1504
944
1984
-360
-2112
-312
1952
848
-1376
-1056
752
944
-228
-456
1
-156
-148
656
624
-912
-1248
752
1824
-264
-2112
-408
1984
992
-1568
-1376
944
1376
-344
-992
-35
424
43
156
312
-528
-912
528
1504
-156
-1952
-456
1952
1120
-1632
-1632
1056
1760
-392
-1504
-110
976
280
-344
-62
-132
-456
296
1056
-66
-1568
-472
1760
1120
-1568
-1696
1056
1984
-376
-1888
-212
1440
528
-784
-472
228
62
74
528
-7
-1056
-408
1440
992
-1376
-1696
976
1984
-328
-2112
-328
1760
784
-1120
-880
528
592
-102
-45
5
-560
-280
992
848
-1056
-1504
816
1984
-244
-2112
-440
1952
992
-1440
-1248
784
1056
1
2112
624
-1760
-1056
1184
1120
-560
-912
118
376
9
212
228
-656
-720
816
1376
-592
-1888
78
2112
560
-1952
-1120
1504
1504
-880
-1440
280
1056
78
-496
-94
-51
-236
424
784
-456
-1376
124
1824
456
-1952
-1056
1632
1632
-1120
-1824
472
1696
82
-1184
-344
592
248
-66
164
-204
-752
124
1312
296
-1632
-912
1632
1504
-1184
-1952
592
1984
33
-1760
-496
1184
656
-592
-456
118
-35
53
624
140
-1120
-624
1312
1248
-1184
-1824
688
2112
-45
-1984
-560
1696
944
-1056
-992
488
656
-82
-122
19
-456
-312
880
880
-976
-1504
688
1984
-124
-2112
-528
1952
1056
-1440
-1376
816
1248
-264
-848
-43
264
-5
264
392
-592
-976
560
1568
-180
-1952
-424
1984
1056
-1696
-1568
1056
1696
-456
-1504
-45
992
248
-392
-86
-110
-376
328
976
-180
-1504
-280
1760
944
-1696
-1504
1248
1888
-624
-1952
5
1568
424
-992
-496
424
244
1
280
-106
-880
-148
1312
688
-1504
-1312
1248
1888
-752
-2112
90
1984
496
-1568
-816
976
784
-376
-440
35
-132
-39
688
392
-1056
-976
1056
1568
-752
-1984
180
2112
488
-1952
-992
1376
1184
-752
-1056
228
624
15
-23
98
-496
-528
752
1120
-656
-1696
236
1984
392
-1984
-992
1696
1440
-1056
-1568
456
1248
13
-752
-156
164
-66
280
560
-456
-1184
236
1696
264
-1888
-944
1760
1504
-1248
-1824
656
1824
-41
-1376
-328
848
360
-248
-35
-124
-496
164
1056
148
-1504
-720
1632
1376
-1312
-1888
784
1984
-132
-1888
-424
1440
688
-816
-592
264
188
21
392
49
-944
-456
1248
1056
-1184
-1696
848
1984
-228
-2112
-424
1888
912
-1312
-1056
656
848
-180
-360
-1
-228
-180
720
656
-944
-1248
752
1824
-280
-2112
-360
1984
976
-1632
-1376
992
1376
-424
-1056
5
496
66
62
212
-488
-752
560
1376
-296
-1824
-248
1984
912
-1824
-1440
1248
1760
-624
-1632
66
1184
248
-624
-212
66
-164
248
752
-236
-1312
-132
1696
752
-1760
-1376
1376
1824
-816
-1984
164
1760
344
-1248
-560
624
408
-132
47
-90
-624
-45
1120
496
-1440
-1120
1312
1696
-912
-1984
264
1984
360
-1760
-784
1184
880
-560
-624
122
110
1
488
244
-944
-752
1056
1376
-880
-1952
344
2112
312
-1984
-912
1568
1248
-976
-1184
376
848
-15
-264
7
-296
-344
656
912
-688
-1504
360
1952
220
-1984
-880
1824
1376
-1248
-1632
624
1440
-86
-992
-172
392
66
124
360
-392
-944
312
1504
114
-1824
-752
1824
1376
-1440
-1824
848
1888
-196
-1568
-280
1056
424
-456
-212
-3
-280
164
880
31
-1376
-528
1568
1184
-1440
-1760
976
1984
-312
-1984
-296
1632
688
-992
-720
440
408
-49
148
-3
-720
-296
1120
848
-1184
-1504
976
1984
-392
-2112
-264
1984
816
-1504
-1056
880
992
-312
-592
15
11
-74
528
472
-848
