1651 2 0 0 0
1
1984
992
-1440
-1568
488
1376
236
-816
-392
172
-11
33
624
360
-944
-1120
656
1824
196
-1952
-1184
1376
1952
-424
-1952
-528
1376
992
-560
-848
-1
264
-17
248
528
-280
-1184
-280
1504
1184
-1120
-1952
228
2112
848
-1632
-1504
720
1568
132
-1056
-488
360
220
11
376
196
-816
-880
720
1632
-5
-1952
-992
1568
1824
-656
-1984
-376
1568
992
-784
-992
86
496
86
70
312
-280
-976
-122
1376
976
-1184
-1824
440
2112
624
-1824
-1440
944
1696
-7
-1312
-496
560
424
-59
114
82
-656
-656
720
1376
-180
-1888
-784
1696
1696
-880
-2112
-188
1824
992
-992
-1184
220
784
140
-140
102
-220
-720
7
1248
720
-1248
-1632
624
2112
424
-1952
-1376
1184
1760
-188
-1504
-496
816
592
-180
-140
13
-440
-440
688
1184
-328
-1760
-560
1760
1504
-1056
-1984
19
1952
912
-1248
-1248
392
992
140
-376
-74
-110
-472
86
1056
496
-1248
-1376
784
1984
188
-1984
-1184
1376
1824
-392
-1696
-424
1056
688
-344
-392
-1
-212
-248
592
912
-424
-1568
-328
1760
1312
-1248
-1984
244
1984
752
-1504
-1312
592
1184
86
-624
-212
45
-212
118
848
312
-1184
-1120
880
1888
-27
-1984
-992
1568
1760
-624
-1824
-312
1312
784
-528
-592
39
41
-102
456
656
-472
-1376
-140
1696
1056
-1376
-1888
472
2112
592
-1696
-1312
816
1376
-17
-880
-296
244
13
90
592
164
-1056
-912
944
1696
-236
-1984
-816
1760
1696
-848
-1952
-148
1568
784
-784
-784
132
296
-1
264
440
-456
-1120
23
1632
848
-1440
-1760
688
2112
392
-1888
-1248
1056
1504
-164
-1120
-328
472
212
13
328
53
-880
-656
976
1504
-408
-1984
-592
1824
1568
-1056
-1984
37
1760
752
-992
-944
264
528
45
55
236
-392
-880
148
1440
624
-1504
-1568
880
2112
172
-1984
-1120
1248
1568
-344
-1376
-296
720
376
-114
82
-7
-656
-456
912
1248
-528
-1888
-360
1888
1376
-1248
-1984
248
1952
656
-1248
-992
456
784
39
-188
61
-280
-624
228
1248
424
-1440
-1312
992
1984
-51
-2112
-992
1504
1568
-560
-1568
-236
976
488
-280
-156
-15
-440
-264
816
992
-624
-1696
-140
1952
1120
-1440
-1952
488
1984
496
-1504
-1056
656
992
-17
-440
-66
-122
-392
248
992
228
-1376
-1056
1120
1888
-264
-2112
-784
1696
1568
-784
-1696
-114
1184
560
-488
-376
27
-188
-132
688
752
-656
-1504
49
1888
944
-1568
-1824
688
2112
344
-1696
-1056
880
1120
-124
-688
-148
78
-164
220
784
78
-1248
-880
1184
1696
-472
-2112
-592
1888
1504
-992
-1824
49
1440
560
-720
-560
124
70
-41
496
528
-656
-1248
212
1760
720
-1696
-1632
912
2112
148
-1888
-992
1120
1248
-280
-944
-172
296
33
132
528
-27
-1056
-624
1184
1504
-624
-1984
-360
1984
1312
-1248
-1824
244
1632
528
-976
1
1984
992
-1440
-1568
528
1440
212
-880
-424
228
74
33
496
264
-880
-992
688
1696
49
-1952
-1056
1568
1824
-624
-1984
-376
1568
992
-784
-992
102
528
86
49
264
-280
-912
-61
1376
848
-1248
-1696
560
2112
488
-1952
-1376
1120
1760
-164
-1440
-488
784
528
-164
-102
13
-472
-424
720
1120
-376
-1760
-472
1760
1440
-1120
-1984
156
1984
784
-1376
-1248
528
1056
86
-528
-148
-23
-296
140
912
312
-1184
-1120
944
1888
-98
-2112
-944
1632
1696
-720
-1824
-212
1376
720
-624
-624
82
122
-53
408
528
-496
-1248
33
1696
880
-1504
-1760
720
2112
328
-1888
-1184
1056
1440
-236
-1120
-280
488
212
7
312
1
-880
-560
992
1376
-560
-1952
-360
1952
1376
-1248
-1952
280
1888
592
-1248
-944
456
720
11
-140
78
-328
-624
296
1248
296
-1504
-1184
1120
1952
-248
-2112
-784
1696
1504
-784
-1568
-74
1056
472
-424
-264
-1
-296
-132
784
752
-784
-1504
164
1952
816
-1696
-1696
880
1984
156
-1760
-944
992
1120
-248
-752
-118
140
-94
236
688
-66
-1248
-624
1312
1504
-752
-1984
-228
1984
1184
-1376
-1760
392
1632
392
-992
-624
312
312
1
264
248
-656
-912
488
1568
236
-1824
-1184
1376
1952
-408
-2112
-592
1632
1248
-752
-1248
17
752
228
-140
94
-140
-688
-148
1120
912
-992
-1696
328
1984
688
-1824
-1568
976
1888
13
-1568
-688
880
784
-196
-344
-7
-236
-344
496
992
-188
-1568
-624
1568
1568
-944
-2112
-70
1984
992
-1312
-1504
440
1312
220
-720
-328
122
-86
45
688
360
-992
-1120
720
1824
118
-1984
-1120
1504
1888
-528
-1984
-424
1440
976
-656
-880
59
360
27
180
424
-328
-1056
-114
1440
976
-1248
-1824
496
2112
528
-1888
-1376
992
1696
-102
-1312
-456
624
424
-86
70
41
-624
-528
784
1248
-344
-1824
-560
1824
1504
-1120
-1984
82
1952
816
-1248
-1184
440
976
90
-360
-53
-132
-456
148
1056
408
-1312
-1248
944
1952
-27
-2112
-992
1568
1696
-624
-1760
-248
1248
656
-496
-496
39
-51
-114
528
688
-560
-1376
-17
1760
976
-1504
-1824
656
2112
392
-1824
-1184
992
1376
-172
-976
-248
328
82
86
488
27
-992
-656
1056
1504
-528
-1984
-440
1952
1376
-1184
-1952
212
1760
592
-1056
-880
360
560
15
27
172
-424
-784
296
1376
376
-1568
-1312
1120
1984
-188
-2112
-848
1568
1440
-656
-1440
-110
944
392
-280
-118
-39
-472
-196
912
880
-816
-1632
114
1984
880
-1696
-1760
784
1984
220
-1696
-912
912
992
-180
-592
-82
-5
-220
296
848
-41
-1376
-720
1376
1568
-720
-2112
-296
1984
1248
-1248
-1696
312
1504
392
-848
-528
220
148
-1
440
344
-752
-1056
488
1696
296
-1824
-1312
1312
1984
-328
-1984
-656
1504
1184
-656
-1120
-13
592
156
-7
244
-172
-880
-212
