1651 2 0 0 0
1
2112
472
-1952
-880
1632
1120
-1184
-1184
752
1120
-344
-848
78
488
29
-66
45
-312
-280
592
656
-688
-1056
624
1504
-392
-1824
13
1984
456
-1984
-912
1824
1312
-1504
-1568
1056
1696
-592
-1632
188
1312
118
-976
-248
560
212
-156
1
-132
-344
280
752
-244
-1184
21
1504
344
-1696
-784
1696
1248
-1504
-1632
1184
1952
-752
-1984
264
1952
172
-1696
-496
1312
656
-880
-624
472
456
-148
-124
-17
-280
9
688
172
-992
-496
1184
944
-1184
-1376
1056
1824
-720
-1984
296
2112
180
-1984
-624
1824
976
-1440
-1120
992
1120
-560
-976
220
656
-13
-264
-9
-140
-140
488
456
-688
-848
720
1312
-560
-1696
264
1952
156
-1984
-624
1984
1056
-1760
-1440
1312
1632
-880
-1632
424
1504
-53
-1120
-180
752
244
-344
-114
-7
-164
244
560
-296
-976
180
1376
102
-1632
-496
1760
976
-1696
-1440
1376
1760
-992
-1984
560
1984
-90
-1824
-296
1504
560
-1120
-656
688
528
-296
-280
45
-82
47
496
43
-880
-296
1120
688
-1248
-1120
1184
1568
-976
-1952
592
2112
-118
-2112
-360
1984
752
-1696
-992
1248
1120
-816
-1056
408
816
-114
-472
-11
51
-43
328
264
-624
-624
752
1056
-720
-1504
496
1824
-122
-1984
-328
1984
816
-1888
-1184
1568
1504
-1120
-1632
688
1568
-264
-1312
-53
976
212
-528
-188
148
-13
156
344
-312
-752
296
1184
-98
-1504
-248
1760
688
-1760
-1120
1632
1568
-1248
-1888
848
1984
-376
-1952
-66
1696
408
-1312
-592
912
592
-496
-424
156
106
27
296
-39
-688
-124
1056
456
-1248
-880
1312
1312
-1120
-1760
848
1984
-424
-2112
-62
2112
496
-1888
-880
1504
1056
-1056
-1056
624
944
-248
-624
39
248
5
156
132
-496
-424
752
816
-784
-1248
656
1696
-376
-1952
-43
1984
496
-1984
-976
1824
1312
-1440
-1568
976
1568
-496
-1440
124
1120
124
-752
-204
344
98
21
172
-264
-528
344
976
-248
-1376
-19
1632
424
-1824
-880
1760
1312
-1504
-1696
1120
1952
-656
-1984
196
1824
212
-1504
-488
1120
592
-688
-496
312
264
-45
98
-66
-496
-1
912
248
-1184
-624
1312
1056
-1248
-1504
1056
1888
-688
-2112
236
2112
244
-1984
-656
1696
976
-1312
-1056
848
992
-456
-784
140
440
1
-33
37
-360
-248
656
592
-816
-992
784
1440
-592
-1824
236
1984
220
-2112
-688
1952
1120
-1632
-1440
1248
1568
-784
-1504
344
1312
-9
-976
-164
528
156
-140
23
-172
-344
344
752
-360
-1184
172
1504
164
-1760
-592
1824
1056
-1696
-1504
1376
1824
-976
-1952
488
1952
-31
-1696
-312
1376
528
-944
-528
496
392
-164
-86
-39
-312
70
720
82
-1056
-392
1312
816
-1376
-1248
1248
1696
-944
-1984
528
2112
-55
-2112
-408
1888
784
-1568
-992
1056
1056
-656
-912
296
624
-62
-236
1
-180
-118
528
392
-784
1
2112
456
-1984
-848
1696
1120
-1248
-1184
816
1120
-424
-944
124
592
19
-204
1
-180
-180
488
496
-656
-912
688
1312
-496
-1696
220
1952
196
-1984
-656
1952
1056
-1760
-1440
1376
1632
-944
-1696
488
1568
-102
-1312
-164
944
280
-528
-228
164
7
114
328
-248
-720
220
1120
-25
-1440
-312
1632
720
-1696
-1184
1568
1568
-1248
-1888
848
1984
-392
-1984
-57
1824
424
-1504
-656
1120
720
-688
-624
328
376
-74
-19
-23
-376
-45
752
264
-992
-624
1184
1056
-1120
-1504
976
1824
-624
-1984
188
2112
264
-1984
-688
1824
992
-1440
-1184
992
1248
-592
-1056
248
816
-23
-424
-39
27
-62
312
312
-560
-688
656
1056
-592
-1504
344
1824
17
-1984
-472
1984
912
-1888
-1312
1504
1632
-1120
-1760
688
1696
-248
-1504
-78
1120
264
-752
-296
360
156
-25
124
-180
-496
236
912
-118
-1248
-156
1504
528
-1632
-992
1568
1440
-1376
-1760
992
1984
-560
-1984
122
1952
280
-1696
-592
1312
752
-912
-720
496
528
-188
-236
9
-148
1
528
148
-880
-456
1056
848
-1120
-1248
992
1696
-752
-1984
376
2112
86
-2112
-528
1952
944
-1632
-1184
1248
1248
-784
-1184
392
992
-106
-624
-39
248
15
132
172
-440
-488
592
880
-592
-1312
456
1696
-140
-1952
-264
1984
720
-1952
-1120
1696
1504
-1312
-1696
880
1760
-424
-1632
43
1312
220
-976
-328
560
264
-196
-47
-78
-280
212
688
-172
-1056
-23
1376
360
-1568
-784
1632
1248
-1440
-1632
1184
1952
-752
-1984
312
1984
132
-1888
-496
1504
720
-1120
-784
688
688
-328
-424
82
70
11
328
61
-688
-296
976
656
-1120
-1056
1056
1504
-880
-1888
528
1984
-106
-2112
-360
1984
784
-1824
-1120
1440
1248
-992
-1312
560
1120
-220
-848
1
472
61
-74
49
-264
-312
496
688
-592
-1056
496
1504
-280
-1824
-94
1952
528
-1952
-992
1824
1376
-1504
-1696
1056
1824
-624
-1760
196
1504
132
-1184
-312
784
344
-392
-196
59
-90
148
472
-196
-880
70
1184
204
-1504
-592
1568
992
-1504
-1440
1312
1824
-944
-1984
496
1984
-39
-1984
-360
1696
656
-1312
-816
912
784
-496
-592
196
280
-17
102
7
-496
-164
816
472
-992
-880
1056
1312
-976
-1696
688
1984
-280
-2112
-172
2112
624
-1952
-992
1632
1248
-1184
-1312
752
1248
-360
-992
78
688
62
-296
-35
-82
-156
376
488
-528
-880
528
1248
-392
-1632
70
1888
344
-1952
-816
1888
1248
-1632
-1568
1248
1760
-816
-1824
360
1696
13
-1376
-264
992
376
-592
-312
228
86
47
248
-172
-656
132
992
70
-1312
-408
1504
848
-1568
-1248
1376
1696
-1056
-1952
688
2112
-228
-1984
-212
1888
560
-1504
-784
1120
848
-688
-752
328
488
-86
-122
-3
-264
-74
624
312
-912
-656
992
1056
-992
-1504
816
1888
-456
-1984
19
2112
440
