1651 2 0 0 0
1
1984
1376
-1056
-1984
-344
1824
1568
-688
-1952
-624
1440
1568
-328
-1632
-784
992
1312
-37
-1184
-752
592
992
124
-720
-528
236
528
124
-248
-180
23
1
-49
140
280
-21
-496
-376
408
816
102
-912
-816
488
1248
376
-1184
-1248
392
1696
752
-1248
-1696
156
1888
1120
-1120
-1984
-172
1952
1504
-944
-2112
-528
1824
1760
-592
-2112
-848
1504
1824
-220
-1888
-1056
1056
1760
98
-1568
-1056
688
1440
296
-1056
-976
328
992
344
-592
-624
86
496
228
-196
-204
-1
1
-70
102
312
82
-456
-488
236
816
328
-784
-976
196
1248
688
-944
-1440
-1
1568
1120
-912
-1824
-312
1696
1504
-720
-1984
-688
1632
1824
-408
-2112
-992
1440
1984
-55
-1984
-1312
1056
1984
280
-1760
-1440
688
1824
528
-1312
-1312
328
1440
624
-880
-1056
59
976
560
-456
-720
-70
472
296
-124
-212
-29
1
-86
51
312
180
-360
-560
59
784
528
-560
-1056
-102
1184
976
-624
-1504
-408
1376
1376
-488
-1888
-784
1376
1824
-220
-1984
-1120
1248
1984
124
-1984
-1504
976
2112
488
-1760
-1696
624
1984
752
-1440
-1696
248
1760
944
-992
-1504
-47
1312
912
-592
-1184
-220
880
720
-264
-720
-228
392
360
-51
-212
-53
1
-98
1
296
264
-264
-624
-124
720
688
-360
-1120
-392
992
1184
-264
-1504
-784
1056
1632
-43
-1760
-1184
992
1952
280
-1824
-1568
784
2112
656
-1696
-1824
472
2112
976
-1440
-1952
106
1952
1184
-1056
-1888
-212
1632
1248
-656
-1632
-424
1184
1120
-312
-1184
-488
720
848
-62
-688
-360
296
408
27
-188
-74
1
-106
-53
248
344
-140
-624
-296
592
848
-110
-1056
-656
752
1312
86
-1376
-1056
752
1760
408
-1568
-1504
560
1984
784
-1504
-1888
280
2112
1120
-1312
-1984
-70
1984
1440
-992
-1984
-408
1760
1568
-624
-1952
-656
1376
1504
-264
-1568
-784
944
1312
5
-1120
-720
496
912
140
-624
-488
180
424
106
-164
-90
1
-106
-102
212
392
-9
-592
-456
440
912
148
-976
-912
488
1376
456
-1184
-1376
360
1760
816
-1248
-1760
94
1952
1184
-1120
-1984
-248
1952
1568
-880
-2112
-592
1760
1760
-496
-1984
-912
1440
1824
-148
-1824
-1056
992
1696
148
-1440
-1056
624
1376
328
-992
-912
264
912
344
-496
-560
55
408
172
-124
-102
1
-98
-140
140
424
122
-528
-560
244
944
392
-816
-1056
164
1312
784
-944
-1504
-59
1632
1184
-880
-1888
-392
1696
1568
-656
-2112
-752
1632
1888
-344
-2112
-1056
1376
1984
15
-1984
-1312
992
1984
344
-1632
-1440
624
1760
560
-1248
-1312
264
1376
624
-784
-992
19
880
496
-376
-624
-74
376
236
-78
-106
1
-82
-180
66
424
244
-424
-656
39
880
624
-592
-1184
-156
1184
1056
-592
-1632
-472
1376
1504
-440
-1888
-848
1376
1888
-156
-1984
-1248
1184
1984
196
1
1984
1376
-1056
-1984
-312
1824
1504
-784
-1984
-560
1504
1568
-440
-1760
-720
1120
1376
-140
-1376
-752
752
1120
53
-944
-624
392
720
124
-488
-360
124
264
59
-59
17
-21
-212
-148
264
472
-29
-656
-472
488
944
102
-992
-848
560
1376
344
-1248
-1248
488
1696
688
-1312
-1632
280
1952
992
-1312
-1952
1
1984
1376
-1056
-2112
-312
1952
1632
-816
-2112
-624
1696
1760
-496
-1984
-848
1376
1696
-180
-1760
-976
992
1504
74
-1312
-944
624
1184
228
-912
-752
296
784
236
-472
-440
82
312
110
-86
-31
-1
-156
-156
196
440
53
-560
-496
344
912
244
-912
-944
360
1312
528
-1056
-1376
236
1632
912
-1120
-1760
1
1824
1248
-992
-1984
-296
1888
1568
-816
-2112
-624
1760
1824
-528
-2112
-912
1504
1888
-204
-1984
-1056
1120
1824
90
-1696
-1184
784
1632
296
-1248
-1056
456
1248
408
-848
-880
180
848
360
-456
-528
23
360
164
-102
-86
1
-94
-140
124
392
122
-488
-528
228
880
360
-784
-992
172
1248
688
-912
-1440
1
1568
1056
-912
-1760
-264
1696
1440
-752
-1984
-592
1696
1760
-496
-2112
-912
1504
1952
-212
-1984
-1184
1248
1984
102
-1888
-1312
944
1952
360
-1568
-1376
560
1696
528
-1184
-1248
264
1312
560
-784
-992
49
848
488
-392
-592
-51
392
244
-102
-140
-9
-43
-118
70
344
164
-392
-560
106
784
472
-624
-992
1
1120
848
-720
-1440
-228
1440
1248
-656
-1824
-528
1504
1632
-488
-1984
-880
1440
1888
-212
-1984
-1184
1248
1984
106
-1984
-1440
992
2112
408
-1760
-1568
656
1952
624
-1440
-1568
344
1696
784
-1056
-1376
70
1312
752
-656
-1056
-102
848
592
-328
-656
-140
408
312
-86
-196
-39
1
-82
27
280
196
-296
-528
1
720
528
-488
-992
-164
1056
944
-496
-1440
-440
1248
1376
-408
-1760
-784
1312
1760
-188
-1952
-1120
1184
1984
102
-1984
-1440
992
2112
424
-1888
-1696
720
2112
720
-1632
-1760
392
1952
912
-1248
-1696
86
1696
992
-912
-1504
-140
1248
944
-528
-1120
-264
816
720
-236
-720
-244
408
392
-51
-248
-78
37
-35
1
220
212
-220
-496
-90
624
592
-344
-976
-312
944
992
-312
-1376
-624
1056
1440
-164
-1696
-992
1056
1824
94
-1824
-1312
976
1984
408
-1824
-1632
720
2112
720
-1696
-1888
424
2112
992
-1376
-1952
98
1952
1184
-1056
-1824
-180
1568
1184
-688
-1568
-360
1184
1056
-376
-1184
-440
784
848
-124
-752
-360
376
472
1
-280
-132
59
15
-11
156
204
-140
-472
-164
528
624
-204
-944
-440
784
1056
-124
-1312
-784
880
1504
78
-1568
-1184
848
1824
376
-1696
-1568
688
1984
688
-1632
-1824
424
2112
992
-1440
-1984
106
1984
1248
-1184
-1984
-204
1824
1376
-848
-1888
-456
1504
1376
-488
-1632
-592
1056
1248
-196
-1248
-592
688
944
