1651 2 0 0 0
1
2112
656
-1888
-1248
1440
1696
-912
-1952
264
1952
328
-1696
-816
1312
1120
-848
-1312
376
1248
47
-1056
-360
816
496
-488
-528
212
408
-31
-212
-21
1
-55
164
244
-228
-488
148
720
62
-912
-392
944
784
-816
-1184
528
1504
-98
-1696
-440
1632
992
-1440
-1504
992
1952
-408
-2112
-248
1984
912
-1824
-1504
1312
1888
-720
-1984
45
1984
592
-1824
-1120
1376
1504
-816
-1632
264
1632
244
-1376
-624
992
848
-624
-912
264
816
11
-624
-172
376
196
-140
-86
1
-102
25
312
82
-496
-312
560
592
-496
-944
280
1184
70
-1312
-528
1312
992
-1056
-1440
688
1824
-156
-1952
-472
1888
1056
-1568
-1632
1056
1984
-472
-2112
-204
1984
880
-1760
-1376
1312
1760
-688
-1952
82
1824
488
-1568
-944
1184
1184
-688
-1312
236
1184
148
-976
-408
688
496
-376
-472
132
312
1
-106
1
-94
-124
228
344
-236
-592
106
816
156
-976
-528
976
944
-784
-1312
424
1568
59
-1696
-624
1632
1184
-1312
-1696
848
1984
-220
-2112
-456
1984
1056
-1696
-1632
1120
1984
-496
-2112
-156
1984
752
-1696
-1248
1184
1568
-656
-1632
102
1504
360
-1248
-688
912
880
-496
-880
164
720
70
-496
-172
264
140
-62
1
-35
-212
7
424
148
-560
-424
592
752
-472
-1056
196
1248
212
-1376
-688
1312
1184
-992
-1632
560
1888
25
-1984
-656
1824
1248
-1440
-1760
944
1984
-264
-2112
-408
1984
992
-1632
-1504
1120
1824
-496
-1888
-98
1760
624
-1440
-992
992
1184
-528
-1248
102
1120
236
-848
-440
528
488
-264
-392
70
212
7
1
43
-180
-212
264
456
-228
-720
39
912
264
-992
-656
944
1056
-688
-1440
296
1696
228
-1760
-816
1568
1376
-1184
-1824
656
1984
-15
-2112
-656
1952
1248
-1504
-1760
976
1984
-312
-1984
-344
1888
912
-1504
-1312
992
1568
-472
-1568
-47
1440
472
-1120
-752
752
848
-376
-784
78
624
110
-392
-156
164
78
1
98
-51
-312
-29
496
236
-624
-528
592
880
-424
-1184
86
1376
360
-1376
-880
1248
1312
-912
-1760
392
1952
220
-1952
-848
1760
1440
-1312
-1888
720
2112
-62
-2112
-592
1952
1184
-1504
-1632
944
1888
-312
-1888
-264
1632
752
-1312
-1056
848
1184
-392
-1184
-9
992
296
-720
-440
440
440
-180
-296
27
106
1
98
102
-248
-312
280
560
-196
-816
-45
992
392
-992
-816
912
1184
-592
-1568
148
1760
408
-1696
-992
1504
1504
-1056
-1952
488
2112
188
-1984
-848
1824
1440
-1376
-1888
752
1984
-106
-1984
-528
1760
1056
-1376
-1376
848
1568
-296
-1504
-188
1312
560
-992
-784
624
816
-264
-720
5
496
124
-280
-124
74
1
47
204
-47
-424
-86
592
344
-656
-656
560
992
-344
-1248
-37
1440
496
-1376
-992
1184
1504
-784
-1824
220
1984
424
-1952
-1056
1632
1568
-1120
-1984
1
2112
656
-1952
-1248
1504
1696
-976
-1952
344
1952
248
-1760
-784
1440
1120
-992
-1376
496
1376
-53
-1248
-312
992
560
-688
-656
376
592
-118
-472
-35
264
66
-62
13
-74
-188
118
392
-39
-592
-156
720
456
-752
-784
592
1120
-328
-1376
-82
1504
560
-1440
-1056
1184
1504
-784
-1888
236
1984
392
-1952
-992
1696
1568
-1184
-1952
624
2112
37
-2112
-688
1888
1248
-1440
-1632
912
1888
-296
-1888
-280
1696
784
-1312
-1120
912
1248
-456
-1248
25
1120
296
-880
-496
560
560
-296
-488
82
328
25
-124
-13
-53
-110
164
296
-164
-528
39
720
204
-848
-528
816
912
-656
-1184
328
1440
114
-1568
-624
1504
1120
-1184
-1632
784
1952
-204
-1984
-440
1952
1056
-1696
-1568
1184
1952
-592
-2112
-74
2112
720
-1824
-1248
1376
1632
-848
-1824
248
1824
296
-1632
-752
1248
1056
-848
-1184
392
1184
-3
-992
-280
752
440
-472
-456
228
360
-51
-188
-11
-7
-45
164
204
-244
-424
204
656
-33
-848
-248
944
592
-912
-992
688
1312
-328
-1568
-148
1632
688
-1568
-1184
1248
1696
-752
-1984
172
1984
488
-1984
-1056
1632
1632
-1120
-1984
528
2112
114
-1984
-720
1760
1248
-1312
-1632
784
1760
-220
-1760
-312
1504
720
-1120
-992
752
1120
-328
-1056
-11
880
248
-624
-376
376
344
-148
-228
21
47
-5
140
110
-280
-296
312
560
-236
-784
21
976
296
-1056
-688
976
1056
-720
-1440
312
1696
188
-1760
-752
1568
1248
-1248
-1760
752
1984
-132
-2112
-496
1984
1120
-1632
-1632
1120
1984
-496
-2112
-148
1984
752
-1696
-1248
1248
1568
-720
-1696
172
1632
312
-1376
-720
1056
944
-656
-992
280
944
27
-752
-228
496
296
-264
-244
86
98
1
94
31
-264
-172
392
408
-392
-688
264
944
-7
-1056
-360
1120
784
-992
-1184
752
1568
-312
-1760
-228
1824
816
-1632
-1376
1248
1824
-720
-1984
102
2112
560
-1984
-1184
1632
1696
-1056
-1984
472
1984
180
-1952
-752
1632
1248
-1184
-1504
656
1632
-140
-1568
-328
1312
656
-976
-880
592
912
-236
-816
-35
624
188
-392
-220
172
124
-23
35
-15
-236
-61
408
248
-488
-496
456
816
-280
-1056
-9
1184
408
-1248
-848
1056
1248
-752
-1632
296
1824
264
-1824
-880
1632
1440
-1248
-1888
688
2112
-62
-2112
-592
1952
1184
-1568
-1696
992
1952
-424
-1984
-212
1888
784
-1568
-1184
1120
1440
-592
-1568
102
1440
328
-1184
-624
848
784
-496
-816
188
688
39
-488
-148
264
132
-74
-13
-33
-172
29
376
94
-528
-312
592
624
-496
-912
296
1184
33
-1312
-472
1312
944
-1120
-1376
784
1696
-264
-1888
-312
1888
944
-1696
-1440
1248
1888
-688
-2112
25
2112
624
-1952
-1184
1504
1696
-992
-1952
376
1984
244
-1824
-784
1504
1184
-1056
-1376
528
1440
-70
-1312
-312
1056
592
-752
