1651 2 0 0 0
1
2112
848
-1696
-1440
992
1696
-212
-1568
-392
1056
688
-528
-592
122
264
9
124
188
-392
-624
344
1056
37
-1440
-688
1376
1376
-944
-1952
204
2112
656
-1888
-1440
1248
1888
-440
-1888
-328
1504
848
-944
-992
344
816
35
-392
-90
-1
-164
196
592
-57
-992
-392
1120
992
-944
-1632
360
1984
440
-1952
-1248
1440
1888
-688
-1984
-180
1888
880
-1312
-1248
624
1248
-43
-912
-264
456
244
-70
70
-47
-488
-164
784
656
-816
-1248
456
1696
212
-1824
-992
1568
1696
-880
-2112
21
1984
816
-1632
-1376
944
1568
-212
-1376
-328
944
528
-424
-424
70
59
-21
328
296
-528
-784
440
1248
27
-1568
-720
1504
1440
-992
-1984
228
2112
656
-1888
-1376
1248
1824
-440
-1760
-280
1376
752
-816
-848
280
592
19
-188
3
-172
-328
296
784
-78
-1184
-440
1312
1120
-992
-1760
408
1984
440
-1984
-1248
1440
1824
-688
-1984
-148
1760
816
-1184
-1120
560
1056
-45
-720
-188
280
86
47
264
-86
-688
-212
976
752
-944
-1376
496
1824
204
-1952
-992
1568
1760
-912
-2112
41
1984
752
-1568
-1312
912
1440
-204
-1184
-264
752
424
-296
-228
13
-156
-49
528
392
-688
-944
496
1440
13
-1696
-752
1568
1504
-1056
-1984
248
2112
624
-1888
-1312
1184
1696
-424
-1632
-248
1248
624
-688
-656
220
392
5
19
98
-344
-488
392
976
-106
-1376
-488
1440
1184
-1120
-1824
440
2112
424
-1984
-1248
1440
1760
-688
-1952
-124
1632
720
-1120
-992
496
880
-43
-496
-110
98
-62
172
472
-124
-912
-244
1120
848
-992
-1504
560
1952
196
-1984
-992
1632
1760
-912
-1984
61
1952
720
-1504
-1184
816
1312
-188
-992
-212
592
280
-156
-37
-45
-376
-70
720
496
-848
-1056
592
1568
1
-1824
-784
1696
1568
-1056
-1984
264
2112
592
-1824
-1248
1120
1568
-408
-1504
-204
1056
528
-560
-488
140
172
1
228
188
-496
-624
496
1120
-132
-1504
-496
1568
1248
-1184
-1888
472
2112
408
-1984
-1184
1440
1696
-656
-1824
-102
1504
656
-992
-848
424
688
-35
-312
-35
-86
-212
296
656
-172
-1056
-264
1312
944
-1120
-1568
624
1984
180
-1984
-992
1632
1696
-944
-1984
78
1888
656
-1376
-1056
752
1120
-172
-848
-156
408
148
-21
148
-110
-560
-90
912
560
-976
-1184
656
1696
-17
-1952
-816
1760
1568
-1120
-1984
296
2112
560
-1760
-1184
1056
1440
-392
-1312
-164
912
408
-424
-312
62
-37
-3
440
264
-688
-784
592
1312
-164
-1696
-528
1696
1312
-1248
-1952
496
2112
376
-1984
-1120
1376
1632
-656
-1696
-78
1376
560
-848
-688
328
488
-23
-98
35
-264
-360
424
848
-228
-1248
-296
1440
992
-1248
-1696
656
1984
164
-1984
-992
1632
1696
-912
-1952
94
1760
592
-1248
-976
656
944
-148
-624
-102
212
13
122
344
-180
-784
-106
1
2112
848
-1696
-1440
992
1760
-264
-1568
-360
1184
688
-624
-688
180
392
17
-1
94
-296
-456
344
944
-66
-1248
-488
1376
1184
-1056
-1760
440
1984
392
-1984
-1184
1504
1824
-752
-1984
-62
1824
720
-1248
-1056
656
1056
-118
-784
-164
360
132
-7
164
-106
-560
-98
912
560
-976
-1120
656
1696
-51
-1888
-752
1760
1504
-1184
-1984
392
2112
456
-1888
-1120
1248
1504
-528
-1440
-86
1120
456
-624
-472
196
212
1
180
118
-496
-496
560
992
-312
-1440
-248
1632
976
-1376
-1632
816
1984
11
-2112
-848
1760
1504
-1056
-1824
264
1760
408
-1312
-816
752
880
-244
-624
-43
220
13
124
280
-248
-720
51
1056
440
-1184
-1056
992
1696
-408
-1984
-408
1952
1184
-1504
-1824
752
1984
78
-1888
-784
1376
1184
-720
-1248
132
992
236
-560
-280
148
33
43
360
74
-688
-472
816
992
-592
-1504
35
1824
720
-1696
-1440
1120
1984
-376
-2112
-488
1888
1184
-1312
-1632
560
1632
110
-1248
-528
784
624
-296
-424
19
45
-49
296
360
-440
-848
248
1248
236
-1440
-912
1312
1568
-752
-1984
-23
2112
880
-1760
-1568
1056
1952
-280
-1888
-456
1440
944
-880
-992
296
816
66
-424
-124
41
-114
148
496
-35
-912
-376
1056
976
-880
-1568
360
1952
392
-1888
-1184
1504
1824
-752
-2112
-94
1984
848
-1504
-1312
816
1440
-148
-1184
-296
752
424
-280
-236
15
-132
-45
496
376
-656
-880
496
1376
-23
-1632
-688
1568
1440
-1120
-1984
360
2112
496
-1952
-1248
1376
1696
-592
-1760
-124
1440
624
-944
-784
392
624
-35
-264
-23
-110
-220
312
656
-204
-1056
-212
1312
848
-1184
-1504
720
1952
35
-1984
-880
1760
1568
-1056
-1984
280
1952
496
-1568
-992
976
1184
-344
-992
-94
624
236
-212
-62
-51
-312
21
688
312
-912
-848
784
1440
-328
-1824
-392
1824
1184
-1440
-1824
752
2112
110
-1984
-912
1568
1440
-880
-1568
156
1376
360
-912
-560
424
440
-74
-90
15
-280
-264
496
720
-424
-1184
11
1504
624
-1504
-1376
1056
1952
-344
-2112
-496
1952
1248
-1376
-1760
624
1888
148
-1568
-720
1056
944
-488
-848
49
488
98
-82
66
-180
-456
156
880
188
-1120
-752
1056
1376
-656
-1888
-47
1984
880
-1760
-1568
1056
1984
-264
-1984
-528
1696
1120
-1056
-1376
392
1184
124
-848
-344
376
244
-45
90
-9
-488
-244
720
720
-688
-1248
280
1632
376
-1760
-1120
1376
1824
-720
-2112
-122
1984
944
-1632
-1504
912
1696
-164
-1504
-424
1056
688
-528
-624
124
312
15
78
148
-344
-528
344
992
-3
-1312
-592
1376
1248
-992
-1888
328
2112
496
-1952
-1312
1376
1824
-624
-1984
-172
1696
784
-1184
-1056
560
992
-57
-688
-172
264
82
45
248
-102
-656
-156
976
656
-976
-1248
592
1760
55
-1952
-848
1696
1568
-1056
-1984
