1651 2 0 0 0
1
1952
1696
-496
-1984
-1248
976
1984
816
-1312
-1888
-328
1568
1568
-124
-1632
-1184
488
1504
816
-720
-1312
-424
848
992
98
-816
-720
106
656
392
-180
-408
-148
124
124
7
45
140
5
-296
-344
110
592
440
-344
-880
-408
656
1056
236
-992
-1184
61
1376
1120
-456
-1696
-992
912
1824
656
-1312
-1888
-248
1696
1760
-244
-1984
-1504
752
2112
1056
-1184
-2112
-624
1568
1984
118
-1824
-1696
376
1952
1248
-784
-1888
-816
1056
1696
360
-1248
-1376
21
1248
992
-312
-1120
-624
472
912
312
-496
-624
-86
392
328
-23
-180
-70
1
-82
-94
140
360
140
-392
-592
-61
688
752
-148
-992
-752
472
1312
656
-848
-1504
-392
1248
1568
19
-1632
-1440
424
1888
1184
-912
-1984
-848
1376
1984
376
-1760
-1888
124
1984
1568
-624
-2112
-1184
1056
1984
688
-1440
-1888
-212
1632
1568
-236
-1696
-1120
592
1568
752
-816
-1312
-360
912
1056
41
-880
-720
156
688
392
-228
-456
-156
164
164
13
11
98
-5
-264
-296
124
560
376
-360
-848
-344
688
992
156
-992
-1120
140
1376
1056
-528
-1632
-880
976
1824
560
-1376
-1824
-132
1760
1696
-360
-1984
-1376
848
2112
992
-1312
-2112
-496
1696
1952
-7
-1888
-1632
496
1984
1184
-912
-1888
-720
1184
1696
264
-1312
-1312
110
1312
976
-392
-1184
-592
528
944
280
-560
-656
-57
440
344
-47
-228
-98
17
-43
1
1952
1632
-560
-1984
-1184
992
1984
656
-1376
-1760
-148
1568
1376
-296
-1504
-944
592
1312
496
-720
-992
-156
688
624
-61
-496
-280
106
196
41
13
132
61
-264
-424
7
624
592
-244
-976
-592
592
1248
440
-992
-1440
-106
1440
1376
-344
-1824
-1184
880
1984
816
-1376
-1984
-312
1824
1824
-244
-1984
-1504
784
2112
992
-1248
-1984
-456
1568
1696
-59
-1632
-1312
488
1568
848
-752
-1312
-392
880
992
51
-784
-624
140
560
280
-164
-248
-55
21
-70
-23
248
344
-66
-592
-488
312
944
472
-688
-1184
-280
1056
1312
-70
-1504
-1248
528
1824
992
-1056
-1952
-592
1504
1952
74
-1888
-1696
488
2112
1312
-992
-2112
-784
1440
1952
244
-1696
-1632
264
1760
1184
-688
-1632
-688
944
1376
264
-992
-992
62
880
592
-236
-624
-264
236
312
57
-70
13
1
-212
-264
110
528
392
-376
-880
-344
752
1056
124
-1120
-1184
244
1504
1056
-720
-1824
-816
1184
1888
360
-1696
-1824
164
1984
1504
-720
-2112
-1056
1184
2112
560
-1632
-1888
-7
1824
1504
-496
-1824
-992
880
1696
528
-1056
-1376
-118
1120
976
-196
-976
-560
344
688
244
-312
-360
-43
124
35
5
164
204
-140
-496
-296
424
816
228
-784
-992
13
1184
1056
-392
-1504
-912
880
1760
592
-1312
-1824
-140
1760
1696
-392
-1984
-1312
944
2112
880
-1440
-1984
-328
1760
1824
-228
-1952
-1376
720
1
1984
1504
-784
-1984
-784
1248
1632
51
-1376
-976
408
992
360
-440
-440
-15
66
-90
98
496
312
-560
-992
-114
1184
1184
-472
-1760
-912
1184
1952
264
-1888
-1696
528
2112
1056
-1248
-1952
-296
1568
1376
-344
-1440
-688
656
976
148
-496
-344
43
33
-90
196
528
156
-752
-912
204
1376
912
-880
-1760
-472
1568
1760
-264
-1984
-1312
1056
2112
592
-1632
-1760
188
1760
1056
-720
-1440
-392
848
848
-51
-528
-248
78
-7
-66
296
528
-27
-880
-784
496
1440
560
-1184
-1696
5
1888
1440
-784
-2112
-848
1504
1984
57
-1888
-1440
656
1760
720
-992
-1312
-70
976
656
-228
-528
-148
94
-49
-21
392
488
-236
-992
-560
816
1376
196
-1504
-1440
496
1984
1056
-1248
-1984
-328
1824
1760
-472
-1984
-1056
1056
1696
296
-1248
-1120
236
992
488
-360
-488
-62
82
-78
47
472
392
-440
-992
-296
1056
1312
-220
-1696
-1120
976
1984
560
-1696
-1888
220
1984
1376
-976
-1984
-592
1376
1568
-114
-1376
-880
496
992
264
-472
-408
7
55
-94
132
496
248
-624
-976
7
1248
1056
-624
-1760
-752
1376
1888
49
-1952
-1568
752
2112
912
-1376
-1888
-106
1632
1248
-496
-1440
-560
720
912
66
-528
-312
61
15
-86
236
528
86
-816
-880
328
1376
784
-992
-1760
-280
1696
1696
-488
-2112
-1120
1248
2112
376
-1760
-1632
376
1760
944
-848
-1376
-264
912
1
1984
1504
-816
-1984
-688
1312
1504
-47
-1248
-816
440
816
212
-312
-188
1
-204
-264
280
816
312
-912
-1184
140
1632
1120
-912
-1984
-560
1696
1888
-264
-1984
-1248
1056
1984
472
-1440
-1440
244
1312
688
-528
-816
-132
344
180
1
212
236
-344
-816
-188
992
1120
-328
-1632
-944
1120
1952
312
-1824
-1760
528
2112
1056
-1248
-1952
-236
1568
1312
-424
-1376
-560
656
784
57
-376
-164
1
-212
-188
408
784
61
-1056
-992
496
1696
752
-1312
-1888
-57
1952
1568
-784
-2112
-816
1440
1888
-5
-1696
-1184
592
1376
440
-752
-752
21
392
140
1
212
140
-472
-752
66
1120
912
-688
-1696
-528
1440
1760
-204
-1984
-1376
992
2112
560
-1632
-1760
248
1760
992
-784
-1376
-280
816
688
-102
-408
-122
1
-212
-90
496
688
-196
-1184
-752
848
1632
328
-1632
-1632
456
2112
1120
-1248
-2112
-312
1760
1568
-488
-1760
-848
944
1312
140
-880
-656
180
424
98
1
204
35
-560
-624
312
1184
592
-992
-1568
-98
1760
1504
-720
-2112
-912
1504
1984
49
-1888
-1440
720
1824
656
-1056
-1248
7
944
560
-248
-424
-74
1
-196
15
592
560
-440
-1184
-456
1120
1504
-124
-1824
-1312
944
2112
624
-1696
-1888
220
1984
1248
-944
-1824
-456
1184
1184
-156
-992
-496
312
424
51
1
180
-70
-592
-472
528
1184
280
-1248
-1376
344
1888
1056
-1184
-1984
-376
1
1984
1376
-1056
-2112
-376
1824
1568
-688
-1984
-688
1440
1632
-312
-1760
-880
1056
1504
11
-1376
-912
656
1248
220
-944
-784
312
848
264
-496
-496
78
392
156
-140
-122
1
-55
-98
118
328
82
-456
-472
228
784
312
-720
-912
172
1184
656
-848
-1312
-35
1440
1056
-816
-1696
-360
1568
1504
-592
-1984
-752
1504
1824
-296
-1984
-1120
1312
1984
66
-1984
-1440
992
2112
440
-1824
-1632
624
1984
752
-1440
-1696
248
1760
944
-1056
-1568
-62
1376
976
-624
-1312
-264
976
848
-296
-912
-312
528
560
-70
-456
-204
172
188
3
-5
57
-82
-264
-78
376
440
-188
-720
-312
656
880
-124
-1120
-656
784
1312
78
-1376
-1056
752
1696
408
-1504
-1504
528
1952
784
-1440
-1824
236
1984
1184
-1248
-1984
-132
1984
1504
-976
-2112
-496
1760
1696
-560
-1984
-816
1440
1760
-204
-1824
-992
992
1632
114
-1440
-1056
624
1376
312
-992
-944
280
976
360
-560
-656
61
496
248
-204
-248
-11
70
-11
47
204
74
-312
-392
148
656
312
-592
-848
90
1056
656
-720
-1248
-122
1312
1056
-656
-1632
-456
1440
1504
-488
-1952
-848
1376
1824
-172
-1984
-1184
1184
1984
204
-1952
-1568
912
2112
560
-1760
-1760
496
1984
880
-1376
-1824
140
1824
1056
-992
-1696
-172
1440
1120
-592
-1440
-376
992
992
-264
-992
-424
592
720
-45
-560
-296
236
312
25
-124
-35
-15
1
1984
1376
-1120
-1984
-280
1824
1504
-784
-1952
-496
1504
1440
-456
-1632
-624
1056
1248
-172
-1184
-592
656
880
1
-688
-392
264
408
43
-172
-62
-7
-132
-66
280
376
-148
-656
-312
624
880
-140
-1120
-656
848
1376
11
-1504
-1056
880
1760
264
-1696
-1440
784
1984
560
-1696
-1760
560
2112
880
-1568
-1952
264
1984
1120
-1312
-1952
-23
1824
1184
-944
-1760
-248
1440
1184
-592
-1440
-376
992
976
-280
-992
-360
560
592
-70
-456
-196
156
132
1
70
122
-148
-392
-78
528
528
-312
-944
-296
912
992
-328
-1376
-592
1120
1440
-196
-1696
-976
1120
1824
39
-1888
-1312
1056
1984
328
-1888
-1632
816
2112
624
-1696
-1760
496
1984
848
-1440
-1760
212
1824
976
-1056
-1568
-35
1376
912
-656
-1184
-180
912
688
-312
-752
-188
424
344
-74
-204
-39
-11
-114
25
328
248
-344
-624
-21
816
624
-528
-1120
-204
1184
1056
-560
-1568
-496
1376
1504
-456
-1888
-848
1440
1824
-220
-1984
-1120
1312
1984
66
-1984
-1440
1056
2112
360
-1824
-1568
752
1952
560
-1504
-1504
408
1696
688
-1056
-1312
140
1248
656
-656
-944
-31
752
456
-280
-472
-62
228
114
-13
66
55
-228
-328
118
592
312
-560
-848
98
1056
656
-784
-1312
-57
1440
1056
-816
-1760
-312
1632
1440
-720
-1984
-624
1632
1760
-488
-2112
-944
1504
1952
-204
-1984
-1184
1248
1984
86
-1888
-1312
1
1984
1312
-992
-1824
-296
1248
944
-328
-720
-140
98
-148
78
720
496
-816
-1376
-11
1760
1312
-992
-2112
-392
1824
1632
-656
-1824
-560
1056
1056
-148
-656
-196
53
-204
-7
720
688
-624
-1504
-328
1632
1568
-688
-2112
-784
1632
1824
-296
-1760
-848
880
1056
21
-592
-228
19
-248
-110
688
848
-424
-1568
-624
1440
1824
-296
-2112
-1120
1312
1952
61
-1632
-1056
656
1120
180
-496
-236
1
-296
-220
624
992
-188
-1568
-944
1184
1952
82
-1984
-1440
976
1984
408
-1504
-1248
408
1056
312
-408
-228
-3
-328
-344
528
1120
66
-1504
-1184
880
1984
472
-1824
-1696
624
1984
720
-1248
-1376
156
992
424
-296
-204
3
-344
-456
424
1184
328
-1376
-1440
560
1984
848
-1568
-1952
236
1952
992
-992
-1440
-78
944
496
-204
-164
29
-344
-560
264
1248
592
-1184
-1632
212
1984
1184
-1248
-1984
-148
1824
1248
-720
-1440
-296
816
560
-114
-124
70
-328
-656
98
1248
848
-992
-1824
-156
1888
1504
-944
-2112
-496
1632
1504
-440
-1440
-496
656
592
-33
-82
122
-280
-752
-90
1184
1056
-720
-1888
-528
1696
1760
-560
-2112
-880
1376
1632
-132
-1376
-656
496
592
31
-37
180
-228
-816
-296
1056
1248
-440
-1888
-880
1504
1952
-156
-1984
-1184
1056
1696
164
-1248
-816
344
592
82
1
244
-140
-880
-496
944
1440
-118
-1888
-1184
1184
2112
236
-1888
-1440
752
1
1984
1312
-992
-1760
-220
1248
848
-344
-560
-66
-49
-296
180
976
496
-1056
-1504
248
1952
1056
-1376
-1984
-7
1952
1184
-912
-1504
-180
912
528
-172
-132
49
-392
-656
280
1312
624
-1248
-1696
264
1984
1120
-1312
-1984
-13
1760
1056
-752
-1184
-132
560
244
-5
296
164
-720
-976
376
1632
752
-1440
-1888
264
2112
1120
-1248
-1824
-19
1504
880
-560
-816
-78
188
-74
156
720
280
-992
-1248
440
1888
848
-1504
-1952
264
1984
1056
-1184
-1632
-23
1184
624
-360
-392
-13
-196
-392
312
1120
392
-1248
-1504
488
1984
880
-1568
-1952
244
1952
976
-992
-1312
-21
848
392
-140
23
53
-560
-688
456
1440
488
-1504
-1632
496
2112
912
-1504
-1824
220
1696
848
-816
-992
-17
456
110
70
456
122
-912
-976
560
1760
560
-1632
-1760
528
2112
880
-1440
-1696
188
1440
656
-592
-624
-7
47
-172
280
848
188
-1184
-1184
656
1952
624
-1696
-1824
496
1984
848
-1248
-1440
148
1056
472
-328
-236
1
-360
-456
488
1184
248
-1504
-1376
752
2112
656
-1760
-1760
488
1888
752
-1056
-1120
106
720
244
-74
180
17
-752
-720
656
1568
296
-1696
-1568
784
2112
656
-1696
-1696
440
1632
624
-848
-848
61
312
3
180
560
35
-1056
-944
816
1824
344
-1824
-1632
784
2112
624
-1504
-1504
360
1312
488
-560
-472
17
-106
-236
440
976
55
-1376
-1120
1
1984
1184
-1248
-1888
114
1824
912
-1056
-1376
156
1120
472
-592
-560
82
264
31
86
264
-118
-688
-312
816
992
-392
-1504
-496
1440
1504
-688
-1984
-496
1824
1632
-880
-2112
-408
1824
1440
-880
-1824
-228
1440
976
-656
-1120
-70
752
376
-236
-220
1
-148
-204
328
688
-39
-1056
-656
912
1440
-172
-1760
-912
1376
1824
-328
-2112
-944
1568
1888
-456
-1984
-752
1440
1504
-472
-1568
-456
992
880
-312
-752
-148
312
140
1
204
82
-496
-560
424
1120
188
-1312
-1056
848
1760
172
-1888
-1312
1120
1984
66
-1984
-1248
1248
1952
-55
-1824
-976
1056
1440
-122
-1184
-528
592
656
-74
-328
-62
-35
-212
90
624
312
-752
-976
344
1440
528
-1376
-1504
592
1984
560
-1760
-1696
816
2112
472
-1824
-1504
848
1888
280
-1440
-1056
656
1184
110
-784
-440
248
280
3
86
172
-280
-624
7
992
656
-848
-1376
114
1696
944
-1312
-1824
264
2112
992
-1568
-1888
392
1984
816
-1440
-1568
424
1632
496
-1056
-976
296
816
188
-360
-196
21
-132
-78
456
528
-360
-1056
-220
1184
1056
-784
-1760
-228
1824
1376
-1056
-1984
-132
1984
1312
-1184
-1984
-5
1824
992
-1056
-1504
78
1248
592
-624
-720
66
392
98
-11
156
-62
-560
-312
688
944
-280
-1440
-560
1312
1504
-528
-1984
-624
1696
1696
-752
-2112
-528
1824
1568
-784
-1888
-344
1504
1120
-624
-1248
-148
1
1984
1184
-1312
-1888
188
1760
784
-1056
-1184
236
992
312
-488
-344
61
1
-61
344
488
-312
-992
-236
1184
1056
-784
-1760
-188
1888
1312
-1184
-1984
1
1984
1184
-1312
-1888
188
1760
784
-1056
-1184
236
992
312
-488
-344
61
1
-61
344
488
-312
-992
-236
1184
1056
-784
-1760
-188
1888
1312
-1184
-1984
1
1984
1184
-1312
-1888
188
1760
784
-1056
-1184
236
992
312
-488
-344
61
1
-61
344
488
-312
-992
-236
1184
1056
-784
-1760
-188
1888
1312
-1184
-1984
1
1984
1184
-1312
-1888
188
1760
784
-1056
-1184
236
992
312
-488
-344
61
1
-61
344
488
-312
-992
-236
1184
1056
-784
-1760
-188
1888
1312
-1184
-1984
1
1984
1184
-1312
-1888
188
1760
784
-1056
-1184
236
992
312
-488
-344
61
1
-61
344
488
-312
-992
-236
1184
1056
-784
-1760
-188
1888
1312
-1184
-1984
1
1984
1184
-1312
-1888
188
1760
784
-1056
-1184
236
992
312
-488
-344
61
1
-61
344
488
-312
-992
-236
1184
1056
-784
-1760
-188
1888
1312
-1184
-1984
1
1984
1184
-1312
-1888
188
1760
784
-1056
-1184
236
992
312
-488
-344
61
1
-61
344
488
-312
-992
-236
1184
1056
-784
-1760
-188
1888
1312
-1184
-1984
1
1984
1184
-1312
-1888
188
1760
784
-1056
-1184
236
992
312
-488
-344
61
1
-61
344
488
-312
-992
-236
1184
1056
-784
-1760
-188
1888
1312
-1184
-1984
1
2112
1056
-1568
-1824
592
1984
440
-1824
-1312
1056
1824
-148
-1824
-752
1312
1312
-592
-1504
-204
1312
816
-784
-1056
172
992
328
-688
-560
296
560
29
-392
-164
148
114
-7
59
41
-212
-244
220
496
-11
-688
-376
624
816
-312
-1120
-236
1120
880
-816
-1376
148
1632
656
-1376
-1440
688
1888
228
-1824
-1184
1312
1888
-360
-2112
-688
1824
1632
-976
-2112
-86
1984
1120
-1440
-1824
528
1984
496
-1760
-1376
992
1824
-70
-1760
-784
1248
1312
-496
-1440
-244
1184
784
-688
-992
118
912
312
-592
-496
228
472
37
-264
-114
66
5
15
180
82
-296
-328
248
624
13
-784
-456
688
912
-312
-1184
-296
1184
976
-816
-1504
98
1696
752
-1376
-1504
656
1952
312
-1888
-1248
1248
1952
-280
-2112
-784
1760
1696
-912
-2112
-164
1984
1184
-1376
-1888
440
1984
560
-1632
-1376
912
1760
1
-1632
-784
1120
1248
-424
-1376
-280
1056
752
-592
-912
70
784
296
-488
-440
164
344
35
-156
-45
-9
-102
31
296
132
-392
-440
280
720
49
-880
-528
720
992
-280
-1312
-376
1248
1056
-816
-1568
33
1696
848
-1376
-1632
592
1984
392
-1888
-1376
1184
1984
-212
-2112
-880
1696
1760
-816
-2112
-248
1984
1248
-1312
-1888
344
1952
624
-1568
-1376
816
1696
66
-1568
-816
992
1248
-344
-1248
-296
976
720
-496
-816
29
688
264
-376
-344
110
236
25
-45
27
1
2112
992
-1568
-1760
688
1984
328
-1824
-1184
1184
1696
-296
-1696
-496
1312
1056
-688
-1248
13
1056
488
-688
-688
248
624
78
-376
-180
122
78
3
132
74
-296
-328
280
656
-17
-848
-456
816
976
-440
-1312
-196
1376
944
-1056
-1568
344
1888
560
-1696
-1440
992
1984
-74
-1984
-944
1632
1760
-784
-2112
-264
1984
1184
-1312
-1824
408
1952
528
-1632
-1248
912
1632
-74
-1504
-624
992
992
-440
-1056
-114
848
456
-456
-496
102
360
66
-124
-23
-39
-180
17
392
220
-488
-560
312
912
106
-1056
-688
880
1248
-344
-1568
-424
1504
1184
-976
-1824
132
1952
848
-1632
-1696
848
2112
196
-1984
-1184
1440
1888
-496
-2112
-496
1824
1376
-1056
-1824
156
1824
720
-1312
-1312
624
1440
110
-1248
-656
784
912
-244
-848
-172
560
360
-236
-296
17
90
-5
102
188
-140
-456
-37
624
408
-592
-848
280
1120
280
-1184
-944
848
1504
-172
-1696
-688
1504
1440
-848
-1952
-114
1984
1056
-1504
-1888
592
2112
472
-1952
-1376
1184
1984
-244
-1984
-752
1568
1440
-816
-1760
-74
1632
816
-1056
-1248
392
1248
244
-992
-624
528
752
-90
-560
-172
296
196
-66
-41
1
-172
-140
280
440
-180
-720
-156
848
656
-656
-1120
180
1376
496
-1248
-1184
784
1696
35
-1824
-944
1440
1696
-624
-1984
-376
1952
1312
-1312
-1984
328
2112
720
-1760
-1568
976
1984
13
-1888
1
1984
1120
-1120
-1504
74
944
312
-132
180
-66
-944
-592
1120
1632
-360
-2112
-912
1568
1760
-440
-1632
-472
752
496
-61
188
172
-784
-992
528
1824
496
-1824
-1632
848
1984
344
-1440
-944
456
592
29
156
376
-488
-1248
-118
1696
1248
-1184
-1984
-33
1952
1056
-976
-1248
43
592
122
110
496
-94
-1248
-752
1248
1824
-344
-2112
-912
1504
1632
-360
-1312
-376
488
196
45
560
296
-992
-1248
592
1984
560
-1824
-1632
784
1888
328
-1184
-720
280
244
-21
488
624
-624
-1504
-164
1888
1376
-1184
-1984
-62
1760
976
-784
-976
17
244
-78
344
848
-110
-1504
-912
1376
1952
-312
-2112
-912
1376
1440
-264
-992
-248
204
-114
132
912
424
-1248
-1440
624
2112
592
-1760
-1568
688
1632
296
-880
-488
114
-124
-86
816
880
-752
-1760
-212
1952
1376
-1120
-1984
-86
1568
816
-592
-624
1
-114
-280
560
1120
-110
-1760
-992
1376
1952
-264
-1984
-880
1184
1184
-196
-656
-118
-82
-440
220
1184
528
-1376
-1632
624
2112
624
-1696
-1504
592
1376
248
-592
-220
-41
-496
-156
1056
1056
-816
-1952
-248
1984
1440
-1056
-1824
-106
1312
656
-392
-280
1
-472
-496
752
1440
-98
-1952
-1056
1440
1952
-236
-1888
-784
976
944
-122
-312
35
-360
-752
280
1504
656
-1568
-1760
624
2112
624
-1568
-1312
488
1056
180
-264
57
-188
-848
-236
1312
1248
-880
-1984
-296
1
1984
1120
-1120
-1440
122
848
228
-47
296
-140
-1120
-560
1312
1632
-592
-2112
-624
1696
1440
-624
-1312
-196
528
140
98
592
98
-1248
-1056
1056
1952
1
-1984
-1120
1248
1568
-140
-1056
-344
244
-66
94
880
472
-1184
-1504
560
2112
624
-1760
-1568
688
1568
244
-752
-328
27
-344
-74
992
944
-976
-1888
1
1984
1184
-1312
-1760
156
1312
472
-424
-172
-43
-624
-392
1056
1376
-528
-1984
-624
1824
1632
-752
-1696
-280
976
496
-156
82
49
-816
-784
880
1760
1
-1984
-1184
1312
1888
-172
-1504
-560
592
408
-7
360
296
-880
-1184
496
1952
592
-1824
-1632
784
1888
312
-1184
-688
280
180
-21
592
656
-752
-1568
1
1984
1184
-1376
-1952
188
1696
688
-784
-624
62
-94
-196
688
1056
-456
-1824
-592
1760
1696
-816
-1984
-344
1376
848
-408
-456
-1
-344
-488
624
1376
1
-1888
-1120
1376
1984
-204
-1824
-752
944
848
-114
-180
90
-496
-848
392
1696
528
-1696
-1696
816
1984
376
-1504
-992
496
688
29
94
328
-496
-1184
1
1760
1120
-1312
-1984
204
1952
848
-1056
-1056
164
440
11
296
656
-328
-1504
-496
1632
1632
-816
-2112
-392
1632
1120
-624
-944
-57
156
-156
360
992
1
-1632
-1056
1312
1984
-212
-1984
-912
1184
1248
-212
-688
-118
-86
-440
264
1248
456
-1504
-1568
816
2112
408
-1760
-1248
720
1184
82
-408
-15
-220
-752
1
1984
992
-1440
-1568
488
1440
264
-880
-472
236
122
11
456
312
-784
-992
528
1696
248
-1888
-1248
1312
1984
-328
-1984
-688
1504
1248
-624
-1184
-55
624
204
-57
188
-118
-784
-280
1120
1056
-880
-1824
39
1984
992
-1568
-1824
624
1952
344
-1440
-912
656
848
-61
-328
-15
-196
-440
312
1056
156
-1440
-992
1184
1824
-376
-2112
-720
1760
1504
-880
-1760
-62
1312
592
-592
-496
74
1
-74
496
592
-592
-1312
62
1760
880
-1504
-1760
720
2112
376
-1824
-1184
992
1440
-156
-1056
-312
440
196
15
328
61
-848
-656
912
1440
-344
-1952
-624
1824
1568
-992
-1984
-39
1824
880
-1056
-1120
280
784
118
-188
57
-204
-624
55
1184
624
-1248
-1504
688
1984
328
-1984
-1312
1248
1888
-248
-1696
-528
992
784
-312
-456
-11
-122
-236
472
880
-264
-1440
-488
1568
1440
-992
-1984
1
1984
992
-1440
-1568
488
1440
264
-880
-472
236
122
11
456
312
-784
-992
528
1696
248
-1888
-1248
1312
1984
-328
-1984
-688
1504
1248
-624
-1184
-55
624
204
-57
188
-118
-784
-280
1120
1056
-880
-1824
39
1984
992
-1568
-1824
624
1952
344
-1440
-912
656
848
-61
-328
-15
-196
-440
312
1056
156
-1440
-992
1184
1824
-376
-2112
-720
1760
1504
-880
-1760
-62
1312
592
-592
-496
74
1
-74
496
592
-592
-1312
62
1760
880
-1504
-1760
720
2112
376
-1824
-1184
