1651 2 0 0 0
1
1984
992
-1440
-1504
528
1376
180
-784
-344
156
-55
62
656
296
-992
-1056
816
1824
-23
-1984
-992
1632
1760
-688
-1888
-248
1440
784
-656
-688
82
132
-55
408
560
-528
-1248
35
1696
880
-1568
-1760
752
2112
280
-1888
-1056
1056
1312
-236
-944
-188
280
11
148
560
-31
-1120
-624
1248
1504
-720
-1984
-264
1984
1248
-1312
-1760
360
1568
376
-944
-560
264
204
3
408
312
-784
-992
560
1696
212
-1888
-1184
1440
1952
-456
-1984
-496
1504
1056
-656
-944
41
392
39
172
424
-312
-1056
-140
1504
992
-1312
-1824
488
2112
560
-1824
-1376
976
1568
-98
-1120
-360
472
228
7
328
57
-880
-656
976
1440
-456
-1984
-496
1888
1440
-1120
-1952
156
1760
624
-1056
-848
312
472
11
132
248
-496
-912
328
1568
408
-1696
-1376
1184
1984
-204
-1984
-784
1504
1312
-592
-1184
-62
624
196
-35
228
-148
-880
-248
1248
1056
-992
-1824
220
2112
816
-1696
-1632
848
1760
86
-1312
-592
592
488
-66
66
82
-592
-624
720
1376
-196
-1888
-752
1696
1632
-944
-1984
-86
1824
880
-1056
-1120
296
752
90
-114
122
-280
-752
140
1312
560
-1440
-1440
912
1984
66
-1984
-1056
1440
1568
-496
-1440
-228
848
392
-188
-5
-43
-592
-312
976
1056
-752
-1824
-39
1984
1056
-1568
-1824
624
1952
312
-1440
-848
656
752
-78
-204
37
-344
-528
472
1248
11
-1696
1
2112
848
-1696
-1504
992
1760
-196
-1632
-440
1184
784
-592
-752
148
472
51
-70
66
-212
-440
236
880
78
-1120
-656
1120
1312
-784
-1824
78
1984
784
-1760
-1568
1120
1984
-328
-1984
-496
1696
1120
-1056
-1440
376
1312
172
-912
-424
440
344
-86
-33
3
-344
-244
560
688
-496
-1184
110
1504
560
-1504
-1312
1120
1888
-408
-2112
-488
1952
1248
-1376
-1824
592
1888
196
-1632
-784
1056
992
-456
-912
1
560
148
-148
5
-102
-376
66
784
280
-976
-848
880
1440
-392
-1824
-344
1888
1120
-1440
-1824
720
2112
148
-1984
-976
1504
1504
-784
-1632
66
1376
456
-912
-624
392
496
-53
-140
11
-220
-264
392
720
-264
-1120
-188
1376
848
-1248
-1504
720
1984
62
-1984
-944
1696
1632
-992
-1984
164
1952
592
-1504
-1120
880
1248
-236
-992
-188
624
280
-196
-86
-27
-280
-51
624
424
-752
-976
560
1440
-11
-1696
-752
1568
1504
-1056
-1984
264
2112
624
-1888
-1376
1184
1760
-440
-1760
-280
1376
752
-816
-848
280
624
29
-244
-27
-106
-248
236
688
-41
-1056
-440
1120
1056
-912
-1632
296
1984
496
-1888
-1312
1376
1952
-560
-2112
-280
1888
992
-1312
-1376
592
1440
35
-1056
-408
624
456
-196
-204
-1
-172
-122
488
496
-528
-992
248
1440
328
-1568
-1056
1248
1760
-624
-2112
-220
1984
1056
-1632
-1696
848
1952
-21
-1760
-656
1248
992
-656
-992
1
2112
816
-1696
-1440
992
1696
-280
-1504
-312
1056
592
-560
-528
140
212
1
204
188
-496
-624
496
1120
-140
-1504
-488
1568
1184
-1248
-1824
560
2112
264
-1984
-1056
1568
1568
-816
-1760
70
1504
488
-992
-688
472
560
-90
-212
1
-196
-236
440
688
-376
-1184
-27
1504
688
-1440
-1376
992
1952
-312
-2112
-528
1952
1248
-1376
-1760
592
1824
132
-1440
-624
944
784
-392
-592
35
212
1
180
264
-376
-752
248
1184
196
-1440
-880
1312
1568
-816
-1984
49
2112
784
-1824
-1504
1120
1888
-360
-1824
-344
1376
784
-816
-880
296
624
15
-204
1
-172
-312
312
784
-132
-1184
-360
1376
992
-1120
-1696
592
1984
220
-1984
-992
1632
1696
-944
-1952
124
1760
528
-1312
-912
720
944
-196
-624
-70
196
1
148
344
-248
-816
1
1184
528
-1248
-1184
976
1760
-344
-1984
-488
1952
1248
-1440
-1824
688
1984
114
-1760
-752
1184
992
-592
-976
90
624
122
-188
1
-132
-376
172
816
124
-1120
-688
1120
1312
-784
-1888
94
1984
720
-1824
-1504
1248
1952
-440
-1984
-344
1696
944
-1056
-1120
456
992
11
-592
-172
172
1
114
392
-94
-816
-248
1056
816
-992
-1440
560
1888
156
-1984
-976
1696
1696
-992
-1984
188
1984
560
-1568
-1056
944
1248
-312
-992
-118
592
220
-156
1
-86
-408
15
816
376
-992
-976
848
1568
-344
-1952
-408
1888
1184
-1504
1
2112
688
-1888
-1248
1440
1696
-880
-1952
244
1952
376
-1760
-912
1376
1248
-912
-1504
376
1440
110
-1312
-488
992
720
-656
-816
296
752
-29
-560
-132
360
180
-156
-102
15
-57
23
244
53
-408
-244
488
496
-456
-784
264
992
39
-1184
-456
1184
912
-992
-1312
624
1632
-148
-1824
-440
1760
992
-1504
-1568
992
1952
-440
-2112
-244
1984
912
-1824
-1504
1312
1888
-688
-2112
15
1984
624
-1824
-1184
1376
1568
-816
-1760
228
1696
312
-1504
-752
1120
992
-720
-1120
280
1056
70
-880
-312
624
424
-360
-408
140
280
-7
-102
-1
-78
-98
196
280
-220
-496
110
720
122
-848
-456
848
816
-688
-1120
392
1440
41
-1568
-560
1504
1056
-1184
-1568
784
1888
-188
-1984
-472
1952
1056
-1632
-1632
1056
1984
-472
-2112
-228
1984
880
-1760
-1440
1248
1824
-656
-1952
29
1888
560
-1632
-992
1184
1312
-688
-1440
196
1376
236
-1120
-528
848
720
-488
-720
180
624
33
-440
-132
228
110
-49
13
-41
-196
17
392
124
-496
-360
528
656
-440
-944
196
1120
172
-1248
-624
1184
1056
-944
-1504
496
1760
35
-1824
-624
1696
1184
-1376
-1696
848
1984
-220
-2112
-472
1984
1120
-1632
-1632
1120
1984
-472
-2112
-204
1984
816
-1632
-1312
1184
1632
-592
-1696
39
1632
456
-1312
-816
976
992
-528
-1056
148
944
148
-720
-328
488
376
-236
-296
62
140
1
41
1
2112
656
-1952
-1184
1504
1632
-976
-1888
376
1888
212
-1696
-688
1376
992
-944
-1184
496
1184
-86
-992
-212
784
376
-488
-392
228
280
-51
-82
1
-132
-82
312
280
-392
-528
344
848
-148
-1056
-172
1184
592
-1184
-1056
976
1440
-592
-1760
78
1888
496
-1824
-1056
1568
1632
-1056
-1984
496
2112
148
-2112
-784
1824
1312
-1376
-1696
848
1888
-236
-1888
-328
1632
784
-1248
-1056
848
1184
-392
-1120
7
976
264
-720
-392
424
376
-172
-244
27
33
-7
180
118
-344
-328
392
624
-312
-912
86
1120
264
-1184
-688
1120
1120
-912
-1568
488
1824
51
-1888
-656
1824
1248
-1440
-1696
976
1984
-360
-2112
-296
1984
944
-1760
-1440
1248
1760
-688
-1888
98
1824
456
-1568
-880
1184
1120
-720
-1184
296
1120
62
-912
-296
624
392
-360
-344
132
196
-11
15
21
-228
-156
360
392
-392
-688
280
976
-15
-1120
-360
1184
816
-1056
-1248
816
1632
-376
-1888
-188
1888
784
-1760
-1376
1376
1824
-848
-1984
204
2112
456
-1984
-1056
1632
1504
-1120
-1824
560
1888
35
-1760
-560
1504
944
-1056
-1184
624
1184
-204
-1056
-132
880
344
-560
-392
296
328
-94
-148
1
-66
-43
264
212
-376
-472
376
752
-228
-992
-61
1184
456
-1184
-912
1056
1312
-720
-1696
248
1888
328
-1888
-944
1696
1440
-1248
-1888
688
2112
-51
-2112
-592
1952
1184
-1568
-1632
992
1888
-424
1
1984
944
-1184
-1120
248
392
-23
528
688
-816
-1696
156
2112
912
-1568
-1504
528
1120
90
-156
196
-496
-1120
248
1888
720
-1760
-1632
848
1696
78
-880
-244
-33
-488
236
1440
488
-1760
-1504
1056
1984
-35
-1504
-528
528
196
82
752
236
-1440
-1184
1184
1984
-212
-1952
-688
1056
784
-196
-7
57
-912
-816
1056
1824
-376
-2112
-688
1568
1184
-528
-752
-9
-204
-360
784
1312
-472
-1984
-528
1888
1376
-944
-1376
39
528
29
312
752
-440
-1696
-344
1952
1376
-1248
-1824
188
1248
312
-264
122
-248
-1056
-148
1696
1120
-1376
-1952
392
1824
456
-912
-456
61
-360
-15
1248
848
-1376
-1824
592
2112
456
-1440
-880
472
392
3
560
456
-1120
-1440
688
2112
328
-1888
-1120
912
992
-94
-188
114
-624
-976
656
1888
164
-1984
-1184
1312
1504
-280
-944
-132
-27
-376
488
1376
1
-1952
-992
1568
1760
-528
-1568
-248
656
164
140
688
-94
-1568
-784
1632
1760
-784
-1984
-244
1312
592
-328
-23
-74
-944
-472
1376
1504
-944
-2112
-122
1824
880
-848
-688
70
-196
-188
976
1056
-944
-1984
43
1984
944
-1312
-1184
312
560
15
376
560
-752
-1568
188
1984
880
-1632
-1504
624
1248
98
-344
78
-392
-992
248
1824
656
-1824
-1632
944
1760
59
-1056
-328
98
-312
212
1248
408
-1696
-1440
1120
1984
-74
-1632
-592
656
344
23
560
180
-1312
-1120
1
1984
912
-1184
-992
248
280
-35
656
720
-976
-1760
360
2112
656
-1632
-1184
624
816
-1
164
312
-848
-1248
624
1984
312
-1952
-1184
1056
1184
-164
-408
33
-528
-784
752
1760
-49
-2112
-976
1504
1440
-488
-944
-62
-47
-328
656
1312
-344
-1984
-624
1824
1440
-912
-1376
35
496
1
376
816
-496
-1760
-248
1984
1248
-1312
-1632
296
1056
164
-59
312
-488
-1312
82
1952
944
-1632
-1696
688
1504
124
-592
-70
-248
-784
280
1696
528
-1824
-1504
1056
1824
-90
-1120
-296
140
-264
312
1248
164
-1824
-1184
1440
1888
-440
-1632
-312
656
164
140
720
-86
-1568
-784
1632
1696
-816
-1888
-148
1184
440
-204
188
-172
-1184
-392
1632
1376
-1184
-1984
156
1632
528
-688
-280
-61
-656
-86
1440
992
-1376
-1888
528
1984
408
-1184
-592
236
-86
57
1056
560
-1440
-1568
912
2112
132
-1696
-752
656
424
7
528
236
-1248
-1184
1120
1984
-228
-1984
-688
1120
784
-228
-23
25
-944
-720
1184
1760
-592
-2112
-440
1632
976
-624
-560
7
-424
-344
1056
1312
-880
-1984
-94
1984
944
-1056
-976
188
140
-74
784
848
-992
-1824
264
2112
752
-1568
-1184
528
688
5
296
408
-912
-1376
560
2112
408
-1888
-1184
976
1120
-106
-248
86
-624
-912
720
1888
41
-1984
-992
1376
1376
-392
-816
-57
-180
-440
688
1440
-280
-1984
-720
1760
1440
-784
-1248
-5
360
1
1984
816
-1504
-1184
656
912
-66
-204
57
-496
-624
784
1440
-408
-1984
-392
1984
1184
-1376
-1568
528
1312
70
-560
-98
-140
-456
424
1248
-62
-1824
-752
1760
1568
-1120
-1888
280
1632
344
-880
-376
140
-156
148
944
188
-1504
-976
1440
1760
-816
-2112
-70
1824
688
-1056
-752
296
220
11
560
312
-1056
-1056
992
1888
-408
-2112
-472
1824
1120
-1056
-1120
296
624
25
148
280
-688
-992
624
1760
-5
-1984
-880
1760
1504
-944
-1568
156
992
188
-212
98
-328
-848
280
1568
328
-1888
-1184
1504
1824
-688
-1888
-114
1312
472
-496
-196
-62
-496
39
1248
560
-1504
-1440
1120
1984
-328
-1984
-488
1440
848
-656
-560
70
-132
-74
848
656
-1120
-1504
752
1984
66
-1984
-880
1504
1248
-656
-992
55
264
-41
456
592
-720
-1440
344
1984
456
-1952
-1248
1376
1632
-496
-1376
-110
624
140
86
408
-360
-1184
11
1760
784
-1696
-1568
1056
1952
-228
-1632
-392
912
440
-172
98
-118
-880
-220
1440
992
-1376
-1824
752
2112
132
-1824
-784
1056
816
-296
-280
-3
-488
-312
992
1056
-976
-1888
328
2112
528
-1824
-1184
1056
1184
-280
-688
-43
-86
-248
624
992
-560
-1760
-55
1984
944
-1696
-1568
912
1632
-122
-1056
-228
264
-57
280
784
-244
-1504
-376
1824
1248
-1440
-1888
624
1888
172
-1312
-528
528
248
31
456
-7
-1184
-592
1440
1440
-1056
-1984
1
1984
784
-1504
-1120
656
816
-78
-66
78
-688
-656
976
1504
-656
-1984
-132
1984
912
-1504
-1248
656
944
-62
-204
61
-528
-624
848
1440
-496
-1984
-264
1984
1056
-1440
-1376
624
1056
-31
-328
25
-408
-592
720
1440
-376
-1984
-392
1984
1184
-1376
-1504
560
1184
15
-456
-23
-280
-560
592
1376
-248
-1952
-496
1952
1312
-1312
-1632
496
1312
82
-560
-90
-172
-488
472
1312
-140
-1888
-624
1888
1440
-1248
-1760
440
1440
156
-688
-172
-62
-408
360
1184
-35
-1824
-752
1760
1504
-1184
-1888
344
1568
248
-784
-264
35
-312
264
1120
57
-1696
-848
1696
1632
-1056
-1952
244
1632
360
-880
-376
122
-204
188
992
140
-1568
-912
1568
1696
-976
-1984
124
1696
472
-944
-488
188
-86
118
912
204
-1440
-976
1440
1760
-848
-1984
5
1760
592
-992
-592
248
39
62
784
248
-1312
-992
1312
1824
-720
-2112
-122
1824
720
-1056
-752
280
172
25
624
296
-1184
-1056
1184
1824
-592
-2112
-248
1824
848
-1056
-880
312
296
3
496
312
-1056
-1056
1056
1888
-456
-2112
-392
1888
992
-1056
-992
312
440
1
376
312
-944
-1056
944
1824
-312
-2112
-528
1824
1120
-1056
-1120
296
560
11
236
296
-816
-1056
784
1824
-188
-2112
-656
1824
1248
-1056
-1248
280
720
43
102
264
-656
-992
656
1824
-55
-2112
-784
1760
1376
-992
-1376
236
848
90
-23
220
-528
1
2112
656
-1760
-1120
1120
1184
-528
-944
86
424
23
156
236
-560
-752
688
1376
-408
-1888
-156
1984
848
-1824
-1376
1312
1696
-656
-1632
62
1184
248
-592
-212
61
-172
236
752
-172
-1312
-244
1632
880
-1632
-1504
1248
1952
-592
-1984
-66
1760
560
-1184
-720
592
528
-132
-41
-21
-528
-196
992
720
-1184
-1312
976
1888
-440
-2112
-244
1984
880
-1568
-1184
976
1184
-360
-848
3
296
1
264
344
-592
-944
592
1504
-228
-1952
-392
1984
1056
-1696
-1568
1056
1760
-440
-1568
-94
1056
312
-472
-164
-27
-280
228
880
-59
-1376
-440
1632
1056
-1504
-1696
992
1984
-360
-1984
-280
1632
688
-1056
-752
456
456
-61
82
9
-656
-328
1056
912
-1120
-1504
784
1984
-204
-2112
-488
1952
992
-1440
-1312
752
1184
-220
-752
-49
164
-53
344
488
-592
-1056
488
1632
-27
-1952
-624
1952
1248
-1504
-1696
880
1760
-228
-1440
-228
944
344
-328
-94
-94
-424
188
992
78
-1440
-624
1568
1312
-1376
-1824
816
1984
-122
-1952
-472
1504
784
-880
-752
312
360
-13
212
70
-752
-472
1056
1056
-992
-1696
592
1984
43
-2112
-720
1824
1184
-1184
-1312
560
1120
-90
-624
-74
39
-132
424
624
-560
-1248
344
1760
188
-1952
-880
1824
1440
-1312
-1824
656
1760
-37
-1376
-328
784
344
-212
1
-132
-560
124
1120
244
-1504
-848
1504
1504
-1184
-1952
560
2112
114
-1888
1
2112
624
-1760
-992
1120
1056
-528
-816
106
248
-5
360
264
-816
-816
944
1440
-688
-1952
164
2112
488
-1984
-992
1440
1312
-848
-1184
280
752
13
-132
61
-424
-472
752
1056
-688
-1696
296
1984
312
-1984
-944
1696
1376
-1120
-1440
496
1184
-39
-624
-86
13
-156
456
688
-592
-1312
376
1824
140
-1984
-784
1888
1312
-1376
-1632
752
1504
-164
-1056
-148
496
98
82
296
-424
-912
392
1504
-11
-1888
-592
1888
1184
-1568
-1696
976
1760
-344
-1504
-132
976
280
-344
-61
-140
-456
312
1056
-118
-1568
-392
1824
992
-1696
-1632
1184
1888
-528
-1824
-45
1376
376
-784
-360
204
-19
148
592
-156
-1184
-204
1632
816
-1632
-1440
1312
1888
-752
-1984
98
1760
392
-1184
-560
592
360
-86
132
-110
-752
-62
1248
560
-1504
-1184
1376
1760
-912
-1984
264
1984
328
-1568
-688
992
688
-392
-328
15
-248
7
848
328
-1248
-912
1312
1568
-992
-1984
456
2112
204
-1888
-720
1376
912
-720
-720
220
244
5
376
140
-912
-624
1120
1248
-1056
-1824
592
2112
43
-1984
-656
1696
992
-1056
-992
472
688
-74
-124
23
-472
-344
912
912
-976
-1568
688
1984
-124
-2112
-528
1952
1056
-1376
-1248
752
1056
-228
-624
-17
7
-106
528
560
-816
-1184
720
1760
-264
-1984
-360
1984
976
-1696
-1376
1056
1376
-440
-1056
17
496
57
98
236
-528
-784
624
1440
-376
1
2112
488
-1952
-880
1632
1184
-1184
-1248
784
1184
-360
-992
74
656
62
-264
-27
-106
-172
376
496
-496
-912
488
1312
-264
-1632
-82
1888
528
-1888
-992
1760
1440
-1440
-1760
992
1952
-528
-1888
78
1696
296
-1376
-528
992
560
-560
-472
236
204
-11
156
-47
-528
-66
912
344
-1120
-720
1184
1184
-1120
-1632
880
1952
-472
-2112
-7
2112
496
-1984
-912
1696
1184
-1248
-1312
816
1312
-392
-1056
78
752
78
-360
-66
-5
-114
296
440
-456
-816
440
1248
-248
-1568
-86
1824
528
-1888
-992
1696
1440
-1440
-1760
992
1952
-528
-1952
74
1760
312
-1440
-560
1056
624
-656
-528
296
296
-51
49
-31
-440
-61
784
312
-1056
-688
1120
1120
-1056
-1568
848
1888
-456
-2112
-15
2112
496
-1984
-944
1696
1248
-1312
-1376
848
1376
-408
-1184
86
848
98
-472
-110
90
-53
220
344
-392
-752
408
1120
-236
-1504
-90
1760
496
-1824
-992
1696
1440
-1440
-1760
992
1984
-528
-1984
66
1824
328
-1504
-592
1120
688
-720
-624
344
392
-86
-57
-15
-328
-53
688
280
-976
-656
1056
1056
-992
-1504
816
1888
-440
-1984
-23
2112
496
-1984
-976
1760
1248
-1312
-1440
880
1440
-440
-1248
86
976
118
-560
-148
188
7
132
264
-328
-656
360
1056
-212
-1440
-90
1696
496
-1760
-976
1696
1440
-1376
-1760
992
1984
-528
-1984
62
1888
344
-1632
-624
1184
752
-784
1
2112
456
-1952
-816
1632
1056
-1248
-1120
784
1056
-408
-784
122
424
1
1
49
-392
-264
688
624
-880
-1056
848
1440
-656
-1824
344
1984
82
-2112
-528
1984
944
-1760
-1248
1376
1376
-912
-1376
488
1120
-156
-816
-35
424
57
1
98
-344
-408
560
816
-624
-1248
496
1632
-244
-1952
-156
1984
592
-1984
-992
1760
1376
-1376
-1568
976
1632
-528
-1504
156
1184
98
-816
-188
392
106
1
140
-280
-496
408
944
-360
-1312
140
1696
212
-1888
-656
1888
1056
-1696
-1504
1376
1760
-992
-1888
528
1760
-124
-1504
-188
1120
344
-752
-328
328
148
1
172
-196
-592
220
992
-66
-1376
-244
1632
656
-1696
-1056
1632
1504
-1312
-1824
976
1984
-496
-1984
66
1824
296
-1440
-496
1056
560
-624
-456
248
180
1
204
-94
-624
11
992
236
-1312
-592
1440
1056
-1440
-1504
1184
1824
-880
-1984
440
2112
7
-1984
-408
1696
688
-1312
-816
880
752
-472
-528
164
204
1
212
7
-624
-196
976
496
-1120
-944
1184
1376
-1056
-1760
784
1984
-360
-2112
-94
2112
496
-1888
-848
1504
1056
-1056
-1056
656
912
-296
-592
62
212
1
212
114
-560
-392
848
784
-944
-1184
880
1632
-624
-1952
264
2112
180
-2112
-624
1952
992
-1632
-1248
1184
1312
-784
-1248
376
992
-90
-624
-43
204
1
196
212
-496
-560
688
976
-656
-1376
496
1760
-172
-1984
-248
1984
688
1
2112
280
-2112
-560
1984
816
-1824
-992
1632
1184
-1440
-1312
1184
1440
-944
-1440
688
1440
-440
-1376
228
1248
-41
-1056
-98
944
196
-720
-244
528
236
-344
-188
164
86
-21
47
-86
-212
148
392
-172
-592
140
784
-61
-976
-62
1120
236
-1248
-440
1312
656
-1312
-912
1312
1120
-1248
-1376
1120
1632
-976
-1824
752
1984
-496
-1984
228
2112
59
-2112
-344
2112
624
-1984
-880
1888
1120
-1696
-1312
1440
1440
-1184
-1504
944
1568
-688
-1568
440
1504
-204
-1376
9
1248
140
-1056
-248
880
312
-656
-328
472
280
-280
-204
124
82
-3
74
-74
-248
110
440
-94
-624
31
816
82
-976
-236
1056
424
-1184
-656
1184
880
-1184
-1120
1120
1376
-992
-1568
880
1824
-656
-1952
440
1984
-164
-2112
-118
2112
408
-2112
-688
1984
944
-1888
-1184
1696
1376
-1440
-1504
1184
1632
-944
-1696
656
1696
-408
-1632
180
1504
27
-1376
-196
1184
312
-992
-392
784
424
-560
-392
392
328
-228
-212
86
66
5
102
-57
-280
57
488
-7
-656
-86
816
228
-976
-408
1056
624
-1056
-848
1056
1056
-1056
-1312
944
1568
-784
-1760
592
1888
-360
-1984
106
1984
172
-2112
-456
1984
752
-1984
-992
1824
1248
-1632
-1440
1440
1632
-1184
-1696
944
1760
-656
-1760
392
1696
-140
-1632
-70
1504
248
-1312
-392
1120
488
-912
-496
688
496
-488
-456
312
344
-164
-212
55
49
9
1
2112
248
-2112
-496
1984
720
-1888
-912
1696
1056
-1440
-1120
1184
1184
-992
-1184
752
1120
-528
-992
344
912
-180
-720
61
496
7
-296
-25
82
-5
124
90
-312
-220
488
392
-592
-592
688
816
-720
-992
688
1248
-624
-1504
496
1696
-344
-1824
148
1952
78
-1984
-328
1984
560
-1984
-816
1952
1056
-1824
-1248
1632
1440
-1440
-1568
1184
1632
-976
-1632
720
1632
-488
-1568
264
1440
-78
-1248
-70
1056
172
-880
-228
624
236
-424
-180
212
86
-25
53
-124
-228
244
440
-296
-656
312
880
-280
-1056
188
1312
-55
-1440
-122
1632
328
-1696
-560
1760
816
-1760
-1056
1696
1312
-1568
-1504
1440
1696
-1248
-1824
992
1952
-784
-1984
496
1984
-264
-1952
37
1824
172
-1696
-344
1504
488
-1312
-560
1056
592
-848
-592
624
528
-408
-424
236
264
-90
-86
-5
-122
55
344
-53
-560
1
784
102
-976
-248
1120
440
-1248
-656
1312
880
-1312
-1120
1312
1376
-1184
-1568
1056
1760
-912
-1952
688
1984
-472
-2112
212
2112
41
-2112
-280
1984
496
-1952
-720
1760
880
-1568
-992
1312
1056
-1056
-1056
848
1056
-624
-976
424
848
-244
-656
114
472
-29
-264
-5
43
-9
172
78
-376
-196
528
344
-688
-528
784
752
-848
-992
848
1184
-784
-1440
688
1632
-528
-1824
344
1952
-118
-1984
-122
2112
376
-2112
-624
1984
880
-1952
-1056
1760
1248
-1568
-1376
1312
1504
