1651 2 0 0 0
1
1312
1984
1824
880
-296
-1056
-1248
-816
-220
140
110
-164
-328
-98
496
1184
1440
992
-78
-1312
-1984
-1952
-944
472
1632
1952
1440
440
-560
-1056
-944
-456
-33
45
-204
-488
-424
90
880
1504
1504
720
-528
-1696
-2112
-1696
-472
880
1760
1760
1056
66
-656
-880
-592
-172
3
-180
-528
-688
-376
408
1248
1760
1440
360
-976
-1952
-2112
-1312
-7
1184
1696
1440
656
-196
-624
-592
-244
1
-102
-496
-880
-816
-188
784
1632
1888
1184
-82
-1376
-2112
-1888
-880
408
1312
1568
1056
296
-312
-472
-248
29
31
-344
-848
-1056
-784
132
1184
1952
1824
848
-560
-1696
-2112
-1568
-424
720
1376
1248
688
39
-280
-204
78
196
-82
-656
-1184
-1184
-560
528
1632
1984
1632
392
-992
-1888
-1952
-1120
-11
912
1248
944
360
-78
-124
124
344
220
-328
-1056
-1440
-1184
-248
992
1952
1984
1248
-74
-1312
-1952
-1632
-720
312
944
976
560
114
-49
148
456
496
98
-688
-1376
-1632
-992
156
1440
2112
1888
848
-496
-1568
-1824
-1248
-328
496
848
656
248
3
122
488
720
528
-156
-1056
-1696
-1632
-720
624
1760
2112
1632
392
-880
-1632
-1568
-880
-13
528
592
312
19
41
408
816
912
424
-496
-1504
-1888
-1440
-296
1056
1984
1984
1184
-61
-1120
-1568
-1248
-496
180
456
296
1
-82
220
752
1120
944
164
-944
-1824
-1952
-1184
156
1440
1984
1824
752
1
1248
1984
1984
1312
188
-880
-1504
-1504
-992
-236
408
688
624
328
61
1
172
424
528
312
-220
-880
-1376
-1376
-784
212
1248
1952
1952
1184
-43
-1248
-1984
-1984
-1312
-156
976
1632
1632
1056
244
-496
-880
-816
-488
-114
70
1
-212
-344
-228
196
752
1184
1184
688
-228
-1184
-1888
-1888
-1120
82
1312
1984
1984
1312
122
-992
-1760
-1760
-1120
-244
592
1056
992
624
156
-140
-172
1
172
140
-156
-624
-992
-1056
-592
244
1120
1760
1760
992
-122
-1312
-1984
-1984
-1312
-82
1120
1888
1888
1184
228
-688
-1184
-1184
-752
-196
228
344
212
1
-70
114
488
816
880
496
-244
-1056
-1632
-1632
-976
156
1312
1984
1984
1248
43
-1184
-1952
-1952
-1248
-212
784
1376
1376
880
220
-312
-528
-424
-172
1
-61
-328
-624
-688
-408
236
992
1504
1504
880
-188
-1312
-1984
-1984
-1248
1
1248
1984
1984
1312
188
-880
-1504
-1504
-992
-236
408
688
624
328
61
1
172
424
528
312
-220
-880
-1376
-1376
-784
212
1248
1952
1952
1184
-43
-1248
-1984
-1984
-1312
-156
976
1632
1632
1056
244
-496
-880
-816
-488
-114
70
1
-212
-344
-228
196
752
1184
1184
688
-228
-1184
-1888
-1888
-1120
82
1312
1984
1984
1312
122
-992
-1760
-1760
-1120
-244
592
1056
992
624
156
-140
-172
1
172
140
-156
-624
-992
-1056
-592
244
1120
1760
1760
992
-122
-1312
-1984
1
1248
1984
1984
1248
114
-976
-1632
-1568
-992
-156
560
912
816
472
82
-114
-66
118
236
118
-248
-720
-1056
-976
-392
488
1312
1760
1568
688
-528
-1632
-2112
-1888
-880
440
1568
1984
1760
880
-264
-1184
-1568
-1312
-656
98
624
784
560
236
-5
-19
148
344
328
21
-496
-992
-1184
-912
-140
848
1632
1888
1376
296
-944
-1888
-2112
-1568
-440
848
1760
1984
1440
488
-560
-1248
-1440
-992
-360
264
592
560
312
70
-1
148
392
496
328
-164
-784
-1248
-1312
-752
196
1184
1888
1888
1056
-118
-1312
-1984
-1984
-1248
-7
1184
1888
1824
1120
106
-816
-1248
-1184
-720
-110
344
472
328
102
-7
102
376
624
592
236
-424
-1056
-1440
-1248
-496
560
1568
1984
1696
752
-528
-1696
-2112
-1824
-848
408
1440
1888
1568
752
-212
-944
-1184
-944
-440
55
312
280
94
-51
5
280
624
816
624
41
-752
-1376
-1568
-1120
-172
976
1824
1984
1504
328
-976
-1888
-2112
-1504
-424
752
1568
1760
1248
392
-456
-976
-992
-656
-204
124
196
59
-114
-124
118
528
880
944
528
-236
-1056
-1632
-1632
-912
220
1376
1984
1984
1120
-110
-1312
-1984
-1952
-1184
-13
992
1632
1504
912
86
-592
-880
-752
-408
-51
98
13
-172
-264
-102
312
816
1056
976
344
-560
-1376
-1824
-1504
-592
624
1696
2112
1824
752
-528
-1632
-1984
-1696
-784
344
1184
1568
1248
560
-148
1
1120
1952
2112
1632
688
-472
-1440
-1952
-1824
-1184
-196
784
1440
1632
1312
624
-172
-816
-1120
-1056
-720
-196
280
560
624
472
212
-3
-106
-78
23
106
74
-86
-328
-560
-624
-472
-78
456
944
1184
1056
560
-196
-976
-1504
-1632
-1184
-344
656
1504
1952
1760
992
-62
-1184
-1952
-2112
-1632
-624
560
1568
2112
1984
1248
156
-976
-1760
-1952
-1568
-752
264
1120
1632
1568
992
248
-496
-992
-1184
-976
-488
41
456
624
560
360
102
-66
-106
-33
70
110
17
-196
-456
-624
-592
-312
156
688
1056
1120
880
228
-560
-1248
-1632
-1504
-848
114
1056
1824
1952
1504
528
-592
-1568
-2112
-1984
-1184
-94
1056
1888
2112
1696
784
-376
-1376
-1952
-1888
-1248
-264
720
1376
1632
1376
688
-110
-784
-1120
-1120
-752
-244
248
560
624
488
236
7
-102
-82
15
102
82
-66
-312
-528
-624
-496
-118
408
912
1120
1056
592
-132
-912
-1504
-1632
-1248
-424
592
1440
1952
1824
1120
23
-1056
-1888
-2112
-1696
-720
472
1504
1984
1984
1312
244
-880
-1696
-1984
-1632
-816
196
1056
1568
1568
1056
312
-456
-992
-1184
-992
-528
1
424
624
560
376
122
-61
-110
-41
62
110
29
-172
-440
-592
-592
-344
114
656
1056
1184
912
280
-496
-1184
-1632
-1504
-912
35
992
1760
1952
1568
624
-496
-1504
-2112
-1984
-1312
-188
992
1888
2112
1760
848
-280
-1312
-1888
-1888
1
1120
1952
2112
1632
592
-560
-1568
-1984
-1824
-1056
-37
976
1632
1760
1312
496
-408
-1120
-1440
-1312
-752
-49
592
976
992
720
280
-180
-488
-560
-472
-244
-17
106
114
33
-47
-53
53
244
424
488
360
55
-376
-752
-976
-848
-408
236
880
1312
1312
944
148
-720
-1440
-1760
-1440
-688
328
1312
1952
1952
1312
244
-912
-1824
-2112
-1824
-880
344
1440
1984
1984
1376
280
-880
-1760
-1984
-1696
-848
264
1248
1824
1760
1184
264
-656
-1312
-1504
-1248
-592
156
784
1056
992
688
156
-312
-592
-656
-488
-212
37
180
180
98
5
-15
62
220
360
392
248
-49
-440
-752
-880
-688
-228
392
976
1312
1184
688
-90
-944
-1504
-1696
-1248
-424
592
1504
1952
1760
992
-78
-1184
-1952
-1984
-1568
-528
656
1696
2112
1952
1120
-41
-1184
-1952
-1984
-1504
-528
560
1504
1888
1696
976
1
-912
-1504
-1568
-1120
-424
376
976
1184
992
592
17
-472
-720
-720
-488
-164
114
248
248
156
43
1
55
180
296
296
156
-132
-472
-720
-784
-528
-59
528
992
1248
1056
488
-312
-1056
-1568
-1568
-992
-140
848
1632
1952
1568
720
-392
-1440
-1984
-1984
-1312
-212
976
1888
2112
1760
816
-376
-1440
-1984
-1984
-1312
-244
880
1696
1952
1568
720
-280
-1120
-1632
-1568
-992
-204
592
1120
1248
992
472
-140
-624
-816
-752
-456
-94
204
344
328
204
62
-5
27
1
1248
1888
1504
624
-110
-204
228
624
440
-440
-1504
-1984
-1696
-496
784
1440
1248
560
35
86
624
1056
912
-59
-1312
-2112
-1952
-944
280
976
912
344
-37
188
912
1504
1376
440
-944
-1888
-1952
-1120
-102
496
440
-49
-312
62
976
1760
1824
944
-424
-1504
-1760
-1184
-312
172
5
-496
-720
-248
816
1824
2112
1376
86
-992
-1376
-992
-312
5
-296
-944
-1184
-720
456
1632
2112
1696
496
-528
-944
-624
-90
57
-424
-1184
-1632
-1184
-23
1312
1984
1760
784
-140
-488
-188
280
312
-328
-1312
-1952
-1696
-528
816
1632
1568
848
86
-124
248
752
720
-31
-1184
-1984
-1984
-992
296
1184
1248
688
106
61
560
1184
1184
424
-880
-1952
-1984
-1312
-140
688
816
344
-86
33
720
1504
1696
944
-408
-1568
-1984
-1440
-440
296
344
-94
-456
-204
656
1632
1984
1376
118
-1120
-1696
-1312
-528
39
-21
-528
-912
-592
392
1568
2112
1760
592
-624
-1184
-992
-392
-1
-236
-880
-1376
-1056
-47
1248
1984
1888
944
-164
-752
-592
-74
172
-228
-1056
-1696
-1568
-560
816
1824
1824
1056
140
-328
-132
360
528
-9
-992
-1888
-1952
-1056
296
1312
1568
992
248
-57
248
816
992
376
-784
-1888
-2112
-1440
-188
848
1120
720
148
7
488
1184
1440
880
-360
-1632
-2112
-1632
-528
392
688
312
-148
-140
496
1376
1824
1376
140
-1184
-1888
-1568
-720
61
248
1
1312
1888
1504
592
-148
-280
110
496
328
-496
-1504
-1984
-1504
-280
992
1696
1440
656
-27
-110
328
720
528
-360
-1440
-2112
-1760
-560
752
1504
1312
624
39
27
496
976
784
-148
-1376
-2112
-1888
-816
488
1248
1120
560
51
114
656
1184
992
86
-1184
-1984
-1984
-992
228
992
976
440
1
148
784
1376
1248
360
-992
-1984
-1984
-1184
-5
752
752
264
-98
122
848
1568
1504
624
-752
-1824
-1984
-1248
-196
496
496
62
-248
35
880
1632
1760
912
-472
-1632
-1952
-1312
-344
312
296
-148
-440
-102
816
1696
1952
1184
-172
-1376
-1760
-1312
-424
156
102
-376
-656
-280
688
1696
1984
1440
106
-1120
-1632
-1184
-456
51
-66
-560
-912
-496
528
1632
2112
1632
376
-848
-1376
-1056
-424
1
-188
-784
-1120
-752
312
1568
2112
1760
624
-560
-1120
-944
-328
3
-264
-944
-1376
-992
70
1376
2112
1888
816
-328
-912
-720
-196
66
-280
-992
-1568
-1312
-204
1120
1984
1888
976
-110
-656
-496
-21
188
-244
-1056
-1696
-1568
-488
912
1888
1888
1056
66
-456
-280
180
344
-132
-1056
-1824
-1760
-784
624
1632
1760
1056
196
-264
-78
408
560
13
-992
-1888
-1952
-992
344
1440
1632
1056
264
-122
114
624
784
212
-912
-1888
-1984
-1248
62
1120
1440
992
280
-29
264
848
992
456
-720
-1824
-2112
-1440
-196
912
1248
848
236
3
376
992
1248
720
1
1184
1888
1760
992
122
-424
-440
-66
248
140
-456
-1248
-1760
-1504
-592
656
1696
1984
1568
624
-280
-720
-592
-180
98
-70
-656
-1312
-1504
-1056
39
1248
1984
1984
1248
132
-720
-992
-720
-244
11
-204
-752
-1248
-1184
-496
656
1696
2112
1760
720
-424
-1120
-1184
-752
-212
7
-244
-752
-992
-784
66
1184
1984
1984
1312
122
-976
-1504
-1312
-688
-94
86
-196
-624
-784
-344
560
1568
1984
1760
752
-528
-1504
-1696
-1248
-488
114
228
-82
-456
-472
74
976
1760
1952
1248
86
-1120
-1888
-1760
-1056
-164
392
408
51
-264
-180
408
1184
1760
1568
688
-592
-1632
-1984
-1632
-688
236
688
592
172
-118
49
656
1312
1568
1120
39
-1184
-1984
-1984
-1248
-204
688
976
720
236
-19
196
752
1248
1248
560
-592
-1696
-2112
-1824
-816
344
1120
1184
752
220
-1
244
752
1056
848
1
-1120
-1984
-2112
-1376
-204
912
1440
1312
688
114
-70
204
624
816
392
-496
-1504
-1984
-1824
-816
456
1440
1696
1248
496
-82
-212
98
488
496
-23
-944
-1760
-1952
-1312
-172
1056
1824
1760
1056
212
-344
-392
-33
296
212
-376
-1184
-1760
-1632
-752
496
1632
1984
1632
720
-180
-656
-560
-156
132
-25
-624
-1312
-1632
-1184
-122
1120
1984
1984
1312
264
-624
-944
-688
-236
27
-180
-752
-1248
-1312
-624
496
1632
2112
1888
880
-280
-1056
-1184
-752
-228
-1
-244
-752
1
1184
1888
1760
992
74
-496
-528
-196
124
66
-456
-1120
-1568
-1312
-360
912
1888
2112
1504
440
-592
-1056
-976
-488
-61
-59
-472
-944
-1056
-528
472
1568
2112
1888
848
-408
-1376
-1568
-1184
-456
86
148
-172
-496
-488
110
992
1760
1888
1184
-59
-1248
-1952
-1760
-976
-41
528
560
220
-110
-51
472
1120
1568
1248
296
-976
-1952
-2112
-1504
-376
624
1120
992
488
62
55
456
944
992
496
-496
-1568
-2112
-1824
-816
472
1376
1632
1184
440
-110
-172
148
488
440
-140
-992
-1760
-1888
-1120
118
1312
1952
1760
944
3
-560
-592
-244
90
33
-488
-1120
-1504
-1184
-244
992
1952
2112
1440
328
-688
-1184
-992
-496
-62
-49
-440
-912
-992
-456
560
1632
2112
1824
752
-528
-1440
-1632
-1120
-424
132
196
-124
-472
-408
172
1056
1760
1824
1056
-180
-1376
-1984
-1760
-912
31
624
624
264
-70
-17
488
1120
1504
1184
188
-1056
-1952
-2112
-1440
-280
752
1184
992
496
61
43
440
880
976
408
-592
-1632
-2112
-1760
-688
560
1504
1632
1120
392
-156
-220
102
440
376
-204
-1056
-1760
-1824
-992
236
1440
1984
1760
912
-70
-656
-656
-280
55
1
-496
-1120
-1440
-1120
-132
1056
1984
2112
1376
236
-784
-1248
-1056
-496
-57
-35
-424
-848
-912
-360
656
1632
2112
1696
624
-624
-1504
-1696
-1120
-376
180
248
-74
-408
-344
236
1056
1760
1760
976
-296
1
1120
1888
1952
1376
528
-312
-816
-848
-528
-156
5
-164
-560
-976
-992
-624
204
1184
1888
1984
1504
456
-720
-1632
-1888
-1568
-784
19
560
688
440
106
-55
118
560
1056
1248
944
156
-880
-1760
-2112
-1824
-880
280
1248
1760
1632
992
236
-328
-496
-328
-13
148
-17
-496
-1056
-1376
-1248
-528
496
1504
2112
1984
1248
148
-912
-1568
-1568
-1120
-440
124
344
204
-98
-280
-124
376
992
1504
1504
944
-94
-1184
-1984
-2112
-1568
-560
496
1248
1504
1184
560
41
-196
-82
220
440
312
-188
-912
-1504
-1696
-1312
-344
816
1760
2112
1824
944
-114
-976
-1312
-1120
-656
-156
82
-17
-328
-592
-528
-51
720
1440
1888
1632
784
-392
-1440
-1984
-1952
-1248
-264
624
1056
1056
656
228
-11
86
424
752
752
328
-472
-1312
-1888
-1888
-1184
-59
1056
1888
1984
1504
592
-296
-848
-944
-624
-236
-5
-110
-488
-880
-976
-624
148
1056
1824
1984
1568
496
-688
-1632
-1952
-1632
-880
-15
592
752
528
196
-21
82
488
944
1184
944
196
-816
-1696
-2112
-1824
-944
236
1248
1824
1696
1056
280
-344
-560
-440
-114
98
1
-424
-976
-1312
-1184
-560
440
1440
1984
1984
1312
212
-880
-1568
-1696
-1184
-496
114
392
296
7
-212
-124
312
944
1440
1440
944
-39
-1120
-1952
-2112
-1632
-624
472
1248
1568
1248
656
70
-236
-172
110
344
296
-140
-816
-1440
-1696
1
1120
1888
1952
1376
488
-392
-944
-976
-656
-236
-1
-86
-424
-752
-784
-392
376
1248
1824
1888
1184
82
-1056
-1888
-1984
-1568
-592
376
992
1184
880
392
21
-41
188
496
624
360
-280
-1056
-1696
-1760
-1184
-164
992
1888
2112
1696
720
-344
-1120
-1376
-1056
-560
-61
148
35
-248
-456
-312
196
912
1504
1696
1184
244
-912
-1824
-2112
-1760
-816
296
1184
1504
1312
720
118
-244
-248
1
248
244
-118
-720
-1312
-1504
-1184
-296
816
1760
2112
1824
912
-244
-1184
-1696
-1504
-912
-196
312
456
248
-35
-148
61
560
1056
1376
1120
344
-720
-1696
-2112
-1888
-992
164
1184
1760
1696
1056
280
-360
-624
-496
-188
41
-21
-392
-880
-1184
-992
-376
592
1568
1984
1888
1056
-82
-1184
-1888
-1824
-1248
-376
392
784
752
424
86
1
236
656
976
944
392
-488
-1376
-1952
-1888
-1120
1
1120
1888
1952
1376
488
-392
-944
-976
-656
-236
-1
-86
-424
-752
-784
-392
376
1248
1824
1888
1184
82
-1056
-1888
-1984
-1568
-592
376
992
1184
880
392
21
-41
188
496
624
360
-280
-1056
-1696
-1760
-1184
-164
992
1888
2112
1696
720
-344
-1120
-1376
-1056
-560
-61
148
35
-248
-456
-312
196
912
1504
1696
1184
244
-912
-1824
-2112
-1760
-816
296
1184
1504
1312
720
118
-244
-248
1
248
244
-118
-720
-1312
-1504
-1184
-296
816
1760
2112
1824
912
-244
-1184
1
1056
1824
1984
1760
992
98
-752
-1248
-1376
-1056
-592
-90
248
328
212
1
-132
-70
212
624
992
1120
912
328
-488
-1312
-1888
-1952
-1440
-560
496
1504
1984
1984
1568
656
-344
-1120
-1568
-1504
-1056
-456
132
496
560
424
172
1
13
236
560
816
880
560
-27
-784
-1440
-1824
-1696
-992
-70
976
1824
2112
1952
1184
188
-816
-1568
-1824
-1568
-944
-196
440
784
816
592
264
41
1
156
408
592
560
248
-312
-976
-1440
-1632
-1312
-560
408
1376
1984
2112
1696
784
-312
-1248
-1888
-1888
-1440
-688
140
784
1056
992
688
280
-15
-114
1
212
360
312
11
-488
-992
-1376
-1376
-944
-124
816
1632
1984
1952
1248
264
-816
-1696
-1984
-1888
-1184
-328
528
1120
1312
1120
688
196
-172
-296
-204
1
148
122
-140
-560
-976
-1184
-992
-496
280
1120
1760
1984
1632
816
-244
-1248
-1952
-2112
-1696
-880
114
976
1504
1504
1184
592
-1
-408
-528
-424
-188
1
9
-188
-496
-816
-944
-688
-140
592
1312
1760
1760
1248
328
-720
-1632
-2112
-1984
-1440
-440
592
1376
1760
1632
1056
360
-280
-688
-784
-592
-312
-66
1
-132
-392
-624
-656
-376
156
816
1376
1696
1440
816
-156
-1120
-1888
-2112
-1824
-992
49
1056
1760
1952
1568
880
47
-624
-992
-992
-752
-360
-35
86
1
-212
-392
-376
-118
376
944
1376
1440
1056
344
-592
-1504
-1984
-1984
-1504
1
1056
1824
1984
1760
992
13
-848
-1376
-1504
-1184
-592
-15
408
560
472
236
39
-1
148
440
688
784
528
37
-656
-1248
-1632
-1568
-992
-78
944
1760
2112
1952
1120
102
-976
-1760
-1984
-1696
-992
-94
720
1184
1312
992
528
49
-264
-344
-228
-29
90
23
-244
-592
-912
-976
-688
-110
656
1376
1824
1696
1120
180
-880
-1760
-2112
-1952
-1248
-196
848
1632
1888
1632
992
156
-560
-992
-1056
-848
-456
-62
148
148
-7
-188
-236
-66
296
752
1120
1184
880
196
-656
-1440
-1888
-1888
-1248
-280
816
1696
2112
1984
1312
280
-720
-1504
-1760
-1568
-976
-204
456
848
880
656
328
53
-51
39
244
408
392
132
-344
-912
-1312
-1376
-992
-296
624
1504
1984
1952
1376
392
-720
-1632
-2112
-1984
-1312
-360
592
1312
1632
1440
912
236
-328
-624
-656
-472
-196
-19
-29
-212
-472
-624
-560
-220
360
992
1440
1568
1184
408
-560
-1504
-1984
-1984
-1440
-488
624
1568
1984
1952
1312
440
-488
-1120
-1440
-1248
-816
-244
228
456
440
244
41
-33
86
376
688
848
752
312
-360
-1056
-1632
-1696
-1312
-496
496
1440
1984
2112
1568
560
-496
-1440
-1952
-1888
-1312
-488
376
992
1248
1056
688
228
-132
-280
-204
-15
124
110
-124
-496
-880
-1056
-944
-424
328
1120
1696
1888
1504
624
-440
-1440
-1984
-2112
-1632
-656
408
1312
1824
1760
1248
496
-264
-816
-992
1
976
1760
2112
1984
1504
688
-264
-1120
-1696
-1888
-1696
-1056
-344
424
992
1376
1376
1120
624
86
-392
-688
-816
-720
-488
-212
19
148
164
82
-23
-94
-70
62
280
496
688
688
496
148
-328
-816
-1184
-1312
-1184
-720
-43
720
1376
1760
1824
1376
688
-204
-1056
-1824
-2112
-1952
-1376
-496
496
1376
1984
2112
1824
1120
220
-720
-1504
-1888
-1888
-1440
-784
41
784
1312
1504
1376
976
392
-180
-624
-880
-880
-720
-424
-106
132
248
244
140
27
-37
-9
118
312
496
592
528
312
-70
-528
-944
-1184
-1184
-944
-376
312
992
1568
1760
1632
1056
248
-656
-1440
-1952
-1984
-1696
-976
-7
976
1760
2112
1984
1568
720
-264
-1120
-1760
-1984
-1760
-1184
-392
456
1120
1504
1568
1248
720
110
-472
-848
-992
-912
-656
-296
29
248
344
312
188
62
-3
21
140
312
456
496
392
124
-264
-688
-992
-1120
-992
-624
-45
624
1248
1632
1696
1312
656
-188
-1056
-1696
-1984
-1952
-1376
-496
488
1376
1984
2112
1888
1184
236
-720
-1504
-1984
-1984
-1568
-848
35
848
1440
1632
1504
1056
456
-204
-752
-1056
-1056
-912
-528
-148
188
392
456
376
220
74
1
27
132
280
392
376
236
-51
-424
-784
-992
-992
-816
-344
264
912
1376
1632
1504
992
248
-592
-1376
-1888
-1984
-1696
-976
-15
944
1696
2112
1984
1568
720
-248
-1184
-1824
-1984
-1888
-1248
-424
1
992
1760
2112
1984
1440
592
-376
-1248
-1824
-1952
-1696
-992
-196
624
1248
1632
1568
1184
560
-110
-688
-1056
-1184
-992
-656
-196
220
496
624
560
408
196
7
-94
-102
-33
57
110
74
-53
-248
-472
-592
-624
-456
-118
312
752
1056
1184
992
560
-70
-752
-1312
-1632
-1568
-1120
-424
440
1248
1824
1952
1696
992
114
-848
-1632
-2112
-1984
-1568
-720
280
1184
1888
2112
1888
1248
328
-624
-1440
-1888
-1952
-1504
-816
43
848
1376
1632
1504
992
376
-280
-816
-1120
-1120
-944
-528
-74
312
560
624
528
360
140
-29
-106
-86
-7
78
110
51
-102
-312
-496
-624
-592
-376
-1
456
880
1120
1120
912
392
-248
-912
-1440
-1632
-1504
-976
-196
656
1440
1888
1952
1568
816
-156
-1056
-1824
-2112
-1984
-1376
-472
560
1440
1984
2112
1760
992
62
-880
-1632
-1952
-1888
-1376
-592
264
992
1504
1632
1376
880
196
-456
-944
-1120
-1120
-848
-408
41
408
592
624
496
296
86
-61
-110
-70
15
94
102
17
-156
-376
-560
-624
-528
-280
114
560
976
1120
1120
784
228
-456
-1056
-1504
-1632
-1376
-784
35
880
1568
1952
1888
1376
528
-424
-1312
-1952
-2112
-1888
-1120
-188
816
1632
1984
1984
1568
784
-204
-1120
-1760
-1984
-1760
-1184
-344
496
1184
1568
1632
1248
688
9
-592
-992
-1184
-1056
-720
-280
148
472
624
592
456
236
37
-82
-106
-49
41
