1651 2 0 0 0
1
1632
2112
1184
-496
-1888
-1952
-752
912
1888
1568
248
-1120
-1696
-1120
148
1184
1376
624
-408
-992
-944
-248
456
720
488
19
-296
-296
-118
15
-21
-124
-98
148
440
488
118
-488
-880
-688
62
912
1248
688
-424
-1376
-1440
-496
880
1760
1504
148
-1376
-1984
-1312
328
1760
1984
944
-816
-1984
-1888
-472
1248
2112
1568
-41
-1568
-1984
-1056
488
1632
1696
592
-784
-1568
-1248
-172
912
1248
784
-124
-816
-880
-376
236
528
424
90
-140
-140
-25
-1
-132
-296
-244
110
528
688
312
-408
-992
-944
-188
816
1376
992
-122
-1312
-1696
-912
560
1760
1760
560
-1056
-1984
-1632
-124
1504
2112
1312
-376
-1824
-1984
-912
848
1984
1760
392
-1184
-1952
-1376
70
1376
1696
880
-424
-1312
-1312
-440
592
1120
848
94
-560
-752
-408
70
344
296
90
-33
15
114
55
-196
-456
-424
1
560
880
560
-248
-992
-1184
-488
656
1440
1312
228
-1120
-1824
-1248
188
1568
1952
992
-688
-1952
-1952
-560
1120
2112
1696
86
-1568
-2112
-1248
408
1760
1952
784
-816
-1824
-1568
-296
992
1632
1056
-86
-1056
-1248
-624
312
912
816
244
-344
-560
-376
-29
180
148
27
9
148
280
172
-196
-560
-624
-172
528
992
816
-23
-992
-1376
-816
392
1440
1568
592
-848
-1824
-1568
-236
1312
1984
1376
-248
-1760
-2112
-992
752
1984
1952
528
-1184
-1984
-1568
-39
1440
1952
1
1632
2112
1184
-560
-1888
-1952
-656
992
1984
1568
98
-1312
-1824
-1056
376
1440
1504
560
-688
-1376
-1056
-124
816
1056
656
-156
-720
-720
-264
244
472
344
47
-140
-124
-21
-5
-124
-244
-148
156
496
528
140
-472
-880
-688
62
880
1184
624
-440
-1312
-1312
-392
912
1696
1312
-21
-1376
-1888
-1056
528
1824
1888
624
-1056
-1984
-1696
-82
1568
2112
1248
-488
-1888
-1984
-752
992
1984
1696
180
-1376
-1952
-1184
328
1568
1696
688
-720
-1504
-1248
-204
912
1312
816
-140
-912
-976
-408
312
688
560
106
-280
-376
-204
13
82
7
-41
61
248
328
110
-312
-624
-528
17
688
976
560
-328
-1120
-1184
-392
752
1504
1184
45
-1248
-1760
-992
440
1696
1824
656
-976
-1984
-1696
-164
1504
2112
1312
-408
-1888
-1984
-848
944
1984
1760
264
-1376
-1984
-1312
264
1632
1824
816
-720
-1696
-1440
-296
976
1504
992
-118
-992
-1184
-528
360
912
784
180
-424
-624
-392
13
264
248
86
-21
13
98
57
-156
-376
-360
-7
488
752
472
-228
-912
-992
-376
624
1312
1056
98
-1056
-1568
-992
344
1568
1696
688
-880
-1888
-1632
-244
1376
1984
1376
-312
-1824
-1984
-912
880
1984
1824
360
-1312
-2112
-1440
204
1696
1952
944
-688
-1760
-1632
-392
992
1696
1120
-70
-1120
-1376
-688
392
1056
992
280
-496
-848
-592
-1
456
496
236
-86
-212
-132
-15
-21
1
1568
2112
1376
-94
-1440
-1824
-1056
140
1056
1184
624
-118
-496
-424
-122
1
-172
-408
-328
196
880
1120
656
-424
-1440
-1696
-848
656
1888
1984
880
-784
-1984
-1952
-752
816
1824
1632
528
-688
-1312
-1056
-280
408
592
360
49
1
204
344
114
-472
-992
-976
-188
944
1696
1376
172
-1312
-1984
-1568
-94
1504
2112
1504
-7
-1440
-1952
-1184
86
1120
1376
784
-98
-656
-624
-248
29
1
-212
-244
122
688
992
624
-328
-1312
-1632
-880
528
1760
1984
944
-688
-1952
-1984
-848
784
1888
1760
656
-688
-1440
-1248
-376
472
784
528
114
-106
1
180
94
-344
-816
-848
-220
784
1504
1312
244
-1184
-1984
-1632
-180
1376
2112
1568
82
-1440
-1984
-1376
13
1184
1504
944
-66
-752
-816
-408
43
164
1
-124
62
496
816
560
-236
-1120
-1504
-880
440
1632
1952
992
-592
-1952
-1984
-976
688
1888
1888
752
-656
-1568
-1376
-488
496
976
752
196
-196
-204
1
57
-212
-592
-688
-228
656
1312
1248
296
-1056
-1888
-1568
-264
1312
2112
1696
180
-1376
-1984
-1504
-66
1248
1696
1056
-15
-880
-992
-560
35
312
212
1
21
328
624
496
-156
-976
-1312
-848
328
1504
1888
992
-496
-1824
-1984
-992
624
1888
1952
880
-624
-1632
-1568
-592
496
1120
944
296
-264
-392
-188
1
-98
-408
-528
-220
496
1120
1120
328
-912
-1760
-1568
-344
1184
2112
1696
1
1568
2112
1376
-156
-1504
-1824
-1056
248
1184
1312
624
-236
-720
-624
-220
82
66
-114
-124
196
624
784
344
-528
-1312
-1312
-424
944
1824
1632
360
-1248
-2112
-1696
-212
1376
2112
1504
39
-1376
-1824
-1120
94
1120
1312
720
-132
-624
-592
-236
49
27
-156
-172
156
656
880
456
-456
-1312
-1440
-560
784
1824
1760
560
-1056
-1984
-1824
-424
1184
1984
1632
236
-1184
-1824
-1248
-61
992
1248
752
-35
-560
-560
-244
21
-5
-204
-228
114
656
944
560
-344
-1248
-1504
-752
624
1760
1888
752
-880
-1984
-1952
-624
992
1984
1760
424
-1056
-1760
-1312
-212
880
1248
816
53
-488
-528
-244
1
-37
-244
-280
61
624
976
688
-236
-1184
-1568
-912
472
1696
1952
944
-688
-1952
-1984
-816
848
1952
1824
592
-880
-1696
-1440
-344
720
1184
848
132
-408
-488
-228
-7
-62
-280
-344
1
592
992
784
-106
-1120
-1632
-1056
280
1632
1984
1120
-496
-1888
-1984
-992
656
1888
1888
784
-688
-1632
-1440
-488
592
1120
880
204
-328
-440
-212
-9
-78
-328
-408
-70
560
1056
912
27
-1056
-1696
-1184
110
1504
1984
1312
-296
-1760
-2112
-1184
456
1760
1952
944
-528
-1504
-1504
-592
472
992
880
264
-248
-392
-188
-3
-90
-360
-472
-140
528
1056
992
164
-992
-1696
-1312
-74
1376
1984
1440
-82
-1632
-2112
-1376
248
1632
1952
1056
-344
-1440
-1504
-720
344
976
1
1440
2112
1696
296
-1184
-1984
-1760
-560
880
1760
1696
720
-528
-1440
-1504
-784
248
1056
1184
720
-45
-656
-848
-528
-61
312
408
248
45
-41
23
122
90
-124
-424
-528
-328
172
720
976
656
-102
-944
-1376
-992
-82
992
1632
1376
344
-976
-1824
-1760
-656
816
1952
1984
976
-560
-1824
-2112
-1248
280
1632
2112
1440
23
-1376
-1984
-1568
-296
1056
1760
1504
488
-688
-1440
-1312
-560
392
992
1056
528
-148
-624
-688
-376
13
248
248
110
1
45
180
248
102
-244
-592
-656
-312
328
912
1056
624
-280
-1120
-1440
-976
122
1248
1760
1312
124
-1184
-1952
-1632
-424
1056
1984
1888
720
-848
-1984
-1984
-992
528
1824
1984
1184
-244
-1504
-1952
-1312
-43
1184
1696
1312
248
-816
-1376
-1120
-376
488
976
880
360
-220
-528
-496
-236
51
156
94
-9
1
164
344
344
66
-392
-752
-752
-248
496
1056
1120
528
-488
-1312
-1504
-880
344
1440
1824
1184
-122
-1440
-1984
-1504
-164
1312
2112
1760
472
-1056
-1984
-1952
-752
816
1888
1952
976
-488
-1632
-1824
-1056
180
1248
1632
1056
51
-912
-1248
-944
-196
528
880
688
220
-244
-440
-344
-118
43
35
-66
-102
43
312
496
408
-3
-560
-912
-784
-148
688
1248
1184
392
-720
-1504
-1568
-720
592
1696
1888
1056
-392
-1696
-1984
-1376
110
1568
2112
1632
196
-1312
-2112
-1760
-488
992
1952
1824
720
1
1504
2112
1632
236
-1248
-1984
-1696
-440
992
1888
1696
592
-752
-1632
-1632
-720
496
1376
1440
720
-264
-992
-1120
-656
98
688
848
528
7
-392
-496
-312
-37
124
124
27
-11
74
236
296
140
-212
-560
-656
-344
264
848
992
592
-236
-992
-1312
-880
124
1120
1632
1184
41
-1184
-1824
-1440
-248
1120
1984
1696
496
-992
-1984
-1952
-752
848
1984
1984
976
-624
-1888
-1984
-1120
376
1696
1984
1248
-140
-1376
-1888
-1312
-62
1120
1632
1248
220
-848
-1376
-1120
-312
560
992
912
328
-312
-688
-624
-248
132
328
280
106
-17
-5
82
114
-15
-264
-456
-392
-29
472
816
720
148
-592
-1120
-992
-344
656
1376
1376
560
-592
-1568
-1696
-848
496
1632
1888
1120
-328
-1632
-1984
-1376
110
1568
2112
1568
124
-1376
-2112
-1696
-360
1184
1984
1824
560
-944
-1888
-1760
-720
656
1632
1696
816
-424
-1312
-1440
-816
204
992
1184
752
-41
-688
-880
-592
-51
392
528
360
62
-140
-164
-66
3
-49
-188
-264
-148
164
496
624
360
-204
-784
-992
-624
156
976
1312
944
-39
-1056
-1568
-1248
-140
1056
1824
1504
360
-1056
-1952
-1760
-592
912
1984
1952
848
-720
-1952
-1984
-1056
496
1824
2112
1248
-264
-1632
-1984
-1376
29
1312
1888
1376
164
-1056
-1632
-1312
-312
784
1376
1184
392
-496
-992
-976
-392
280
688
656
296
-114
-344
-328
-140
15
39
-43
1
1440
1984
1504
248
-944
-1376
-976
-244
248
244
-55
-148
220
848
1184
784
-312
-1504
-1984
-1376
94
1568
2112
1504
188
-1056
-1504
-1056
-244
360
424
122
-66
172
720
992
656
-344
-1440
-1888
-1248
180
1632
2112
1504
110
-1184
-1632
-1184
-236
488
592
296
3
118
560
848
528
-376
-1376
-1824
-1120
264
1632
2112
1440
23
-1312
-1760
-1248
-204
624
816
456
61
45
392
656
424
-392
-1312
-1696
-992
344
1696
2112
1440
-66
-1440
-1888
-1312
-164
752
976
592
102
-45
212
488
312
-392
-1184
-1504
-912
424
1696
2112
1376
-156
-1504
-1984
-1312
-110
912
1120
720
122
-148
23
296
220
-360
-1056
-1376
-784
472
1696
1984
1248
-248
-1632
-1984
-1312
-41
992
1312
848
124
-264
-164
124
132
-328
-976
-1184
-656
496
1696
1984
1184
-344
-1696
-2112
-1312
35
1184
1440
944
118
-392
-360
-43
66
-264
-816
-1056
-528
528
1632
1888
1056
-440
-1760
-2112
-1312
122
1312
1632
992
86
-528
-528
-204
13
-196
-656
-880
-440
560
1568
1760
976
-496
-1824
-2112
-1248
212
1440
1760
1056
45
-656
-720
-344
-21
-102
-488
-688
-328
560
1440
1632
848
-592
-1824
-2112
-1184
312
1568
1824
1120
-9
-816
-912
-488
-43
3
-296
-496
-244
528
1312
1504
752
-656
-1824
-1984
-1120
408
1696
1952
1120
-78
-976
-1056
-592
-45
124
-110
-344
-164
496
1184
1376
624
1
1440
1984
1504
204
-992
-1440
-992
-212
360
408
114
-55
196
688
944
528
-472
-1504
-1824
-992
440
1760
2112
1312
-204
-1504
-1824
-1120
-15
816
944
496
45
-51
212
424
180
-528
-1248
-1376
-560
752
1888
1984
944
-656
-1888
-1984
-992
344
1312
1376
720
-78
-472
-344
-29
5
-360
-816
-848
-180
912
1696
1632
488
-992
-1984
-1952
-720
816
1760
1696
720
-392
-976
-848
-312
55
1
-296
-376
62
848
1376
1120
62
-1248
-1984
-1696
-312
1248
1984
1760
488
-848
-1504
-1184
-392
312
496
244
-17
94
528
880
624
-244
-1312
-1824
-1248
124
1568
2112
1568
98
-1312
-1888
-1376
-244
752
992
656
132
-98
78
344
244
-344
-1056
-1376
-784
488
1696
1984
1184
-344
-1696
-1984
-1312
94
1184
1504
944
61
-488
-456
-132
21
-236
-688
-848
-344
688
1568
1696
752
-752
-1952
-1984
-992
528
1696
1824
976
-220
-976
-976
-472
15
90
-172
-344
-53
656
1248
1184
296
-992
-1952
-1824
-624
976
1984
1888
752
-624
-1504
-1376
-592
236
560
376
49
27
392
784
688
-35
-1056
-1760
-1376
-164
1312
2112
1760
408
-1056
-1888
-1568
-488
624
1056
848
248
-114
-37
244
264
-196
-912
-1312
-912
220
1440
1984
1440
-33
-1504
-2112
-1568
-180
1056
1568
1120
228
-456
-560
-248
1
-124
-528
-816
-472
456
1376
1696
976
-456
-1760
-2112
-1312
244
1568
1888
1
1376
2112
1760
656
-688
-1568
-1632
-944
59
816
992
688
180
-172
-188
1
122
-35
-440
-816
-816
-280
592
1376
1632
976
-248
-1504
-1984
-1696
-424
992
1984
1984
1056
-344
-1440
-1824
-1248
-244
720
1120
944
392
-132
-328
-212
1
23
-236
-592
-752
-440
312
1120
1504
1184
124
-1120
-1952
-1888
-816
624
1824
2112
1440
57
-1248
-1888
-1568
-592
496
1184
1184
656
-11
-408
-424
-180
1
-78
-376
-592
-496
61
816
1376
1248
456
-752
-1760
-1952
-1184
220
1568
2112
1760
488
-944
-1888
-1824
-944
244
1120
1376
944
188
-408
-592
-392
-106
1
-164
-424
-472
-118
528
1120
1248
688
-376
-1440
-1888
-1440
-204
1184
1984
1952
912
-560
-1696
-1984
-1312
-98
992
1504
1184
456
-312
-688
-624
-264
-1
1
-212
-360
-212
296
880
1184
848
-47
-1120
-1760
-1632
-592
816
1888
2112
1248
-156
-1504
-1984
-1632
-488
784
1504
1440
752
-140
-752
-816
-496
-90
98
1
-204
-220
102
624
992
912
228
-784
-1568
-1696
-912
408
1632
2112
1568
264
-1184
-1984
-1888
-880
472
1440
1696
1056
114
-688
-992
-752
-248
122
180
1
-140
-15
392
816
912
440
-456
-1312
-1632
-1120
5
1312
1984
1824
688
-784
-1888
-1984
-1248
94
1312
1824
1376
424
-560
-1056
-992
-472
57
296
212
1
-51
188
560
784
528
-156
-992
-1504
-1312
-344
944
1888
1952
1056
-376
1
1376
2112
1760
592
-784
-1696
-1696
-912
164
976
1184
784
148
-328
-440
-248
-35
-25
-248
-496
-488
-61
624
1184
1184
528
-528
-1568
-1824
-1184
86
1440
2112
1760
528
-944
-1952
-1984
-1056
296
1376
1696
1184
204
-688
-1056
-880
-344
164
344
228
21
-3
228
528
624
296
-408
-1120
-1376
-912
140
1248
1888
1568
440
-992
-1984
-1984
-1056
424
1696
1984
1440
188
-992
-1632
-1376
-528
392
944
944
488
-7
-248
-188
5
57
-164
-528
-752
-496
140
976
1440
1184
280
-944
-1824
-1888
-944
496
1760
2112
1504
118
-1248
-1984
-1760
-656
624
1440
1504
848
-70
-752
-912
-560
-124
148
132
-49
-124
74
488
816
720
140
-720
-1376
-1440
-720
496
1632
1984
1376
23
-1376
-2112
-1824
-656
816
1824
1888
1056
-180
-1184
-1504
-1056
-236
496
816
624
236
-62
-82
94
204
39
-392
-816
-912
-440
440
1312
1632
1056
-59
-1312
-1984
-1760
-560
944
1984
1984
1120
-296
-1504
-1952
-1376
-264
848
1376
1184
496
-248
-688
-624
-296
-7
37
-132
-280
-172
248
784
992
720
-102
-1056
-1632
-1440
-424
944
1888
1984
1056
-408
-1696
-2112
-1568
-228
1120
1888
1632
688
-472
-1184
-1248
-720
1
496
592
344
61
-5
156
360
312
-86
-688
-1056
-992
-248
784
1568
1696
880
-456
-1696
-2112
-1504
-140
1312
2112
1888
720
-656
-1632
-1760
-992
70
976
1248
912
1
1312
1984
1984
1056
-280
-1440
-1984
-1696
-720
496
1440
1760
1312
392
-624
-1312
-1376
-912
-124
592
976
912
488
-21
-392
-496
-376
-140
33
62
-25
-114
-82
106
376
560
496
164
-376
-880
-1056
-784
-94
752
1376
1440
880
-106
-1120
-1760
-1696
-848
392
1504
1984
1696
656
-688
-1824
-2112
-1632
-392
992
1952
1984
1376
90
-1184
-1952
-1824
-992
172
1184
1696
1440
656
-344
-1120
-1376
-992
-328
392
848
880
560
102
-280
-440
-344
-156
1
19
-74
-172
-148
51
360
592
624
312
-244
-816
-1120
-976
-328
528
1248
1568
1120
196
-912
-1696
-1824
-1120
39
1248
1984
1952
992
-328
-1568
-2112
-1824
-752
624
1760
2112
1632
456
-848
-1760
-1952
-1248
-156
976
1632
1568
880
-74
-912
-1248
-1120
-496
196
688
848
624
204
-172
-344
-312
-148
-17
-5
-114
-236
-228
-23
312
624
720
472
-78
-720
-1120
-1120
-560
312
1120
1568
1376
496
-624
-1568
-1888
-1440
-312
976
1888
1984
1312
51
-1248
-1984
-1984
-1120
244
1504
1984
1824
816
-496
-1568
-1952
-1504
-488
656
1440
1568
1056
188
-688
-1184
-1120
-656
5
528
784
624
280
-70
-264
-248
-124
-13
-17
-140
-280
-312
-118
248
624
816
624
98
-592
-1120
-1248
-816
57
992
1568
1504
816
-312
-1376
-1952
-1696
-688
624
1760
2112
1632
440
-944
-1952
-2112
-1440
-140
1184
1984
1952
1120
-140
-1312
1
1312
2112
1952
992
-376
-1568
-1984
-1696
-592
688
1632
1888
1312
236
-880
-1568
-1568
-912
62
912
1312
1120
496
-244
-784
-944
-688
-204
248
496
488
280
27
-122
-122
-31
31
-11
-164
-328
-376
-204
156
560
784
688
212
-440
-992
-1184
-848
-62
816
1440
1440
816
-220
-1248
-1760
-1568
-656
560
1632
1984
1504
376
-976
-1952
-1984
-1312
-7
1312
2112
1984
992
-360
-1568
-2112
-1760
-624
688
1696
1952
1376
248
-912
-1632
-1632
-976
62
992
1440
1248
560
-264
-912
-1056
-816
-244
312
624
624
392
45
-204
-264
-180
-55
1
-57
-172
-236
-140
118
440
624
560
180
-376
-880
-992
-752
-62
752
1312
1312
784
-196
-1120
-1696
-1504
-624
528
1568
1952
1504
376
-944
-1888
-1984
-1312
-15
1312
2112
1984
992
-360
-1568
-2112
-1760
-656
688
1760
1984
1440
264
-944
-1696
-1760
-992
61
1056
1504
1312
624
-280
-992
-1184
-912
-280
376
784
784
496
61
-280
-424
-328
-140
11
51
-15
-98
-82
74
312
488
440
148
-312
-752
-912
-656
-61
656
1184
1248
720
-180
-1056
-1568
-1440
-592
496
1504
1888
1440
360
-912
-1824
-1984
-1312
-23
1248
1984
1984
992
-360
-1568
-2112
-1824
-656
720
1760
1984
1504
280
-976
-1824
-1824
-1056
57
1120
1632
1440
688
-296
-1056
-1312
-992
-328
424
912
944
592
78
-360
-560
-488
-236
23
156
140
45
-15
1
1376
1984
1568
496
-456
-784
-472
-41
-13
-496
-1120
-1184
-488
784
1888
2112
1248
-180
-1312
-1632
-1056
-244
264
188
-204
-328
124
992
1632
1504
408
-992
-1984
-1984
-992
296
1120
1120
560
53
39
472
816
560
-328
-1440
-1984
-1568
-244
1184
1952
1632
656
-312
-720
-472
-41
23
-456
-1056
-1312
-688
560
1760
2112
1440
57
-1184
-1632
-1184
-344
204
172
-220
-392
15
912
1632
1632
624
-816
-1952
-1984
-1120
102
992
1056
592
86
35
456
848
688
-156
-1312
-1984
-1696
-488
976
1888
1696
816
-180
-624
-472
-39
66
-376
-1056
-1376
-848
360
1632
2112
1632
280
-992
-1568
-1184
-456
132
148
-228
-456
-98
784
1632
1696
848
-560
-1824
-1984
-1312
-94
880
1056
624
122
29
440
880
816
17
-1120
-1984
-1824
-720
752
1760
1760
976
-37
-560
-456
-35
110
-296
-992
-1440
-992
140
1440
2112
1760
496
-816
-1504
-1248
-528
66
124
-236
-496
-220
656
1568
1824
1056
-344
-1632
-1984
-1504
-280
720
992
656
148
19
408
912
944
196
-992
-1952
-1952
-944
496
1632
1824
1056
98
-488
-440
-29
148
-228
-976
-1440
-1184
-78
1312
2112
1888
720
-592
-1376
-1312
-624
1
110
-244
-560
-328
496
1440
1888
1248
-102
-1440
-1984
-1632
-488
560
976
688
172
7
376
912
992
376
-816
-1888
-1984
-1120
280
1504
1824
1184
236
-408
-408
-23
196
-140
1
1376
1984
1568
472
-528
-880
-560
-114
-21
-440
-976
-992
-296
912
1888
1984
992
-488
-1632
-1824
-1120
-94
560
592
188
-66
196
816
1248
976
-78
-1376
-2112
-1760
-528
880
1696
1504
688
-148
-472
-220
132
78
-496
-1248
-1440
-784
528
1760
2112
1440
55
-1184
-1568
-1120
-312
236
204
-164
-328
78
912
1568
1440
424
-992
-1984
-1984
-992
376
1248
1312
720
61
-132
156
496
360
-392
-1312
-1824
-1248
33
1440
2112
1696
496
-656
-1184
-976
-344
31
-114
-528
-720
-212
816
1760
1888
976
-496
-1760
-1984
-1312
-90
816
992
560
86
51
472
912
752
-90
-1248
-1984
-1696
-496
976
1888
1760
848
-236
-784
-656
-196
15
-296
-880
-1120
-624
496
1696
2112
1440
23
-1312
-1888
-1376
-408
408
592
264
-70
53
656
1248
1184
344
-976
-1984
-1984
-992
440
1504
1632
976
86
-392
-264
106
188
-280
-1056
-1504
-1120
62
1440
2112
1760
528
-816
-1504
-1312
-560
98
220
-110
-376
-132
656
1440
1632
880
-528
-1760
-2112
-1376
-74
992
1376
912
228
-110
90
488
496
-90
-1056
-1760
-1568
-472
992
1984
1952
944
-312
-1056
-1056
-496
-33
-53
-472
-784
-488
456
1504
1952
1376
-7
-1376
-1984
-1632
-488
560
976
656
172
7
344
848
944
264
-912
-1888
-1952
-992
496
1696
1888
1184
94
-624
-688
-280
27
-156
-752
-1184
-944
82
1376
1984
1760
1
1312
1984
1824
912
-220
-992
-1120
-752
-212
66
-47
-376
-528
-236
496
1312
1696
1312
212
-1056
-1984
-1984
-1248
62
1184
1696
1376
592
-172
-528
-440
-114
61
-148
-656
-1056
-992
-328
752
1696
1984
1440
156
-1184
-1984
-1888
-992
106
976
1184
848
280
-66
-11
296
496
280
-392
-1184
-1632
-1376
-360
976
1952
2112
1376
90
-1120
-1696
-1504
-720
102
560
496
188
-41
94
560
992
992
424
-624
-1632
-1984
-1504
-312
1056
1952
1952
1184
19
-912
-1184
-944
-360
51
66
-220
-456
-312
280
1056
1568
1376
488
-816
-1888
-2112
-1504
-244
992
1696
1568
848
-21
-560
-560
-264
11
-53
-472
-944
-992
-496
488
1504
1984
1632
488
-912
-1888
-1984
-1312
-148
848
1248
992
440
-23
-110
140
408
344
-196
-976
-1568
-1440
-624
656
1760
2112
1632
408
-912
-1696
-1632
-976
-66
528
624
344
27
21
376
848
992
592
-360
-1376
-1952
-1696
-624
752
1824
1984
1440
280
-752
-1248
-1056
-528
-11
140
-62
-360
-344
110
880
1440
1504
720
-496
-1632
-2112
-1760
-560
784
1632
1696
1056
164
-496
-688
-424
-74
1
-296
-784
-992
-656
228
1248
1952
1760
784
-592
-1760
-2112
-1568
-440
688
1248
1184
624
61
-172
-7
280
344
-35
-752
-1376
-1504
-848
344
1568
2112
1824
720
-624
-1632
-1760
-1184
-264
488
720
496
132
-5
236
688
976
688
-106
-1120
