1651 2 0 0 0
1
1952
1632
-528
-1984
-1248
992
1984
752
-1312
-1824
-236
1568
1504
-212
-1568
-1056
560
1440
656
-752
-1120
-264
784
848
1
-656
-488
132
440
196
-114
-132
-11
-47
-156
-33
312
392
-70
-624
-528
312
944
496
-656
-1184
-328
1056
1312
1
-1440
-1248
424
1760
1056
-912
-1952
-720
1376
1952
264
-1760
-1824
264
1984
1504
-784
-2112
-992
1248
1984
496
-1568
-1824
1
1760
1440
-472
-1760
-992
816
1632
560
-992
-1312
-164
1056
976
-132
-944
-592
296
688
280
-296
-392
-74
156
90
1
90
156
-74
-392
-296
280
688
296
-592
-944
-132
976
1056
-164
-1312
-992
560
1632
816
-992
-1760
-472
1440
1760
1
-1824
-1568
496
1984
1248
-992
-2112
-784
1504
1984
264
-1824
-1760
264
1952
1376
-720
-1952
-912
1056
1760
424
-1248
-1440
1
1312
1056
-328
-1184
-656
496
944
312
-528
-624
-70
392
312
-33
-156
-47
-11
-132
-114
196
440
132
-488
-656
1
848
784
-264
-1120
-752
656
1440
560
-1056
-1568
-212
1504
1568
-236
-1824
-1312
752
1984
992
-1248
-1984
-528
1632
1952
1
-1952
-1632
528
1984
1248
-992
-1984
-752
1312
1824
236
-1568
-1504
212
1568
1056
-560
-1440
-656
752
1120
264
-784
-848
1
656
488
-132
-440
-196
114
132
11
47
156
33
-312
-392
70
624
528
-312
-944
-496
656
1184
328
-1056
-1312
1
1440
1248
-424
-1760
-1056
1
1984
1504
-784
-1984
-720
1312
1568
1
-1312
-912
424
912
280
-376
-312
1
-62
-188
180
656
328
-720
-1120
1
1376
1184
-688
-1888
-752
1440
1952
1
-1984
-1504
816
2112
784
-1376
-1696
1
1504
1056
-496
-1120
-376
560
560
1
-188
1
-78
-408
-236
560
912
1
-1184
-1056
624
1760
720
-1376
-1888
1
1984
1504
-816
-2112
-816
1440
1824
1
-1632
-1184
592
1376
472
-720
-784
1
440
188
-25
132
124
-376
-688
1
992
912
-528
-1568
-656
1312
1760
1
-1952
-1504
816
2112
816
-1504
-1952
1
1760
1312
-656
-1568
-528
912
992
1
-688
-376
124
132
-25
188
440
1
-784
-720
472
1376
592
-1184
-1632
1
1824
1440
-816
-2112
-816
1504
1984
1
-1888
-1376
720
1760
624
-1056
-1184
1
912
560
-236
-408
-78
1
-188
1
560
560
-376
-1120
-496
1056
1504
1
-1696
-1376
784
2112
816
-1504
-1984
1
1952
1440
-752
-1888
-688
1184
1376
1
-1120
-720
328
656
180
-188
-62
1
-312
-376
280
912
424
-912
-1312
1
1568
1312
-720
-1984
-784
1504
1984
1
-1984
-1504
784
1984
720
-1312
-1568
1
1312
912
-424
-912
-280
376
312
1
62
188
-180
-656
-328
720
1120
1
-1376
-1184
688
1888
752
-1440
-1952
1
1984
1504
-816
-2112
-784
1376
1696
1
-1504
-1056
496
1120
376
-560
-560
1
188
1
78
408
236
-560
-912
1
1984
1376
-1056
-1984
-328
1824
1504
-752
-1984
-592
1504
1568
-392
-1696
-752
1056
1376
-90
-1312
-752
656
1056
94
-848
-592
312
624
132
-360
-264
66
132
11
49
148
-33
-360
-248
344
624
23
-784
-624
496
1120
228
-1120
-1056
496
1504
528
-1248
-1504
328
1824
912
-1248
-1888
62
1952
1248
-1120
-1984
-264
1952
1568
-848
-2112
-592
1760
1760
-496
-1984
-880
1376
1760
-180
-1824
-992
992
1632
102
-1440
-992
624
1312
264
-976
-848
296
880
296
-528
-528
78
392
156
-124
-94
1
-94
-124
156
392
78
-528
-528
296
880
296
-848
-976
264
1312
624
-992
-1440
102
1632
992
-992
-1824
-180
1760
1376
-880
-1984
-496
1760
1760
-592
-2112
-848
1568
1952
-264
-1984
-1120
1248
1952
62
-1888
-1248
912
1824
328
-1504
-1248
528
1504
496
-1056
-1120
228
1120
496
-624
-784
23
624
344
-248
-360
-33
148
49
11
132
66
-264
-360
132
624
312
-592
-848
94
1056
656
-752
-1312
-90
1376
1056
-752
-1696
-392
1568
1504
-592
-1984
-752
1504
1824
-328
-1984
-1056
1376
1984
1
-1984
-1376
1056
1984
328
-1824
-1504
752
1984
592
-1504
-1568
392
1696
752
-1056
-1376
90
1312
752
-656
-1056
-94
848
592
-312
-624
-132
360
264
-66
-132
-11
-49
-148
33
360
248
-344
-624
-23
784
624
-496
-1120
-228
1120
1056
-496
-1504
-528
1248
1504
-328
-1824
1
1984
1312
-992
-1824
-248
1248
880
-344
-624
-106
25
-228
124
848
496
-944
-1440
114
1888
1184
-1184
-2112
-204
1888
1376
-784
-1696
-360
992
784
-196
-408
-39
-148
-456
98
1056
720
-944
-1696
-61
1888
1376
-992
-2112
-392
1760
1440
-592
-1504
-440
816
656
-86
-164
62
-280
-688
31
1184
944
-912
-1824
-248
1888
1568
-848
-2112
-560
1568
1440
-392
-1312
-472
592
488
-21
66
212
-392
-912
-74
1312
1120
-848
-1984
-456
1824
1696
-656
-1984
-720
1376
1440
-220
-1120
-456
392
280
1
280
392
-456
-1120
-220
1440
1376
-720
-1984
-656
1696
1824
-456
-1984
-848
1120
1312
-74
-912
-392
212
66
-21
488
592
-472
-1312
-392
1440
1568
-560
-2112
-848
1568
1888
-248
-1824
-912
944
1184
31
-688
-280
62
-164
-86
656
816
-440
-1504
-592
1440
1760
-392
-2112
-992
1376
1888
-61
-1696
-944
720
1056
98
-456
-148
-39
-408
-196
784
992
-360
-1696
-784
1376
1888
-204
-2112
-1184
1184
1888
114
-1440
-944
496
848
124
-228
25
-106
-624
-344
880
1248
-248
-1824
-992
1312
1984
1
-1984
-1312
992
1824
248
-1248
-880
344
624
106
-25
228
-124
-848
-496
944
1440
-114
-1888
-1184
1184
2112
204
-1888
-1376
784
1696
360
-992
-784
196
408
39
148
456
-98
-1056
-720
944
1696
61
-1888
-1376
992
2112
392
-1760
-1440
592
1504
440
-816
-656
86
164
1
1984
1184
-1312
-1888
148
1760
848
-1056
-1248
196
1056
392
-528
-472
78
132
-23
212
392
-204
-848
-280
992
1056
-592
-1632
-360
1696
1440
-944
-1984
-264
1984
1440
-1120
-1984
-94
1824
1120
-992
-1504
47
1248
624
-624
-720
66
392
94
1
180
-74
-592
-312
752
976
-344
-1504
-528
1440
1504
-656
-1984
-496
1824
1632
-880
-2112
-360
1824
1376
-912
-1760
-156
1376
880
-656
-992
-11
624
264
-164
-62
-7
-328
-264
496
848
-156
-1248
-624
1120
1504
-392
-1952
-752
1632
1760
-624
-2112
-624
1760
1632
-752
-1952
-392
1504
1120
-624
-1248
-156
848
496
-264
-328
-7
-62
-164
264
624
-11
-992
-656
880
1376
-156
-1760
-912
1376
1824
-360
-2112
-880
1632
1824
-496
-1984
-656
1504
1440
-528
-1504
-344
976
752
-312
-592
-74
180
1
94
392
66
-720
-624
624
1248
47
-1504
-992
1120
1824
-94
-1984
-1120
1440
1984
-264
-1984
-944
1440
1696
-360
-1632
-592
1056
992
-280
-848
-204
392
212
-23
132
78
-472
-528
392
1056
196
-1248
-1056
848
1760
148
-1888
-1312
1184
1984
1
-1984
-1184
1312
1888
-148
-1760
-848
1056
1248
-196
-1056
-392
528
472
-78
-132
23
-212
-392
204
848
280
-992
-1056
592
1632
360
-1696
-1440
944
1984
264
-1984
-1440
1120
1984
94
-1824
-1120
992
1504
-47
-1248
-624
624
720
-66
-392
-94
1
-180
74
592
312
-752
1
2112
992
-1568
-1824
656
1984
376
-1824
-1248
1120
1760
-228
-1760
-624
1312
1184
-624
-1376
-86
1184
624
-752
-880
228
816
180
-560
-360
236
312
-13
-132
-13
-53
-132
98
360
59
-528
-392
488
784
-180
-992
-344
992
944
-656
-1376
1
1568
816
-1248
-1504
560
1888
360
-1824
-1248
1184
1952
-264
-2112
-784
1760
1696
-912
-2112
-132
1984
1120
-1440
-1824
496
1984
488
-1696
-1248
976
1696
-106
-1568
-656
1120
1120
-488
-1248
-140
992
560
-560
-720
132
592
156
-344
-220
98
98
1
98
98
-220
-344
156
592
132
-720
-560
560
992
-140
-1248
-488
1120
1120
-656
-1568
-106
1696
976
-1248
-1696
488
1984
496
-1824
-1440
1120
1984
-132
-2112
-912
1696
1760
-784
-2112
-264
1952
1184
-1248
-1824
360
1888
560
-1504
-1248
816
1568
1
-1376
-656
944
992
-344
-992
-180
784
488
-392
-528
59
360
98
-132
-53
-13
-132
-13
312
236
-360
-560
180
816
228
-880
-752
624
1184
-86
-1376
-624
1184
1312
-624
-1760
-228
1760
1120
-1248
-1824
376
1984
656
-1824
-1568
992
2112
1
-2112
-992
1568
1824
-656
-1984
-376
1824
1248
-1120
-1760
228
1760
624
-1312
-1184
624
1376
86
-1184
-624
752
880
-228
-816
-180
560
360
-236
-312
13
132
13
53
132
-98
-360
-59
528
392
-488
-784
180
992
344
-992
-944
656
1376
1
-1568
-816
1248
1504
-560
1
1984
1120
-1120
-1440
98
912
264
-94
244
-106
-992
-592
1248
1632
-488
-2112
-752
1632
1632
-528
-1504
-328
656
312
1
408
156
-992
-1056
784
1952
264
-1984
-1440
1056
1824
78
-1312
-624
392
248
3
496
496
-816
-1440
204
1984
992
-1504
-1888
376
1824
624
-976
-784
140
132
-86
528
848
-472
-1696
-472
1760
1632
-880
-1984
-328
1568
992
-560
-784
-37
1
-248
440
1120
23
-1696
-1120
1248
1984
-132
-1984
-976
1120
1248
-148
-656
-118
-98
-472
204
1248
560
-1440
-1696
624
2112
624
-1696
-1440
560
1248
204
-472
-98
-118
-656
-148
1248
1120
-976
-1984
-132
1984
1248
-1120
-1696
23
1120
440
-248
1
-37
-784
-560
992
1568
-328
-1984
-880
1632
1760
-472
-1696
-472
848
528
-86
132
140
-784
-976
624
1824
376
-1888
-1504
992
1984
204
-1440
-816
496
496
3
248
392
-624
-1312
78
1824
1056
-1440
-1984
264
1952
784
-1056
-992
156
408
1
312
656
-328
-1504
-528
1632
1632
-752
-2112
-488
1632
1248
-592
-992
-106
244
-94
264
912
98
-1440
-1120
1120
1984
1
-1984
-1120
1120
1440
-98
-912
-264
94
-244
106
992
592
-1248
-1632
488
2112
752
-1632
-1632
528
1504
328
-656
-312
1
-408
-156
992
1056
-784
-1952
-264
1984
1440
-1056
-1824
-78
1312
624
-392
-248
-3
-496
-496
816
1440
-204
-1984
-992
1504
1888
-376
-1824
-624
976
1
1984
992
-1440
-1568
496
1440
220
-848
-408
196
31
33
560
312
-912
-1056
688
1760
122
-1952
-1120
1504
1888
-496
-1984
-472
1504
992
-656
-944
43
392
43
156
408
-296
-1056
-164
1440
992
-1184
-1824
392
2112
656
-1760
-1440
912
1696
1
-1248
-496
560
392
-53
132
82
-656
-624
752
1376
-212
-1888
-752
1696
1632
-912
-1984
-124
1824
944
-1056
-1184
264
816
132
-212
47
-196
-624
61
1184
624
-1248
-1504
720
1984
264
-1984
-1248
1312
1760
-344
-1632
-440
976
656
-280
-296
1
-296
-280
656
976
-440
-1632
-344
1760
1312
-1248
-1984
264
1984
720
-1504
-1248
624
1184
61
-624
-196
47
-212
132
816
264
-1184
-1056
944
1824
-124
-1984
-912
1632
1696
-752
-1888
-212
1376
752
-624
-656
82
132
-53
392
560
-496
-1248
1
1696
912
-1440
-1760
656
2112
392
-1824
-1184
992
1440
-164
-1056
-296
408
156
43
392
43
-944
-656
992
1504
-472
-1984
-496
1888
1504
-1120
-1952
122
1760
688
-1056
-912
312
560
33
31
196
-408
-848
220
1440
496
-1568
-1440
992
1984
1
-1984
-992
1440
1568
-496
-1440
-220
848
408
-196
-31
-33
-560
-312
912
1056
-688
-1760
-122
1952
1120
-1504
-1888
496
1984
472
-1504
-992
656
944
-43
-392
-43
-156
-408
296
1056
164
-1440
-992
1184
1824
-392
-2112
-656
1760
1440
-912
-1696
1
1248
496
-560
-392
53
1
2112
848
-1696
-1440
992
1696
-244
-1568
-376
1120
688
-592
-656
148
328
15
62
132
-344
-528
344
992
-17
-1376
-592
1376
1248
-992
-1888
312
2112
528
-1952
-1312
1376
1824
-592
-1952
-204
1696
816
-1120
-1056
496
976
-23
-592
-148
172
1
114
376
-102
-784
-228
1056
784
-976
-1376
528
1888
180
-1952
-992
1632
1696
-944
-1984
98
1984
688
-1632
-1248
944
1376
-248
-1184
-228
784
392
-312
-236
21
-132
-25
496
344
-720
-848
560
1376
-98
-1696
-624
1632
1376
-1184
-1952
440
2112
440
-1952
-1184
1376
1632
-624
-1696
-98
1376
560
-848
-720
344
496
-25
-132
21
-236
-312
392
784
-228
-1184
-248
1376
944
-1248
-1632
688
1984
98
-1984
-944
1696
1632
-992
-1952
180
1888
528
-1376
-976
784
1056
-228
-784
-102
376
114
1
172
-148
-592
-23
976
496
-1056
-1120
816
1696
-204
-1952
-592
1824
1376
-1312
-1952
528
2112
312
-1888
-992
1248
1376
-592
-1376
-17
992
344
-528
-344
132
62
15
328
148
-656
-592
688
1120
-376
-1568
-244
1696
992
-1440
-1696
848
2112
1
-2112
-848
1696
1440
-992
-1696
244
1568
376
-1120
-688
592
656
-148
-328
-15
-62
-132
344
528
-344
-992
17
1376
592
-1376
-1248
992
1888
-312
-2112
-528
1952
1312
-1376
-1824
592
1952
204
-1696
-816
1120
1056
-496
-976
23
592
148
-172
1
-114
-376
102
784
228
1
2112
656
-1952
-1248
1504
1696
-944
-1952
312
1952
296
-1760
-816
1376
1120
-944
-1312
440
1312
1
-1184
-344
912
528
-592
-592
280
496
-66
-344
-37
124
13
55
122
-156
-328
140
560
1
-752
-264
848
592
-784
-992
592
1312
-228
-1504
-248
1568
784
-1440
-1312
1120
1760
-592
-1984
1
1984
656
-1888
-1248
1504
1760
-976
-1984
328
2112
328
-1984
-944
1632
1376
-1120
-1696
560
1824
1
-1696
-496
1376
880
-992
-1056
560
1056
-164
-976
-140
752
312
-488
-360
244
264
-62
-102
1
-102
-62
264
244
-360
-488
312
752
-140
-976
-164
1056
560
-1056
-992
880
1376
-496
-1696
1
1824
560
-1696
-1120
1376
1632
-944
-1984
328
2112
328
-1984
-976
1760
1504
-1248
-1888
656
1984
1
-1984
-592
1760
1120
-1312
-1440
784
1568
-248
-1504
-228
1312
592
-992
-784
592
848
-264
-752
1
560
140
-328
-156
122
55
13
124
-37
-344
-66
496
280
-592
-592
528
912
-344
-1184
1
1312
440
-1312
-944
1120
1376
-816
-1760
296
1952
312
-1952
-944
1696
1504
-1248
-1952
656
2112
1
-2112
-656
1952
1248
-1504
-1696
944
1952
-312
-1952
-296
1760
816
-1376
-1120
944
1312
-440
-1312
1
1184
344
-912
-528
592
592
-280
-496
66
344
37
-124
-13
-55
-122
156
328
-140
-560
1
752
264
-848
-592
784
992
-592
-1312
228
1504
248
-1568
-784
1440
1312
1
1984
944
-1184
-1056
248
328
-31
592
720
-912
-1696
248
2112
784
-1632
-1312
592
976
31
1
264
-656
-1248
440
1984
528
-1888
-1376
992
1440
-70
-656
-70
-248
-656
472
1632
244
-1952
-1248
1312
1760
-312
-1248
-248
280
-124
312
1056
1
-1824
-992
1568
1824
-624
-1760
-264
880
312
1
472
-124
-1376
-624
1632
1632
-912
-1984
-118
1440
592
-456
-148
-82
-816
-312
1440
1312
-1120
-1984
132
1888
688
-976
-656
124
-164
-82
1056
912
-1184
-1888
408
2112
624
-1504
-992
472
488
1
488
472
-992
-1504
624
2112
408
-1888
-1184
912
1056
-82
-164
124
-656
-976
688
1888
132
-1984
-1120
1312
1440
-312
-816
-82
-148
-456
592
1440
-118
-1984
-912
1632
1632
-624
-1376
-124
472
1
312
880
-264
-1760
-624
1824
1568
-992
-1824
1
1056
312
-124
280
-248
-1248
-312
1760
1312
-1248
-1952
244
1632
472
-656
-248
-70
-656
-70
1440
992
-1376
-1888
528
1984
440
-1248
-656
264
1
31
976
592
-1312
-1632
784
2112
248
-1696
-912
720
592
-31
328
248
-1056
-1184
944
1984
1
-1984
-944
1184
1056
-248
-328
31
-592
-720
912
1696
-248
-2112
-784
1632
1312
-592
-976
-31
1
-264
656
1248
-440
-1984
-528
1888
1376
-992
-1440
70
656
70
248
656
-472
-1632
-244
1952
1248
-1312
-1760
312
1248
248
-280
124
-312
-1056
1
1824
992
-1568
-1824
624
1
1984
784
-1504
-1120
656
880
-74
-132
70
-592
-656
880
1440
-528
-1984
-264
1984
1056
-1440
-1440
592
1120
-11
-392
1
-328
-560
624
1376
-264
-1952
-496
1952
1312
-1312
-1696
488
1376
114
-624
-132
-102
-424
392
1248
-49
-1824
-752
1760
1504
-1120
-1888
312
1568
296
-848
-328
90
-236
204
992
124
-1568
-912
1568
1696
-944
-1984
90
1760
528
-976
-560
228
1
74
784
248
-1312
-992
1312
1824
-688
-2112
-156
1824
784
-1056
-816
296
264
7
528
312
-1056
-1056
1056
1888
-440
-2112
-440
1888
1056
-1056
-1056
312
528
7
264
296
-816
-1056
784
1824
-156
-2112
-688
1824
1312
-992
-1312
248
784
74
1
228
-560
-976
528
1760
90
-1984
-944
1696
1568
-912
-1568
124
992
204
-236
90
-328
-848
296
1568
312
-1888
-1120
1504
1760
-752
-1824
-49
1248
392
-424
-102
-132
-624
114
1376
488
-1696
-1312
1312
1952
-496
-1952
-264
1376
624
-560
-328
1
-392
-11
1120
592
-1440
-1440
1056
1984
-264
-1984
-528
1440
880
-656
-592
70
-132
-74
880
656
-1120
-1504
784
1984
1
-1984
-784
1504
1120
-656
-880
74
132
-70
592
656
-880
-1440
528
1984
264
-1984
-1056
1440
1440
-592
-1120
11
392
1
328
560
-624
-1376
264
1952
496
-1952
-1312
1312
1696
-488
-1376
-114
624
132
102
424
-392
-1248
49
1824
752
-1760
-1504
1120
1888
-312
-1568
-296
1
2112
624
-1760
-1056
1120
1120
-528
-880
98
344
3
248
248
-688
-784
816
1440
-528
-1952
1
2112
656
-1952
-1248
1376
1504
-752
-1376
196
976
110
-392
-45
-164
-360
472
976
-408
-1504
1
1888
624
-1888
-1248
1504
1696
-912
-1824
264
1504
204
-992
-344
376
122
78
392
-228
-992
1
1504
528
-1696
-1184
1504
1760
-976
-1984
312
1952
280
-1504
-592
880
592
-312
-212
-19
-360
1
944
376
-1312
-976
1312
1632
-944
-1984
344
2112
328
-1888
-816
1312
992
-688
-784
188
296
1
296
188
-784
-688
992
1312
-816
-1888
328
2112
344
-1984
-944
1632
1312
-976
-1312
376
944
1
-360
-19
-212
-312
592
880
-592
-1504
280
1952
312
-1984
-976
1760
1504
-1184
-1696
528
1504
1
-992
-228
392
78
122
376
-344
-992
204
1504
264
-1824
-912
1696
1504
-1248
-1888
624
1888
1
-1504
-408
976
472
-360
-164
-45
-392
110
976
196
-1376
-752
1504
1376
-1248
-1952
656
2112
1
-1952
-528
1440
816
-784
-688
248
248
3
344
98
-880
-528
1120
1120
-1056
-1760
624
2112
1
-2112
-624
1760
1056
-1120
-1120
528
880
-98
-344
-3
-248
-248
688
784
-816
-1440
528
1952
1
-2112
-656
1952
1248
-1376
-1504
752
1376
-196
-976
-110
392
45
164
360
-472
-976
408
1504
1
-1888
-624
1888
1248
-1504
-1696
912
1824
-264
-1504
-204
992
344
-376
-122
1
2112
472
-1952
-848
1632
1120
-1184
-1184
784
1120
-392
-912
102
528
25
-132
19
-248
-236
528
560
-688
-992
656
1376
-472
-1760
118
1984
312
-1984
-784
1952
1184
-1632
-1504
1184
1696
-752
-1696
328
1440
19
-1120
-228
752
264
-344
-124
1
-156
220
528
-264
-976
140
1312
140
-1568
-528
1696
992
-1632
-1440
1376
1824
-992
-1984
560
1984
-94
-1888
-312
1632
592
-1184
-688
784
624
-392
-408
106
62
25
328
15
-720
-228
992
560
-1184
-992
1184
1440
-992
-1824
656
1984
-236
-2112
-236
1984
656
-1824
-992
1440
1184
-992
-1184
560
992
-228
-720
15
328
25
62
106
-408
-392
624
784
-688
-1184
592
1632
-312
-1888
-94
1984
560
-1984
-992
1824
1376
-1440
-1632
992
1696
-528
-1568
140
1312
140
-976
-264
528
220
-156
1
-124
-344
264
752
-228
-1120
19
1440
328
-1696
-752
1696
1184
-1504
-1632
1184
1952
-784
-1984
312
1984
118
-1760
-472
1376
656
-992
-688
560
528
-236
-248
19
-132
25
528
102
-912
-392
1120
784
-1184
-1184
1120
1632
-848
-1952
472
2112
1
-2112
-472
1952
848
-1632
-1120
1184
1184
-784
-1120
392
912
-102
-528
-25
132
-19
248
236
-528
-560
688
992
-656
-1376
472
1760
-118
-1984
-312
1984
784
-1952
-1184
1632
1504
-1184
-1696
752
1696
-328
-1440
-19
1120
228
-752
-264
344
124
1
156
-220
-528
264
976
1
2112
264
-2112
-528
1984
752
-1888
-976
1696
1120
-1440
-1248
1184
1312
-976
-1312
720
1312
-496
-1184
296
1056
-124
-912
1
720
78
-528
-110
312
86
-122
-15
-57
-98
212
248
-328
-440
392
656
-408
-880
376
1056
-296
-1248
172
1440
1
-1568
-212
1696
440
-1760
-688
1760
976
-1696
-1184
1632
1440
-1440
-1632
1248
1824
-992
-1952
784
1984
-528
-1984
248
1984
1
-1952
-244
1824
456
-1696
-624
1440
752
-1248
-816
992
848
-784
-816
560
752
-376
-624
220
488
-102
-296
25
102
1
102
25
-296
-102
488
220
-624
-376
752
560
-816
-784
848
992
-816
-1248
752
1440
-624
-1696
456
1824
-244
-1952
1
1984
248
-1984
-528
1984
784
-1952
-992
1824
1248
-1632
-1440
1440
1632
-1184
-1696
976
1760
-688
-1760
440
1696
-212
-1568
1
1440
172
-1248
-296
1056
376
-880
-408
656
392
-440
-328
248
212
-98
-57
-15
-122
86
312
-110
-528
78
720
1
-912
-124
1056
296
-1184
-496
1312
720
-1312
-976
1312
1184
-1248
-1440
1120
1696
-976
-1888
752
1984
-528
-2112
264
2112
1
-2112
-264
2112
528
-1984
-752
1888
976
-1696
-1120
1440
1248
-1184
-1312
976
1312
-720
-1312
496
1184
-296
-1056
124
912
1
-720
-78
528
110
-312
-86
122
15
57
98
-212
-248
328
440
-392
-656
408
880
-376
-1056
296
1248
-172
-1440
1
1568
212
-1696
-440
1760
