1651 2 0 0 0
1
1632
2112
1184
-528
-1888
-1952
-688
976
1952
1568
172
-1248
-1760
-1056
248
1312
1440
592
-528
-1184
-992
-204
624
912
592
-45
-496
-528
-228
106
220
122
7
35
164
212
11
-344
-560
-392
164
752
912
376
-496
-1184
-1056
-172
976
1504
1056
-212
-1440
-1760
-848
688
1824
1760
440
-1184
-1984
-1568
66
1632
2112
1120
-592
-1952
-1984
-656
1056
1984
1632
124
-1376
-1952
-1184
344
1568
1696
656
-688
-1504
-1248
-220
848
1248
784
-102
-784
-880
-376
236
560
456
102
-172
-204
-74
1
-74
-204
-172
102
456
560
236
-376
-880
-784
-102
784
1248
848
-220
-1248
-1504
-688
656
1696
1568
344
-1184
-1952
-1376
124
1632
1984
1056
-656
-1984
-1952
-592
1120
2112
1632
66
-1568
-1984
-1184
440
1760
1824
688
-848
-1760
-1440
-212
1056
1504
976
-172
-1056
-1184
-496
376
912
752
164
-392
-560
-344
11
212
164
35
7
122
220
106
-228
-528
-496
-45
592
912
624
-204
-992
-1184
-528
592
1440
1312
248
-1056
-1760
-1248
172
1568
1952
976
-688
-1952
-1888
-528
1184
2112
1632
1
-1632
-2112
-1184
528
1888
1952
688
-976
-1952
-1568
-172
1248
1760
1056
-248
-1312
-1440
-592
528
1184
992
204
-624
-912
-592
45
496
528
228
-106
-220
-122
-7
-35
-164
-212
-11
344
560
392
-164
-752
-912
-376
496
1184
1056
172
-976
-1504
-1056
212
1440
1760
848
1
1568
2112
1376
-124
-1440
-1824
-1056
196
1120
1248
624
-172
-592
-528
-172
33
-59
-248
-220
204
784
976
496
-496
-1376
-1504
-624
816
1888
1824
624
-992
-1984
-1888
-496
1120
1984
1632
312
-992
-1632
-1184
-140
752
976
592
27
-280
-204
1
-1
-296
-592
-528
74
912
1312
912
-228
-1440
-1824
-1056
408
1760
1984
1056
-560
-1888
-1984
-944
624
1696
1696
656
-592
-1248
-1120
-344
376
624
424
74
-33
132
280
118
-408
-912
-912
-196
848
1568
1312
172
-1248
-1984
-1504
-66
1504
2112
1504
-66
-1504
-1984
-1248
172
1312
1568
848
-196
-912
-912
-408
118
280
132
-33
74
424
624
376
-344
-1120
-1248
-592
656
1696
1696
624
-944
-1984
-1888
-560
1056
1984
1760
408
-1056
-1824
-1440
-228
912
1312
912
74
-528
-592
-296
-1
1
-204
-280
27
592
976
752
-140
-1184
-1632
-992
312
1632
1984
1120
-496
-1888
-1984
-992
624
1824
1888
816
-624
-1504
-1376
-496
496
976
784
204
-220
-248
-59
33
-172
-528
-592
-172
624
1248
1120
196
-1056
-1824
-1440
-124
1376
2112
1568
1
-1568
-2112
-1376
124
1440
1824
1056
-196
-1120
-1248
-624
172
592
528
172
-33
59
248
220
-204
-784
-976
-496
496
1376
1504
624
-816
-1888
-1824
-624
992
1984
1888
496
-1120
-1984
-1632
-312
992
1632
1184
140
-752
-976
-592
-27
280
204
1
1
296
592
528
-74
1
1504
2112
1632
264
-1248
-1984
-1760
-496
944
1824
1696
656
-656
-1568
-1568
-752
376
1184
1312
752
-148
-848
-992
-624
1
496
624
408
55
-196
-236
-114
-7
-31
-156
-244
-132
172
496
624
360
-212
-816
-992
-656
148
992
1376
992
1
-1056
-1696
-1312
-228
1056
1888
1632
496
-976
-1952
-1888
-784
784
1952
1984
992
-528
-1824
-2112
-1248
264
1632
1984
1376
1
-1312
-1952
-1440
-228
992
1632
1376
392
-720
-1312
-1184
-456
424
976
944
424
-196
-592
-592
-296
51
236
204
70
1
70
204
236
51
-296
-592
-592
-196
424
944
976
424
-456
-1184
-1312
-720
392
1376
1632
992
-228
-1440
-1952
-1312
1
1376
1984
1632
264
-1248
-2112
-1824
-528
992
1984
1952
784
-784
-1888
-1952
-976
496
1632
1888
1056
-228
-1312
-1696
-1056
1
992
1376
992
148
-656
-992
-816
-212
360
624
496
172
-132
-244
-156
-31
-7
-114
-236
-196
55
408
624
496
1
-624
-992
-848
-148
752
1312
1184
376
-752
-1568
-1568
-656
656
1696
1824
944
-496
-1760
-1984
-1248
264
1632
2112
1504
1
-1504
-2112
-1632
-264
1248
1984
1760
496
-944
-1824
-1696
-656
656
1568
1568
752
-376
-1184
-1312
-752
148
848
992
624
1
-496
-624
-408
-55
196
236
114
7
31
156
244
132
-172
-496
-624
-360
212
816
992
656
-148
-992
-1376
-992
1
1056
1696
1312
228
-1056
1
1440
1984
1504
228
-976
-1376
-992
-228
296
312
29
-98
212
784
1056
656
-392
-1504
-1952
-1184
264
1696
2112
1440
1
-1248
-1696
-1120
-156
560
688
344
23
98
488
720
392
-488
-1376
-1696
-912
496
1824
2112
1248
-264
-1568
-1888
-1184
1
880
992
592
59
-98
132
376
180
-488
-1184
-1376
-624
688
1824
1984
992
-528
-1824
-1984
-1120
220
1184
1312
752
1
-360
-236
53
47
-392
-944
-992
-360
816
1760
1824
752
-784
-1952
-1984
-992
488
1504
1568
816
-140
-688
-592
-212
1
-212
-592
-688
-140
816
1568
1504
488
-992
-1984
-1952
-784
752
1824
1760
816
-360
-992
-944
-392
47
53
-236
-360
1
752
1312
1184
220
-1120
-1984
-1824
-528
992
1984
1824
688
-624
-1376
-1184
-488
180
376
132
-98
59
592
992
880
1
-1184
-1888
-1568
-264
1248
2112
1824
496
-912
-1696
-1376
-488
392
720
488
98
23
344
688
560
-156
-1120
-1696
-1248
1
1440
2112
1696
264
-1184
-1952
-1504
-392
656
1056
784
212
-98
29
312
296
-228
-992
-1376
-976
228
1504
1984
1440
1
-1440
-1984
-1504
-228
976
1376
992
228
-296
-312
-29
98
-212
-784
-1056
-656
392
1504
1952
1184
-264
-1696
-2112
-1440
1
1248
1696
1120
156
-560
-688
-344
-23
-98
-488
-720
-392
488
1376
1696
912
-496
-1824
-2112
-1248
264
1568
1888
1184
1
-880
-992
-592
-59
98
1
1376
2112
1760
624
-720
-1632
-1696
-944
114
912
1056
752
172
-244
-312
-124
35
-43
-360
-656
-656
-164
624
1312
1376
752
-424
-1504
-1984
-1440
-164
1248
2112
1952
816
-656
-1760
-1952
-1184
1
1056
1440
1120
360
-376
-720
-592
-244
15
1
-204
-328
-140
360
912
1056
688
-236
-1248
-1760
-1440
-296
1056
1984
1984
976
-496
-1760
-2112
-1440
-156
1120
1760
1504
592
-424
-992
-992
-560
1
296
264
57
-41
124
488
720
528
-86
-912
-1440
-1248
-392
816
1760
1952
1056
-328
-1632
-2112
-1632
-328
1056
1952
1760
816
-392
-1248
-1440
-912
-86
528
720
488
124
-41
57
264
296
1
-560
-992
-992
-424
592
1504
1760
1120
-156
-1440
-2112
-1760
-496
976
1984
1984
1056
-296
-1440
-1760
-1248
-236
688
1056
912
360
-140
-328
-204
1
15
-244
-592
-720
-376
360
1120
1440
1056
1
-1184
-1952
-1760
-656
816
1952
2112
1248
-164
-1440
-1984
-1504
-424
752
1376
1312
624
-164
-656
-656
-360
-43
35
-124
-312
-244
172
752
1056
912
114
-944
-1696
-1632
-720
624
1760
2112
1376
1
-1376
-2112
-1760
-624
720
1632
1696
944
-114
-912
-1056
-752
-172
244
312
124
-35
43
360
656
656
164
-624
-1312
-1376
-752
424
1504
1984
1440
164
-1248
-2112
-1952
-816
656
1760
1952
1184
1
-1056
-1440
-1120
-360
376
720
592
244
-15
1
204
328
140
-360
-912
1
1312
1984
1952
992
-328
-1504
-1984
-1696
-656
592
1568
1824
1312
312
-752
-1440
-1440
-912
-43
752
1120
992
496
-114
-592
-720
-528
-196
122
264
236
106
5
27
148
264
244
29
-312
-624
-720
-456
90
720
1120
1056
496
-344
-1120
-1504
-1248
-408
688
1568
1824
1312
180
-1056
-1888
-1952
-1184
132
1376
2112
1952
912
-472
-1696
-2112
-1760
-592
784
1760
1984
1376
244
-976
-1760
-1760
-992
53
992
1504
1312
624
-248
-944
-1120
-880
-296
296
656
688
440
78
-196
-280
-196
-62
1
-62
-196
-280
-196
78
440
688
656
296
-296
-880
-1120
-944
-248
624
1312
1504
992
53
-992
-1760
-1760
-976
244
1376
1984
1760
784
-592
-1760
-2112
-1696
-472
912
1952
2112
1376
132
-1184
-1952
-1888
-1056
180
1312
1824
1568
688
-408
-1248
-1504
-1120
-344
496
1056
1120
720
90
-456
-720
-624
-312
29
244
264
148
27
5
106
236
264
122
-196
-528
-720
-592
-114
496
992
1120
752
-43
-912
-1440
-1440
-752
312
1312
1824
1568
592
-656
-1696
-1984
-1504
-328
992
1952
1984
1312
1
-1312
-1984
-1952
-992
328
1504
1984
1696
656
-592
-1568
-1824
-1312
-312
752
1440
1440
912
43
-752
-1120
-992
-496
114
592
720
528
196
-122
-264
-236
-106
-5
-27
-148
-264
-244
-29
312
624
720
456
-90
-720
-1120
-1056
-496
344
1120
1504
1248
408
-688
-1568
-1824
1
1376
1984
1568
488
-488
-816
-528
-78
-21
-472
-992
-1120
-392
848
1888
1984
1120
-328
-1504
-1760
-1120
-180
424
392
1
-180
188
944
1504
1248
148
-1248
-2112
-1952
-784
592
1440
1376
688
1
-172
132
456
280
-488
-1376
-1760
-1184
164
1504
2112
1632
424
-720
-1184
-880
-280
21
-204
-656
-784
-220
880
1824
1888
976
-496
-1696
-1952
-1248
-118
688
784
360
1
124
688
1120
976
1
-1248
-1984
-1824
-656
784
1696
1632
816
-82
-472
-264
110
124
-424
-1184
-1504
-976
312
1632
2112
1632
312
-976
-1504
-1184
-424
124
110
-264
-472
-82
816
1632
1696
784
-656
-1824
-1984
-1248
1
976
1120
688
124
1
360
784
688
-118
-1248
-1952
-1696
-496
976
1888
1824
880
-220
-784
-656
-204
21
-280
-880
-1184
-720
424
1632
2112
1504
164
-1184
-1760
-1376
-488
280
456
132
-172
1
688
1376
1440
592
-784
-1952
-2112
-1248
148
1248
1504
944
188
-180
1
392
424
-180
-1120
-1760
-1504
-328
1120
1984
1888
848
-392
-1120
-992
-472
-21
-78
-528
-816
-488
488
1568
1984
1376
1
-1376
-1984
-1568
-488
488
816
528
78
21
472
992
1120
392
-848
-1888
-1984
-1120
328
1504
1760
1120
180
-424
-392
1
180
-188
-944
-1504
-1248
-148
1248
2112
1952
784
-592
-1440
-1376
-688
1
172
-132
-456
-280
488
1376
1760
1184
-164
-1504
-2112
-1632
-424
720
1184
1
1312
1984
1824
880
-248
-992
-1184
-784
-212
106
27
-264
-424
-156
496
1248
1568
1120
61
-1184
-1984
-1984
-1056
264
1376
1888
1440
528
-344
-784
-688
-312
-21
-86
-456
-784
-720
-82
880
1696
1824
1056
-196
-1504
-2112
-1888
-816
472
1376
1504
992
248
-296
-408
-164
94
41
-392
-944
-1184
-848
106
1248
1984
1888
912
-472
-1632
-1984
-1568
-496
560
1120
1056
592
66
-122
62
360
392
-29
-784
-1440
-1504
-848
376
1568
2112
1824
656
-688
-1632
-1824
-1184
-220
560
816
592
188
1
188
592
816
560
-220
-1184
-1824
-1632
-688
656
1824
2112
1568
376
-848
-1504
-1440
-784
-29
392
360
62
-122
66
592
1056
1120
560
-496
-1568
-1984
-1632
-472
912
1888
1984
1248
106
-848
-1184
-944
-392
41
94
-164
-408
-296
248
992
1504
1376
472
-816
-1888
-2112
-1504
-196
1056
1824
1696
880
-82
-720
-784
-456
-86
-21
-312
-688
-784
-344
528
1440
1888
1376
264
-1056
-1984
-1984
-1184
61
1120
1568
1248
496
-156
-424
-264
27
106
-212
-784
-1184
-992
-248
880
1824
1984
1312
1
-1312
-1984
-1824
-880
248
992
1184
784
212
-106
-27
264
424
156
-496
-1248
-1568
-1120
-61
1184
1984
1984
1056
-264
-1376
-1888
-1440
-528
344
784
688
312
21
86
456
784
720
82
-880
-1696
-1824
-1056
196
1504
2112
1888
816
-472
-1376
-1504
-992
-248
296
408
164
1
1248
1984
1984
1248
148
-944
-1568
-1568
-992
-196
488
816
720
408
78
-49
57
264
376
204
-248
-816
-1184
-1120
-592
360
1312
1888
1760
944
-296
-1440
-2112
-1984
-1120
132
1248
1888
1760
992
25
-848
-1248
-1120
-624
-74
296
360
204
1
-35
172
528
784
752
280
-472
-1184
-1632
-1440
-592
528
1568
2112
1824
848
-440
-1568
-1984
-1824
-944
236
1184
1632
1376
752
-57
-624
-816
-624
-280
-7
37
-124
-328
-360
-78
440
992
1248
992
296
-688
-1568
-1952
-1568
-528
720
1760
2112
1760
720
-528
-1568
-1952
-1568
-688
296
992
1248
992
440
-78
-360
-328
-124
37
-7
-280
-624
-816
-624
-57
752
1376
1632
1184
236
-944
-1824
-1984
-1568
-440
848
1824
2112
1568
528
-592
-1440
-1632
-1184
-472
280
752
784
528
172
-35
1
204
360
296
-74
-624
-1120
-1248
-848
25
992
1760
1888
1248
132
-1120
-1984
-2112
-1440
-296
944
1760
1888
1312
360
-592
-1120
-1184
-816
-248
204
376
264
57
-49
78
408
720
816
488
-196
-992
-1568
-1568
-944
148
1248
1984
1984
1248
1
-1248
-1984
-1984
-1248
-148
944
1568
1568
992
196
-488
-816
-720
-408
-78
49
-57
-264
-376
-204
248
816
1184
1120
592
-360
-1312
-1888
-1760
-944
296
1440
2112
1984
1120
-132
-1248
-1888
-1760
-992
-25
848
1248
1120
624
74
-296
-360
-204
1
35
-172
-528
-784
-752
1
1120
1952
2112
1632
656
-496
-1504
-1984
-1824
-1120
-118
880
1568
1696
1312
560
-280
-976
-1312
-1184
-752
-132
440
784
816
624
264
-66
-280
-312
-228
-94
-5
-23
-132
-264
-328
-228
35
392
720
848
688
248
-344
-944
-1248
-1248
-784
1
848
1504
1696
1376
560
-472
-1440
-1952
-1888
-1184
-132
992
1888
2112
1760
784
-408
-1504
-1984
-1984
-1312
-264
880
1696
1984
1632
816
-236
-1120
-1696
-1632
-1120
-280
528
1120
1312
1056
560
-66
-560
-816
-784
-496
-148
156
312
296
180
55
1
55
180
296
312
156
-148
-496
-784
-816
-560
-66
560
1056
1312
1120
528
-280
-1120
-1632
-1696
-1120
-236
816
1632
1984
1696
880
-264
-1312
-1984
-1984
-1504
-408
784
1760
2112
1888
992
-132
-1184
-1888
-1952
-1440
-472
560
1376
1696
1504
848
1
-784
-1248
-1248
-944
-344
248
688
848
720
392
35
-228
-328
-264
-132
-23
-5
-94
-228
-312
-280
-66
264
624
816
784
440
-132
-752
-1184
-1312
-976
-280
560
1312
1696
1568
880
-118
-1120
-1824
-1984
-1504
-496
656
1632
2112
1952
1120
1
-1120
-1952
-2112
-1632
-656
496
1504
1984
1824
1120
118
-880
-1568
-1696
-1312
-560
280
976
1312
1184
752
132
-440
-784
-816
-624
-264
66
280
312
228
94
5
23
132
264
328
228
-35
-392
-720
-848
-688
-248
344
944
1248
1248
784
1
-848
-1504
-1696
-1376
-560
1
1248
1888
1504
592
-124
-248
164
560
376
-472
-1504
-1984
-1632
-408
912
1568
1376
624
15
1
488
912
720
-220
-1376
-2112
-1888
-752
496
1248
1120
496
37
140
720
1248
1056
122
-1184
-1984
-1984
-992
156
880
816
296
-66
164
912
1504
1440
496
-848
-1888
-1984
-1184
-132
528
472
1
-280
61
944
1696
1760
912
-472
-1568
-1824
-1248
-312
244
140
-328
-592
-156
848
1824
1984
1248
-66
-1184
-1632
-1120
-376
62
-124
-656
-944
-472
624
1760
2112
1568
312
-848
-1248
-944
-312
1
-312
-944
-1248
-848
312
1568
2112
1760
624
-472
-944
-656
-124
62
-376
-1120
-1632
-1184
-66
1248
1984
1824
848
-156
-592
-328
140
244
-312
-1248
-1824
-1568
-472
912
1760
1696
944
61
-280
1
472
528
-132
-1184
-1984
-1888
-848
496
1440
1504
912
164
-66
296
816
880
156
-992
-1984
-1984
-1184
122
1056
1248
720
140
37
496
1120
1248
496
-752
-1888
-2112
-1376
-220
720
912
488
1
15
624
1376
1568
912
-408
-1632
-1984
-1504
-472
376
560
164
-248
-124
592
1504
1888
1248
1
-1248
-1888
-1504
-592
124
248
-164
-560
-376
472
1504
1984
1632
408
-912
-1568
-1376
-624
-15
1
-488
-912
-720
220
1376
2112
1888
752
-496
-1248
-1120
-496
-37
-140
-720
-1248
-1056
-122
1184
1984
1984
992
-156
-880
-816
-296
66
-164
-912
-1504
-1440
-496
848
1888
1984
1
1184
1888
1760
992
98
-472
-488
-132
188
106
-456
-1184
-1632
-1440
-488
784
1824
2112
1568
528
-440
-912
-784
-344
1
-86
-592
-1120
-1312
-784
264
1440
2112
1984
1056
-118
-992
-1312
-992
-392
-3
-74
-496
-912
-816
-148
912
1824
2112
1504
360
-848
-1568
-1568
-976
-228
188
114
-264
-528
-328
392
1312
1888
1760
848
-440
-1504
-1952
-1568
-688
140
528
392
1
-220
37
720
1440
1696
1184
66
-1184
-1984
-1984
-1248
-180
656
944
656
196
-25
220
784
1248
1184
488
-688
-1760
-2112
-1760
-688
488
1184
1248
784
220
-25
196
656
944
656
-180
-1248
-1984
-1984
-1184
66
1184
1696
1440
720
37
-220
1
392
528
140
-688
-1568
-1952
-1504
-440
848
1760
1888
1312
392
-328
-528
-264
114
188
-228
-976
-1568
-1568
-848
360
1504
2112
1824
912
-148
-816
-912
-496
-74
-3
-392
-992
-1312
-992
-118
1056
1984
2112
1440
264
-784
-1312
-1120
-592
-86
1
-344
-784
-912
-440
528
1568
2112
1824
784
-488
-1440
-1632
-1184
-456
106
188
-132
-488
-472
98
992
1760
1888
1184
1
-1184
-1888
-1760
-992
-98
472
488
132
-188
-106
456
1184
1632
1440
488
-784
-1824
-2112
-1568
-528
440
912
784
344
1
86
592
1120
1312
784
-264
-1440
-2112
-1984
-1056
118
992
1312
992
392
3
74
496
912
816
148
-912
-1824
-2112
-1504
-360
848
1568
1568
976
1
1120
1888
1952
1376
496
-360
-880
-912
-592
-196
-1
-124
-496
-848
-912
-496
296
1184
1888
1952
1376
264
-912
-1760
-1984
-1568
-720
188
784
944
688
280
17
74
408
784
944
624
-98
-992
-1760
-1984
-1568
-528
656
1632
1984
1696
944
1
-688
-944
-752
-360
-53
-33
-312
-720
-944
-752
-94
816
1632
1984
1696
784
-408
-1440
-1984
-1824
-1120
-196
560
944
816
456
102
7
236
624
912
848
264
-592
-1504
-1984
-1824
-992
132
1248
1952
1952
1312
408
-440
-912
-880
-528
-164
1
-164
-528
-880
-912
-440
408
1312
1952
1952
1248
132
-992
-1824
-1984
-1504
-592
264
848
912
624
236
7
102
456
816
944
560
-196
-1120
-1824
-1984
-1440
-408
784
1696
1984
1632
816
-94
-752
-944
-720
-312
-33
-53
-360
-752
-944
-688
1
944
1696
1984
1632
656
-528
-1568
-1984
-1760
-992
-98
624
944
784
408
74
17
280
688
944
784
188
-720
-1568
-1984
-1760
-912
264
1376
1952
1888
1184
296
-496
-912
-848
-496
-124
-1
-196
-592
-912
-880
-360
496
1376
1952
1888
1120
1
-1120
-1888
-1952
-1376
-496
360
880
912
592
196
1
124
496
848
912
496
-296
-1184
-1888
-1952
-1376
-264
912
1760
1984
1568
720
-188
-784
-944
-688
-280
-17
-74
-408
-784
-944
-624
98
992
1760
1984
1568
528
-656
-1632
-1984
-1696
-944
1
688
944
752
360
53
1
1056
1824
1984
1760
992
57
-816
-1312
-1440
-1120
-592
-57
312
440
328
122
-39
-25
196
528
848
976
720
172
-592
-1312
-1760
-1760
-1248
-312
752
1632
2112
1984
1376
392
-656
-1440
-1824
-1696
-1056
-328
392
848
976
752
424
102
-53
1
196
392
440
220
-228
-784
-1248
-1440
-1184
-528
376
1312
1952
1984
1632
720
-376
-1376
-1984
-1984
-1568
-688
248
992
1376
1376
976
408
-94
-392
-424
-264
-55
57
-25
-296
-656
-912
-912
-560
66
848
1504
1824
1632
976
-31
-1056
-1888
-2112
-1888
-1056
-31
976
1632
1824
1504
848
66
-560
-912
-912
-656
-296
-25
57
-55
-264
-424
-392
-94
408
976
1376
1376
992
248
-688
-1568
-1984
-1984
-1376
-376
720
1632
1984
1952
1312
376
-528
-1184
-1440
-1248
-784
-228
220
440
392
196
1
-53
102
424
752
976
848
392
-328
-1056
-1696
-1824
-1440
-656
392
1376
1984
2112
1632
752
-312
-1248
-1760
-1760
-1312
-592
172
720
976
848
528
196
-25
-39
122
328
440
312
-57
-592
-1120
-1440
-1312
-816
57
992
1760
1984
1824
1056
1
-1056
-1824
-1984
-1760
-992
-57
816
1312
1440
1120
592
57
-312
-440
-328
-122
39
25
-196
-528
-848
-976
-720
-172
592
1312
1760
1760
1248
312
-752
-1632
-2112
-1984
-1376
-392
656
1440
1824
1696
1056
328
-392
-848
-976
-752
-424
-102
53
1
-196
-392
-440
-220
228
1
976
1760
2112
1984
1504
624
-312
-1184
-1760
-1952
-1696
-1056
-280
528
1120
1504
1504
1120
592
1
-528
-880
-992
-880
-592
-228
98
312
392
344
212
78
3
19
122
248
360
376
248
1
-344
-688
-944
-992
-784
-376
204
816
1312
1504
1440
976
264
-528
-1312
-1824
-1952
-1632
-912
1
944
1696
2112
1984
1504
656
-344
-1248
-1952
-2112
-1888
-1248
-328
624
1376
1888
1888
1504
816
1
-752
-1312
-1504
-1376
-992
-408
196
688
976
976
784
472
110
-188
-360
-392
-296
-164
-45
1
-45
-164
-296
-392
-360
-188
110
472
784
976
976
688
196
-408
-992
-1376
-1504
-1312
-752
1
816
1504
1888
1888
1376
624
-328
-1248
-1888
-2112
-1952
-1248
-344
656
1504
1984
2112
1696
944
1
-912
-1632
-1952
-1824
-1312
-528
264
976
1440
1504
1312
816
204
-376
-784
-992
-944
-688
-344
1
248
376
360
248
122
19
3
78
212
344
392
312
98
-228
-592
-880
-992
-880
-528
1
592
1120
1504
1504
1120
528
-280
-1056
-1696
-1952
-1760
-1184
-312
624
1504
1984
2112
1760
976
1
-976
-1760
-2112
-1984
-1504
-624
312
1184
1760
1952
1696
1056
280
-528
-1120
-1504
-1504
-1120
-592
1
528
880
992
880
592
228
-98
-312
-392
-344
-212
-78
-3
-19
-122
-248
-360
-376
-248
1
344
688
944
992
784
376
-204
-816
-1312
-1504
-1440
-976
-264
528
1312
