-6.184e-019
-1.019e-005
-6.4996e-019
1.0199e-005
-2.7194e-018
-1.0208e-005
1.4507e-018
1.0217e-005
-1.7978e-019
-1.0227e-005
3.5592e-018
1.0237e-005
-2.288e-018
-1.0247e-005
1.0143e-018
1.0258e-005
2.6208e-019
-1.0269e-005
3.1313e-018
1.0281e-005
-1.8545e-018
-1.0293e-005
5.7479e-019
1.0305e-005
7.0797e-019
-1.0318e-005
2.7012e-018
1.0331e-005
-1.4179e-018
-1.0345e-005
1.3134e-019
1.0359e-005
-3.5552e-018
-1.0373e-005
2.2682e-018
1.0388e-005
-9.7753e-019
-1.0403e-005
-3.1685e-019
1.0419e-005
-3.1264e-018
-1.0435e-005
1.8315e-018
1.0451e-005
-5.3251e-019
-1.0468e-005
-7.7063e-019
1.0485e-005
-2.6941e-018
-1.0503e-005
1.3902e-018
1.0521e-005
-8.201e-020
-1.0539e-005
3.5662e-018
1.0558e-005
-2.2573e-018
-1.0577e-005
9.4367e-019
1.0597e-005
3.7479e-019
-1.0617e-005
3.1345e-018
1.0638e-005
-1.8152e-018
-1.0658e-005
4.9089e-019
1.068e-005
-4.0227e-018
-1.0701e-005
2.6976e-018
1.0724e-005
-1.3671e-018
-1.0746e-005
3.1072e-020
1.0769e-005
-3.5918e-018
-1.0792e-005
2.2549e-018
1.0816e-005
-9.121e-019
-1.084e-005
-4.3665e-019
1.0865e-005
-3.155e-018
-1.089e-005
1.8053e-018
1.0916e-005
-4.4928e-019
-1.0941e-005
4.0684e-018
1.0968e-005
-2.7115e-018
-1.0995e-005
1.348e-018
1.1022e-005
2.2197e-020
-1.1049e-005
3.6317e-018
1.1077e-005
-2.2605e-018
-1.1106e-005
8.8221e-019
1.1135e-005
5.0321e-019
-1.1164e-005
3.1876e-018
1.1194e-005
-1.801e-018
-1.1224e-005
4.0699e-019
1.1255e-005
-4.1304e-018
-1.1286e-005
2.7352e-018
1.1317e-005
-1.3323e-018
-1.1349e-005
-7.8548e-020
1.1381e-005
-3.6857e-018
-1.1414e-005
2.2736e-018
1.1447e-005
-8.5333e-019
-1.1481e-005
-5.753e-019
1.1515e-005
-3.2319e-018
-1.155e-005
1.8019e-018
1.1585e-005
-3.6329e-019
-1.162e-005
4.2083e-018
1.1656e-005
-2.7683e-018
-1.1693e-005
1.3193e-018
1.1729e-005
1.3876e-019
-1.1767e-005
3.7533e-018
1.1804e-005
-2.2937e-018
-1.1842e-005
8.2479e-019
1.1881e-005
6.5374e-019
-1.192e-005
3.2876e-018
1.196e-005
-1.8075e-018
-1.2e-005
3.1746e-019
1.204e-005
-4.3018e-018
-1.2081e-005
2.8103e-018
1.2122e-005
-1.3085e-018
-1.2164e-005
-2.0362e-019
1.2206e-005
-3.8342e-018
-1.2249e-005
2.3204e-018
1.2292e-005
-7.959e-019
-1.2336e-005
-7.394e-019
1.238e-005
-3.3541e-018
-1.2424e-005
1.817e-018
1.2469e-005
-2.6873e-019
-1.2515e-005
4.4107e-018
1.2561e-005
-2.8607e-018
-1.2607e-005
1.2992e-018
1.2654e-005
2.7398e-019
-1.2702e-005
3.9279e-018
1.2749e-005
-2.3529e-018
-1.2798e-005
7.6591e-019
1.2846e-005
8.3318e-019
-1.2896e-005
3.431e-018
1.2945e-005
-1.8299e-018
-1.2996e-005
2.163e-019
1.3046e-005
-4.5345e-018
-1.3097e-005
2.9189e-018
1.3149e-005
-1.2906e-018
-1.3201e-005
-3.5067e-019
1.3254e-005
-4.0342e-018
-1.3307e-005
2.3907e-018
1.336e-005
-7.3409e-019
-1.3415e-005
-9.3599e-019
1.3469e-005
-3.5178e-018
-1.3524e-005
1.8455e-018
1.358e-005
-1.5937e-019
-1.3636e-005
4.6729e-018
1.3692e-005
-2.9845e-018
-1.3749e-005
1.2821e-018
1.3806e-005
4.3457e-019
-1.3864e-005
4.1524e-018
1.3923e-005
-2.4333e-018
-1.3982e-005
6.9966e-019
1.4041e-005
1.0488e-018
-1.4101e-005
3.614e-018
1.4162e-005
-1.8631e-018
-1.4223e-005
9.7096e-020
1.4284e-005
-4.8254e-018
-1.4346e-005
3.0569e-018
1.4408e-005
-1.273e-018
-1.4471e-005
-5.266e-019
1.4535e-005
-4.2821e-018
-1.4599e-005
2.48e-018
1.4663e-005
-6.6181e-019
-1.4728e-005
-1.1725e-018
1.4793e-005
-3.7192e-018
-1.4859e-005
1.8821e-018
1.4926e-005
-2.8608e-020
-1.4993e-005
4.9917e-018
1.506e-005
-3.1355e-018
-1.5128e-005
1.2624e-018
1.5197e-005
6.2769e-019
-1.5266e-005
4.423e-018
1.5336e-005
-2.53e-018
-1.5406e-005
6.1972e-019
1.5476e-005
1.3081e-018
-1.5547e-005
3.8326e-018
1.5619e-005
-1.9018e-018
-1.5691e-005
-4.6984e-020
1.5764e-005
-5.1713e-018
-1.5837e-005
3.2196e-018
1.5911e-005
-1.2496e-018
-1.5985e-005
-7.3878e-019
1.606e-005
-4.5743e-018
-1.6135e-005
2.5828e-018
1.6211e-005
-5.7253e-019
-1.6287e-005
-1.4568e-018
1.6364e-005
-3.9538e-018
-1.6441e-005
1.9213e-018
1.6519e-005
1.306e-019
-1.6598e-005
5.3637e-018
1.6677e-005
-3.3086e-018
-1.6756e-005
1.2338e-018
1.6836e-005
8.6087e-019
-1.6917e-005
4.7357e-018
1.6998e-005
-2.6377e-018
-1.708e-005
5.1937e-019
1.7162e-005
1.6194e-018
-1.7245e-005
4.0822e-018
1.7328e-005
-1.9399e-018
-1.7412e-005
-2.2319e-019
1.7497e-005
-5.5685e-018
-1.7582e-005
3.4019e-018
1.7667e-005
-1.2142e-018
-1.7753e-005
-9.9498e-019
1.784e-005
-4.9066e-018
-1.7927e-005
2.6938e-018
1.8015e-005
-4.5933e-019
-1.8103e-005
6.4552e-018
1.8192e-005
-4.2171e-018
-1.8281e-005
1.9568e-018
1.8371e-005
3.2572e-019
-1.8461e-005
5.7851e-018
1.8552e-005
-3.4988e-018
-1.8644e-005
1.1898e-018
1.8736e-005
1.1422e-018
-1.8829e-005
5.0864e-018
1.8922e-005
-2.7506e-018
-1.9016e-005
3.9148e-019
1.911e-005
-6.7209e-018
-1.9205e-005
4.3579e-018
1.9301e-005
-1.9713e-018
-1.9397e-005
-4.3921e-019
1.9494e-005
-6.013e-018
-1.9591e-005
3.5985e-018
1.9689e-005
-1.1598e-018
-1.9787e-005
-1.3035e-018
1.9886e-005
-5.2745e-018
-1.9986e-005
2.8071e-018
2.0086e-005
-3.1485e-019
-2.0187e-005
7.0004e-018
2.0288e-005
-4.504e-018
-2.039e-005
1.9824e-018
2.0492e-005
5.6467e-019
-2.0595e-005
6.2518e-018
2.0699e-005
-3.7004e-018
-2.0803e-005
1.1232e-018
2.0908e-005
1.48e-018
-2.1013e-005
5.4702e-018
2.1119e-005
-2.8626e-018
-2.1226e-005
2.2845e-019
2.1333e-005
-7.2931e-018
-2.144e-005
4.6546e-018
2.1549e-005
-1.9892e-018
-2.1658e-005
-7.0318e-019
2.1767e-005
-6.5007e-018
-2.1877e-005
3.8037e-018
2.1988e-005
-1.0792e-018
-2.2099e-005
-1.6729e-018
2.2211e-005
-5.673e-018
-2.2324e-005
2.9162e-018
2.2437e-005
-1.3128e-019
-2.255e-005
7.5987e-018
2.2665e-005
-4.8091e-018
-2.2779e-005
1.991e-018
2.2895e-005
8.5583e-019
-2.3011e-005
6.7592e-018
2.3128e-005
-3.9075e-018
-2.3245e-005
1.0267e-018
2.3363e-005
1.8833e-018
-2.3482e-005
5.8822e-018
2.3601e-005
-2.9671e-018
-2.372e-005
2.2268e-020
2.3841e-005
-7.9165e-018
-2.3962e-005
4.9666e-018
2.4083e-005
-1.9866e-018
-2.4206e-005
-1.0237e-018
2.4329e-005
-7.0267e-018
-2.4452e-005
4.0111e-018
2.4576e-005
-9.6482e-019
-2.4701e-005
-2.1125e-018
2.4826e-005
-6.0971e-018
-2.4952e-005
3.0145e-018
2.5079e-005
9.965e-020
-2.5206e-005
8.246e-018
2.5334e-005
-5.1266e-018
-2.5462e-005
1.9753e-018
2.5592e-005
1.2081e-018
-2.5721e-005
7.3026e-018
2.5852e-005
-4.1137e-018
-2.5983e-005
8.924e-019
2.6114e-005
2.3617e-018
-2.6247e-005
6.317e-018
2.638e-005
-3.0573e-018
-2.6513e-005
-2.3559e-019
2.6647e-005
-8.5866e-018
-2.6782e-005
5.2881e-018
2.6918e-005
-1.956e-018
-2.7054e-005
-1.41e-018
2.7191e-005
-7.5861e-018
-2.7328e-005
4.2144e-018
2.7466e-005
-8.0843e-019
-2.7605e-005
-2.6321e-018
2.7744e-005
-6.5412e-018
-2.7885e-005
3.0947e-018
2.8025e-005
3.8669e-019
-2.8167e-005
8.9377e-018
2.8309e-005
-5.4503e-018
-2.8451e-005
1.9276e-018
2.8595e-005
1.6307e-018
-2.8739e-005
7.8768e-018
2.8883e-005
-4.3123e-018
-2.9029e-005
7.1181e-019
2.9175e-005
2.925e-018
-2.9321e-005
6.7688e-018
2.9469e-005
-3.1257e-018
-2.9617e-005
-5.5412e-019
2.9765e-005
-9.2986e-018
-2.9915e-005
5.6125e-018
3.0065e-005
-1.8892e-018
-3.0215e-005
-1.8715e-018
3.0367e-005
-8.1737e-018
-3.0519e-005
4.4065e-018
3.0672e-005
-6.0142e-019
-3.0825e-005
-3.2418e-018
3.0979e-005
-6.9992e-018
-3.1134e-005
3.1494e-018
3.1289e-005
7.391e-019
-3.1445e-005
9.6688e-018
3.1602e-005
-5.7738e-018
-3.176e-005
1.8397e-018
3.1918e-005
2.1337e-018
-3.2077e-005
8.4763e-018
3.2236e-005
-4.4961e-018
-3.2397e-005
4.7611e-019
3.2557e-005
-1.1258e-017
-3.2719e-005
7.2315e-018
3.2881e-005
-3.1646e-018
-3.3045e-005
-9.4286e-019
3.3208e-005
-1.0048e-017
-3.3373e-005
5.9333e-018
3.3538e-005
-1.7779e-018
-3.3704e-005
-2.4186e-018
3.387e-005
-8.7837e-018
-3.4038e-005
4.58e-018
3.4206e-005
-3.3467e-019
-3.4374e-005
1.1717e-017
3.4544e-005
-7.465e-018
-3.4714e-005
3.1704e-018
3.4885e-005
1.1667e-018
-3.5056e-005
1.0434e-017
3.5228e-005
-6.09e-018
-3.5401e-005
1.7028e-018
3.5575e-005
2.7276e-018
-3.5749e-005
9.0952e-018
3.5924e-005
-4.6574e-018
-3.61e-005
1.7588e-019
3.6277e-005
-1.2188e-017
-3.6454e-005
7.6986e-018
3.6632e-005
-3.1656e-018
-3.6811e-005
-1.4119e-018
3.6991e-005
-1.0828e-017
-3.7171e-005
6.2431e-018
3.7352e-005
-1.6131e-018
-3.7533e-005
-3.0621e-018
3.7716e-005
-9.4101e-018
-3.7899e-005
4.7271e-018
3.8083e-005
1.5123e-021
-3.8268e-005
1.2668e-017
3.8453e-005
-7.9317e-018
-3.8639e-005
3.1492e-018
3.8826e-005
1.6799e-018
-3.9014e-005
1.1229e-017
3.9202e-005
-6.3916e-018
-3.9391e-005
1.5077e-018
3.9581e-005
3.4234e-018
-3.9772e-005
9.7274e-018
3.9963e-005
-4.7882e-018
-4.0155e-005
-1.9882e-019
4.0348e-005
-1.3158e-017
-4.0542e-005
8.1632e-018
4.0736e-005
-3.1199e-018
-4.0931e-005
-1.9719e-018
4.1127e-005
-1.1635e-017
-4.1324e-005
6.5344e-018
4.1521e-005
-1.3853e-018
-4.172e-005
-3.8132e-018
4.1919e-005
-1.0046e-017
-4.2118e-005
4.8394e-018
4.2319e-005
4.1738e-019
-4.252e-005
1.3658e-017
4.2722e-005
-8.3923e-018
-4.2925e-005
3.0767e-018
4.3129e-005
2.2896e-018
-4.3333e-005
1.2046e-017
4.3539e-005
-6.6707e-018
-4.3745e-005
1.2446e-018
4.3952e-005
4.233e-018
-4.4159e-005
1.0366e-017
4.4367e-005
-4.8798e-018
-4.4577e-005
-6.5857e-019
4.4787e-005
-1.4165e-017
-4.4997e-005
8.618e-018
4.5209e-005
-3.0182e-018
-4.5421e-005
-2.6343e-018
4.5634e-005
-1.2461e-017
-4.5848e-005
6.7992e-018
4.6063e-005
-1.0843e-018
-4.6279e-005
-4.6843e-018
4.6495e-005
-1.0686e-017
-4.6712e-005
4.9082e-018
4.693e-005
9.2381e-019
-4.7149e-005
1.4681e-017
4.7369e-005
-8.8393e-018
-4.7589e-005
2.9434e-018
4.781e-005
3.0076e-018
-4.8032e-005
1.2879e-017
4.8255e-005
-6.919e-018
-4.8479e-005
9.03e-019
4.8703e-005
5.1688e-018
-4.8929e-005
1.1005e-017
4.9155e-005
-4.9233e-018
-4.9382e-005
-1.2146e-018
4.961e-005
-1.5203e-017
-4.9839e-005
9.0552e-018
5.0068e-005
-2.8507e-018
-5.0298e-005
-3.4111e-018
5.053e-005
-1.33e-017
-5.0762e-005
7.0288e-018
5.0994e-005
-6.994e-019
-5.1228e-005
-5.6882e-018
5.1463e-005
-1.1322e-017
-5.1698e-005
4.924e-018
5.1934e-005
1.5324e-018
-5.2171e-005
1.5731e-017
5.2409e-005
-9.2647e-018
-5.2648e-005
2.739e-018
5.2888e-005
3.8463e-018
-5.3128e-005
1.3723e-017
5.337e-005
-7.1277e-018
-5.3612e-005
4.7199e-019
5.3855e-005
6.2442e-018
-5.4099e-005
1.1636e-017
5.4344e-005
-4.909e-018
-5.4589e-005
-1.8787e-018
5.4836e-005
-1.6265e-017
-5.5083e-005
9.4666e-018
5.5332e-005
-2.6068e-018
-5.5581e-005
-4.315e-018
5.5831e-005
-1.4147e-017
-5.6082e-005
7.2143e-018
5.6334e-005
-2.193e-019
-5.6586e-005
-6.8386e-018
5.684e-005
-1.1946e-017
-5.7094e-005
4.877e-018
5.735e-005
2.2553e-018
-5.7606e-005
1.6803e-017
5.7863e-005
-9.66e-018
-5.8121e-005
2.4527e-018
5.838e-005
4.8189e-018
-5.864e-005
1.457e-017
5.8901e-005
-7.2876e-018
-5.9163e-005
-6.022e-020
5.9425e-005
7.4734e-018
-5.9689e-005
1.2251e-017
5.9953e-005
-4.8266e-018
-6.0218e-005
-2.6638e-018
6.0485e-005
-1.7345e-017
-6.0752e-005
9.8436e-018
6.102e-005
-2.2754e-018
-6.1289e-005
-5.3598e-018
6.1559e-005
-1.4993e-017
-6.1829e-005
7.3461e-018
6.2101e-005
3.6816e-019
-6.2374e-005
2.0276e-017
6.2647e-005
-1.255e-017
-6.2922e-005
4.7566e-018
6.3197e-005
3.1058e-018
-6.3474e-005
1.789e-017
6.3751e-005
-1.0016e-017
-6.403e-005
2.0731e-018
6.4309e-005
5.9396e-018
-6.4589e-005
1.5413e-017
6.487e-005
-7.3886e-018
-6.5152e-005
-7.0617e-019
6.5435e-005
-2.095e-017
-6.5719e-005
1.2843e-017
6.6004e-005
-4.6653e-018
-6.629e-005
-3.5833e-018
6.6577e-005
-1.8438e-017
-6.6865e-005
1.0177e-017
6.7154e-005
-1.8445e-018
-6.7444e-005
-6.5602e-018
6.7734e-005
-1.5831e-017
-6.8026e-005
7.4139e-018
6.8319e-005
1.0759e-018
-6.8612e-005
2.1629e-017
6.8907e-005
-1.3127e-017
-6.9203e-005
4.5515e-018
6.9499e-005
4.0979e-018
-6.9797e-005
1.8986e-017
7.0096e-005
-1.0324e-017
-7.0395e-005
1.5878e-018
7.0696e-005
7.2235e-018
-7.0998e-005
1.6245e-017
7.13e-005
-7.4205e-018
-7.1604e-005
-1.4792e-018
7.1908e-005
-2.2315e-017
-7.2214e-005
1.3402e-017
7.2521e-005
-4.4135e-018
-7.2828e-005
-4.6517e-018
7.3137e-005
-1.9535e-017
-7.3447e-005
1.0457e-017
7.3757e-005
-1.3014e-018
-7.4069e-005
-7.9317e-018
7.4382e-005
-1.6653e-017
-7.4696e-005
7.4069e-018
7.501e-005
1.9179e-018
-7.5326e-005
2.3005e-017
7.5643e-005
-1.3667e-017
-7.5961e-005
4.2498e-018
7.628e-005
5.2466e-018
-7.66e-005
2.0084e-017
7.6921e-005
-1.0574e-017
-7.7243e-005
9.8365e-019
7.7566e-005
8.6869e-018
-7.7891e-005
1.7056e-017
7.8216e-005
-7.3718e-018
-7.8542e-005
-2.3938e-018
7.887e-005
-2.3699e-017
-7.9198e-005
1.392e-017
7.9528e-005
-4.0588e-018
-7.9858e-005
-5.8847e-018
8.019e-005
-2.0631e-017
-8.0523e-005
1.0673e-017
8.0857e-005
-6.3264e-019
-8.1191e-005
-9.4913e-018
8.1527e-005
-1.7452e-017
-8.1865e-005
7.3135e-018
8.2203e-005
2.9089e-018
-8.2542e-005
2.4397e-017
8.2882e-005
-1.416e-017
-8.3224e-005
3.8387e-018
8.3566e-005
6.5682e-018
-8.391e-005
2.1176e-017
8.4255e-005
-1.0754e-017
-8.4601e-005
2.4654e-019
8.4948e-005
1.0347e-017
-8.5296e-005
1.7839e-017
8.5645e-005
-7.2306e-018
-8.5996e-005
-3.4653e-018
8.6347e-005
-2.5097e-017
-8.67e-005
1.4387e-017
8.7053e-005
-3.5879e-018
-8.7408e-005
-7.2991e-018
8.7764e-005
-2.1717e-017
-8.8122e-005
1.0815e-017
8.848e-005
1.7658e-019
-8.8839e-005
-1.1257e-017
8.92e-005
-1.8218e-017
-8.9562e-005
7.1214e-018
8.9925e-005
4.0651e-018
-9.0289e-005
2.5799e-017
9.0654e-005
-1.4597e-017
-9.1021e-005
3.3044e-018
9.1388e-005
8.08e-018
-9.1757e-005
2.2254e-017
9.2127e-005
-1.0854e-017
-9.2498e-005
-6.3873e-019
9.287e-005
1.2224e-017
-9.3244e-005
1.8585e-017
9.3618e-005
-6.9842e-018
-9.3994e-005
-4.7104e-018
9.4371e-005
-2.6502e-017
-9.475e-005
1.4791e-017
9.5129e-005
-2.9865e-018
-9.551e-005
-8.9132e-018
9.5892e-005
-2.2786e-017
-9.6275e-005
1.087e-017
9.6659e-005
1.142e-018
-9.7045e-005
-1.325e-017
9.7432e-005
-1.8941e-017
-9.782e-005
6.8172e-018
9.8209e-005
5.4037e-018
-9.8599e-005
2.7205e-017
9.8991e-005
-1.4967e-017
-9.9384e-005
2.6321e-018
9.9778e-005
9.8012e-018
-0.00010017
2.3311e-017
0.00010057
-1.0861e-017
-0.00010097
-1.6886e-018
0.00010137
-3.1851e-017
-0.00010177
1.9285e-017
0.00010217
-6.6187e-018
-0.00010257
-6.1473e-018
0.00010298
-2.7907e-017
-0.00010338
1.5123e-017
0.00010379
-2.2391e-018
-0.0001042
-1.0747e-017
0.00010461
-2.3829e-017
-0.00010502
1.0825e-017
0.00010543
2.2808e-018
-0.00010584
3.2737e-017
0.00010626
-1.9613e-017
-0.00010667
6.3867e-018
0.00010709
6.9438e-018
-0.00010751
2.8607e-017
0.00010793
-1.5259e-017
-0.00010835
1.8056e-018
0.00010877
1.1753e-017
-0.0001092
2.4338e-017
0.00010962
-1.0761e-017
-0.00011005
-2.921e-018
0.00011048
-3.3627e-017
-0.00011091
1.9927e-017
0.00011134
-6.1192e-018
-0.00011177
-7.7957e-018
0.0001122
-2.9304e-017
-0.00011264
1.5371e-017
0.00011307
-1.3291e-018
-0.00011351
-1.2822e-017
0.00011395
-2.4837e-017
-0.00011439
1.0668e-017
0.00011483
3.6116e-018
-0.00011528
3.4521e-017
0.00011572
-2.0223e-017
-0.00011617
5.8142e-018
0.00011661
8.706e-018
-0.00011706
2.9998e-017
0.00011751
-1.5459e-017
-0.00011796
8.0748e-019
0.00011842
1.3957e-017
-0.00011887
2.5326e-017
0.00011933
-1.0542e-017
-0.00011979
-4.3554e-018
0.00012024
-3.5418e-017
-0.0001207
2.0501e-017
0.00012117
-5.4695e-018
-0.00012163
-9.6773e-018
0.00012209
-3.0688e-017
-0.00012256
1.5521e-017
0.00012303
-2.3817e-019
-0.0001235
-1.5161e-017
0.00012397
-2.5802e-017
-0.00012444
1.0383e-017
0.00012491
-2.3301e-017
-0.00012539
7.7531e-018
0.00012586
-2.0759e-017
-0.00012634
5.0829e-018
0.00012682
-1.8178e-017
-0.0001273
2.3715e-018
0.00012779
-1.5555e-017
-0.00012827
-3.8138e-019
0.00012876
-1.2892e-017
-0.00012924
-3.1762e-018
0.00012973
-1.0187e-017
-0.00013022
2.3652e-017
0.00013071
-7.4407e-018
-0.00013121
2.0996e-017
0.0001317
-4.6519e-018
-0.0001322
1.8299e-017
0.0001327
-1.8206e-018
-0.0001332
1.556e-017
0.0001337
1.0538e-018
-0.0001342
1.2778e-017
0.00013471
3.9717e-018
-0.00013521
9.9538e-018
0.00013572
-2.3984e-017
-0.00013623
7.0858e-018
0.00013674
-2.121e-017
-0.00013725
4.1742e-018
0.00013777
-1.8394e-017
-0.00013828
1.2183e-018
0.0001388
-1.5533e-017
-0.00013932
-1.7821e-018
0.00013984
-1.2629e-017
-0.00014037
-4.8275e-018
0.00014089
-9.6799e-018
-0.00014142
2.4296e-017
0.00014194
-6.6861e-018
-0.00014247
2.14e-017
0.000143
-3.647e-018
-0.00014354
1.8459e-017
0.00014407
-5.6208e-019
-0.00014461
1.5473e-017
0.00014515
2.5691e-018
-0.00014569
1.2441e-017
0.00014623
-2.7563e-017
-0.00014677
9.3634e-018
0.00014732
-2.4586e-017
-0.00014786
6.2391e-018
0.00014841
-2.1563e-017
-0.00014896
3.0677e-018
0.00014951
-1.8493e-017
-0.00015007
-1.5121e-019
0.00015062
-1.5377e-017
-0.00015118
-3.418e-018
0.00015174
-1.2213e-017
-0.0001523
2.796e-017
0.00015287
-9.0017e-018
-0.00015343
2.4853e-017
0.000154
-5.7419e-018
-0.00015457
2.1698e-017
0.00015514
-2.4332e-018
-0.00015571
1.8495e-017
0.00015628
9.2463e-019
-0.00015686
1.5243e-017
0.00015744
4.3322e-018
-0.00015802
1.1943e-017
0.0001586
-2.8337e-017
-0.00015918
8.5922e-018
0.00015977
-2.5095e-017
-0.00016035
5.1917e-018
0.00016094
-2.1803e-017
-0.00016154
1.7406e-018
0.00016213
-1.8462e-017
-0.00016272
-1.7615e-018
0.00016332
-1.507e-017
-0.00016392
-5.3153e-018
0.00016452
-1.1627e-017
-0.00016512
2.8693e-017
0.00016573
-8.132e-018
-0.00016634
2.531e-017
0.00016695
-4.5856e-018
-0.00016756
2.1877e-017
0.00016817
-9.8661e-019
-0.00016879
1.8391e-017
0.0001694
2.6654e-018
-0.00017002
1.4853e-017
0.00017064
6.3709e-018
-0.00017127
1.1263e-017
0.00017189
-2.9025e-017
-0.00017252
7.6184e-018
0.00017315
-2.5497e-017
-0.00017378
3.9203e-018
0.00017442
-2.1916e-017
-0.00017505
1.6769e-019
0.00017569
-1.8281e-017
-0.00017633
-3.6399e-018
0.00017697
-1.4592e-017
-0.00017762
-7.5032e-018
0.00017827
-1.0848e-017
-0.00017892
2.9332e-017
0.00017957
-7.048e-018
-0.00018022
2.5653e-017
0.00018088
-3.1924e-018
-0.00018153
2.1919e-017
0.0001822
7.1982e-019
-0.00018286
1.8129e-017
0.00018352
4.6892e-018
-0.00018419
1.4282e-017
0.00018486
8.7164e-018
-0.00018553
1.0379e-017
0.0001862
-2.9613e-017
-0.00018688
6.4177e-018
0.00018756
-2.5777e-017
-0.00018824
2.3983e-018
0.00018892
-2.1884e-017
-0.00018961
-1.6798e-018
0.0001903
-1.7932e-017
-0.00019099
-5.8175e-018
0.00019168
-1.3922e-017
-0.00019238
3.3805e-017
0.00019307
-9.8531e-018
-0.00019377
2.9865e-017
0.00019448
-5.7239e-018
-0.00019518
2.5866e-017
0.00019589
-1.5342e-018
-0.0001966
2.1808e-017
0.00019731
2.7166e-018
-0.00019803
1.7689e-017
0.00019874
7.0292e-018
-0.00019946
1.3508e-017
0.00020019
-3.4195e-017
-0.00020091
9.2667e-018
0.00020164
-3.0088e-017
-0.00020237
4.9628e-018
0.0002031
-2.5919e-017
-0.00020384
5.9589e-019
0.00020457
-2.1688e-017
-0.00020531
-3.8346e-018
0.00020606
-1.7394e-017
-0.0002068
-8.3294e-018
0.00020755
-1.3037e-017
-0.0002083
3.4559e-017
0.00020906
-8.6163e-018
-0.00020981
3.0278e-017
0.00021057
-4.1303e-018
-0.00021133
2.5932e-017
0.0002121
4.2108e-019
-0.00021287
2.1522e-017
0.00021364
5.0387e-018
-0.00021441
1.7047e-017
0.00021518
9.7233e-018
-0.00021596
1.2506e-017
0.00021674
-3.4896e-017
-0.00021753
7.8977e-018
0.00021832
-3.0433e-017
-0.00021911
3.2222e-018
0.0002199
-2.5904e-017
-0.00022069
-1.5215e-018
0.00022149
-2.1307e-017
-0.0002223
-6.3341e-018
0.0002231
-1.6643e-017
-0.00022391
-1.1217e-017
0.00022472
-1.191e-017
-0.00022553
3.5203e-017
0.00022635
-7.1068e-018
-0.00022717
3.0552e-017
0.00022799
-2.2337e-018
-0.00022882
2.5831e-017
0.00022964
2.7104e-018
-0.00023048
2.104e-017
0.00023131
7.7265e-018
-0.00023215
1.6178e-017
0.00023299
-4.0257e-017
-0.00023384
1.1245e-017
0.00023468
-3.548e-017
-0.00023553
6.2391e-018
0.00023639
-3.0632e-017
-0.00023725
1.1599e-018
0.00023811
-2.5711e-017
-0.00023897
-3.9935e-018
0.00023984
-2.0717e-017
-0.00024071
-9.2219e-018
0.00024158
-1.565e-017
-0.00024246
4.0702e-017
0.00024334
-1.0508e-017
-0.00024422
3.5723e-017
0.00024511
-5.2896e-018
-0.000246
3.067e-017
0.00024689
4.8992e-021
-0.00024779
2.5541e-017
0.00024869
5.3768e-018
-0.0002496
2.0335e-017
0.00025051
1.0827e-017
-0.00025142
1.5053e-017
0.00025233
-4.1122e-017
-0.00025325
9.6925e-018
0.00025417
-3.5932e-017
-0.0002551
4.253e-018
0.00025603
-3.0664e-017
-0.00025696
-1.2665e-018
0.0002579
-2.5317e-017
-0.00025884
-6.8668e-018
0.00025979
-1.989e-017
-0.00026073
-1.2549e-017
0.00026169
-1.4383e-017
-0.00026264
4.1513e-017
0.0002636
-8.7948e-018
-0.00026457
3.6102e-017
0.00026553
-3.1235e-018
-0.0002665
3.061e-017
0.00026748
2.6313e-018
-0.00026846
2.5036e-017
0.00026944
8.4708e-018
-0.00027043
1.9378e-017
0.00027142
1.4396e-017
-0.00027242
1.3636e-017
0.00027342
-4.1874e-017
-0.00027442
7.8087e-018
0.00027543
-3.6232e-017
-0.00027644
1.8948e-018
0.00027745
-3.0506e-017
-0.00027848
-4.1065e-018
0.0002795
-2.4694e-017
-0.00028053
-1.0196e-017
0.00028156
-1.8794e-017
-0.0002826
-1.6376e-017
0.00028364
-1.2806e-017
-0.00028469
4.2203e-017
0.00028574
-6.7281e-018
-0.00028679
3.632e-017
0.00028785
-5.6007e-019
-0.00028892
3.0348e-017
0.00028998
5.6997e-018
-0.00029106
2.4286e-017
0.00029213
1.2052e-017
-0.00029322
1.8133e-017
0.0002943
1.8499e-017
-0.00029539
1.1886e-017
0.00029649
-4.2498e-017
-0.00029759
5.5465e-018
0.0002987
-3.6362e-017
-0.00029981
-8.8839e-019
0.00030092
-3.0133e-017
-0.00030204
-7.4195e-018
0.00030317
-2.3809e-017
-0.0003043
-1.4048e-017
0.00030543
-1.7389e-017
-0.00030657
4.9061e-017
0.00030772
-1.0872e-017
-0.00030887
4.2756e-017
0.00031002
-4.2564e-018
-0.00031118
3.6355e-017
0.00031235
2.4589e-018
-0.00031352
2.9855e-017
0.0003147
9.2753e-018
-0.00031588
2.3257e-017
0.00031706
1.6194e-017
-0.00031826
1.6557e-017
0.00031945
-4.9555e-017
-0.00032066
9.7551e-018
0.00032186
-4.2976e-017
-0.00032308
2.8497e-018
0.0003243
-3.6296e-017
-0.00032552
-4.1606e-018
0.00032675
-2.9512e-017
-0.00032799
-1.1277e-017
0.00032923
-2.2624e-017
-0.00033048
-1.8502e-017
0.00033173
-1.563e-017
-0.00033299
5.0021e-017
0.00033426
-8.5281e-018
-0.00033553
4.3154e-017
0.00033681
-1.3174e-018
-0.00033809
3.618e-017
0.00033938
6.0039e-018
-0.00034067
2.9098e-017
0.00034198
1.3437e-017
-0.00034328
2.1905e-017
0.0003446
2.0985e-017
-0.00034592
1.46e-017
0.00034725
-5.0459e-017
-0.00034858
7.1824e-018
0.00034992
-4.3288e-017
-0.00035126
-3.5047e-019
0.00035262
-3.6005e-017
-0.00035398
-8e-018
0.00035534
-2.8607e-017
-0.00035671
-1.5768e-017
0.00035809
-2.1092e-017
-0.00035948
-2.3656e-017
0.00036087
-1.346e-017
-0.00036227
5.0865e-017
0.00036368
-5.7083e-018
-0.00036509
4.3374e-017
0.00036652
2.1651e-018
-0.00036794
3.5764e-017
0.00036938
1.0162e-017
-0.00037082
2.8033e-017
0.00037227
1.8284e-017
-0.00037373
2.0179e-017
0.0003752
-5.8944e-017
-0.00037667
1.22e-017
0.00037815
-5.1239e-017
-0.00037964
4.0951e-018
0.00038113
-4.3409e-017
-0.00038263
-4.1389e-018
0.00038414
-3.5454e-017
-0.00038566
-1.2503e-017
0.00038719
-2.737e-017
-0.00038872
-2.1001e-017
0.00039027
-1.9156e-017
-0.00039182
5.9633e-017
0.00039338
-1.0811e-017
-0.00039495
5.1577e-017
0.00039652
-2.3306e-018
-0.00039811
4.3389e-017
0.0003997
6.2859e-018
-0.0004013
3.5068e-017
0.00040291
1.5041e-017
-0.00040453
2.6611e-017
0.00040616
2.3937e-017
-0.00040779
1.8015e-017
0.00040944
-6.0307e-017
-0.00041109
9.2795e-018
0.00041276
-5.1878e-017
-0.00041443
4.0119e-019
0.00041611
-4.331e-017
-0.0004178
3.8973e-017
0.0004195
-3.46e-017
-0.00042121
3.0191e-017
0.00042293
-2.5746e-017
-0.00042466
2.1264e-017
0.0004264
-1.6744e-017
-0.00042815
1.2188e-017
0.00042991
-7.5938e-018
-0.00043168
2.9618e-018
0.00043346
1.7086e-018
-0.00043525
-6.4176e-018
0.00043705
-3.8624e-017
-0.00043886
3.4043e-017
0.00044068
-2.9424e-017
-0.00044251
2.4766e-017
0.00044436
-2.0069e-017
-0.00044621
1.5332e-017
0.00044807
-1.0555e-017
-0.00044995
5.7388e-018
0.00045184
-8.816e-019
-0.00045373
-4.0165e-018
0.00045564
-4.2954e-017
-0.00045756
3.8192e-017
0.0004595
-3.3389e-017
-0.00046144
2.8545e-017
0.0004634
-2.366e-017
-0.00046536
1.8733e-017
0.00046734
-1.3764e-017
-0.00046934
8.7522e-018
0.00047134
-3.6975e-018
-0.00047336
-1.4007e-018
0.00047539
6.5427e-018
-0.00047743
4.2665e-017
0.00047948
-3.7669e-017
-0.00048155
3.2629e-017
0.00048363
-2.7545e-017
-0.00048573
2.2416e-017
0.00048783
-1.7243e-017
-0.00048995
1.2025e-017
0.00049209
-6.7605e-018
-0.00049424
1.4503e-018
0.0004964
3.9065e-018
-0.00049857
-9.3104e-018
0.00050076
-4.2294e-017
-0.00050297
3.7046e-017
0.00050519
-3.1751e-017
-0.00050742
2.6409e-017
0.00050967
-2.102e-017
-0.00051193
1.5582e-017
0.00051421
-1.0095e-017
-0.0005165
4.5599e-018
0.00051881
1.0253e-018
-0.00052114
-6.6607e-018
0.00052348
1.2347e-017
-0.00052583
4.1831e-017
0.00052821
-3.6313e-017
-0.00053059
3.0744e-017
0.000533
-2.5125e-017
-0.00053542
1.9454e-017
0.00053786
-1.3731e-017
-0.00054031
7.9551e-018
0.00054279
-2.1266e-018
-0.00054528
-3.7555e-018
0.00054778
9.6919e-018
-0.00055031
4.7024e-017
0.00055285
-4.1268e-017
-0.00055541
3.5458e-017
0.00055799
-2.9593e-017
-0.00056059
2.3674e-017
0.00056321
-1.7698e-017
-0.00056585
1.1667e-017
0.0005685
-5.5786e-018
-0.00057118
-5.6729e-019
0.00057387
6.7713e-018
-0.00057659
-1.3034e-017
0.00057932
-4.6661e-017
-0.00058208
4.0594e-017
0.00058485
-3.4467e-017
-0.00058765
2.8282e-017
0.00059047
-2.2037e-017
-0.00059331
1.5731e-017
0.00059617
-9.3648e-018
-0.00059905
2.9364e-018
0.00060196
3.5546e-018
-0.00060489
-1.0109e-017
0.00060784
-5.2545e-017
-0.00061081
4.6201e-017
0.00061381
-3.9795e-017
-0.00061683
3.3325e-017
0.00061987
-2.679e-017
-0.00062294
2.0191e-017
0.00062604
-1.3525e-017
-0.00062915
6.7933e-018
0.0006323
6.2777e-021
-0.00063547
-6.8742e-018
0.00063866
1.3811e-017
-0.00064188
5.2339e-017
0.00064513
-4.5632e-017
-0.0006484
3.8856e-017
0.0006517
-3.2011e-017
-0.00065503
2.5095e-017
0.00065839
-1.8107e-017
-0.00066178
1.1048e-017
0.00066519
-3.9153e-018
-0.00066863
-3.2913e-018
0.00067211
1.0573e-017
-0.00067561
-1.7931e-017
0.00067914
-5.2046e-017
-0.0006827
4.494e-017
0.0006863
-3.7759e-017
-0.00068992
3.0502e-017
0.00069358
-2.3166e-017
-0.00069727
1.5753e-017
0.00070099
-8.2599e-018
-0.00070475
6.8618e-019
0.00070854
6.9692e-018
-0.00071236
-1.4707e-017
0.00071622
2.2529e-017
-0.00072012
5.1654e-017
0.00072405
-4.411e-017
-0.00072801
3.6482e-017
0.00073202
-2.8769e-017
-0.00073606
2.0971e-017
0.00074014
-1.3087e-017
-0.00074425
5.1137e-018
0.00074841
2.9486e-018
-0.00075261
-1.1101e-017
0.00075684
1.9346e-017
-0.00076112
5.909e-017
0.00076544
-5.115e-017
-0.0007698
4.312e-017
0.0007742
-3.4997e-017
-0.00077865
2.678e-017
0.00078314
-1.8467e-017
-0.00078767
1.0058e-017
0.00079225
-1.551e-018
-0.00079688
-7.0559e-018
0.00080156
1.5764e-017
-0.00080628
-2.4575e-017
0.00081105
-5.8989e-017
-0.00081587
5.0518e-017
0.00082074
-4.1946e-017
-0.00082566
3.327e-017
0.00083063
-2.4489e-017
-0.00083565
1.5601e-017
0.00084073
-6.6053e-018
-0.00084586
-2.5011e-018
0.00085105
1.1719e-017
-0.00085629
-2.1052e-017
0.00086159
-6.7756e-017
-0.00086695
5.8803e-017
0.00087237
-4.9737e-017
-0.00087784
4.0557e-017
0.00088338
-3.126e-017
-0.00088898
2.1844e-017
0.00089465
-1.2308e-017
-0.00090037
2.6492e-018
0.00090617
7.1342e-018
-0.00091203
-1.7045e-017
0.00091796
2.7084e-017
-0.00092395
6.813e-017
0.00093002
-5.852e-017
-0.00093616
4.8781e-017
0.00094237
-3.8913e-017
-0.00094866
2.8912e-017
0.00095502
-1.8776e-017
-0.00096146
8.5027e-018
0.00096798
1.9103e-018
-0.00097457
4.3122e-017
0.00098125
-3.2803e-017
-0.00098801
2.2342e-017
0.00099486
-1.1734e-017
-0.0010018
9.7868e-019
0.0010088
-4.7618e-017
-0.0010159
3.6963e-017
0.0010231
-2.6157e-017
-0.0010304
1.5196e-017
0.0010378
-4.0766e-018
-0.0010453
-7.2038e-018
0.0010529
-4.142e-017
-0.0010606
3.0248e-017
0.0010684
-1.891e-017
-0.0010763
7.4045e-018
0.0010843
4.2731e-018
-0.0010924
4.6203e-017
0.0011006
-3.4642e-017
-0.001109
2.2904e-017
0.0011174
-1.0987e-017
-0.001126
-1.1144e-018
0.0011347
1.3404e-017
-0.0011436
3.9373e-017
0.0011525
-2.7209e-017
-0.0011616
1.4852e-017
0.0011708
-2.2975e-018
-0.0011802
-1.0458e-017
0.0011897
-4.4479e-017
-0.0011993
3.1859e-017
0.0012091
-1.9031e-017
-0.0012191
5.9917e-018
0.0012292
7.2645e-018
-0.0012394
5.0004e-017
0.0012498
-3.6895e-017
-0.0012604
2.3563e-017
0.0012711
-1.0002e-017
-0.0012821
-3.7924e-018
0.0012932
-5.6e-017
-0.0013044
4.2366e-017
0.0013159
-2.8491e-017
-0.0013276
1.4369e-017
0.0013394
6.6622e-021
-0.0013515
-1.4642e-017
0.0013637
-4.8327e-017
-0.0013762
3.3867e-017
0.0013889
-1.9138e-017
-0.0014018
4.1341e-018
0.0014149
1.1153e-017
-0.0014283
5.4846e-017
0.0014419
-3.9752e-017
-0.0014558
2.4366e-017
0.0014699
-8.6793e-018
-0.0014843
-7.3162e-018
0.001499
2.3629e-017
-0.0015139
4.622e-017
0.0015292
-3.0118e-017
-0.0015447
1.3688e-017
0.0015605
3.0813e-018
-0.0015767
-2.0199e-017
0.0015931
-5.3359e-017
-0.0016099
3.6476e-017
0.0016271
-1.9231e-017
-0.0016446
1.6138e-018
0.0016624
1.6389e-017
-0.0016807
6.1275e-017
0.0016993
-4.3536e-017
-0.0017184
2.5397e-017
0.0017378
-6.8446e-018
-0.0017577
-1.2134e-017
0.001778
-7.01e-017
-0.0017988
5.1418e-017
0.00182
-3.2291e-017
-0.0018418
1.2705e-017
0.001864
7.3586e-018
-0.0018868
-2.7915e-017
0.0019102
-6.0272e-017
-0.0019341
4.0049e-017
0.0019586
-1.931e-017
-0.0019836
-1.9634e-018
0.0020094
-3.369e-017
-0.0020358
1.2043e-017
0.0020628
-4.8839e-017
-0.0020906
2.681e-017
0.0021192
-4.1756e-018
-0.0021484
4.2398e-017
0.0021785
-1.9345e-017
-0.0022095
-4.3685e-018
0.0022413
-3.5393e-017
-0.002274
1.1218e-017
0.0023077
1.3678e-017
-0.0023423
2.7749e-017
0.002378
-2.3417e-018
-0.0024148
4.5309e-017
0.0024527
-1.9375e-017
-0.0024918
-7.3918e-018
0.0025321
-3.7521e-017
-0.0025737
1.0166e-017
0.0026167
-5.6888e-017
-0.0026612
2.8928e-017
0.0027071
6.761e-021
-0.0027547
4.9019e-017
0.0028039
-1.9402e-017
-0.0028549
-1.1301e-017
0.0029077
-4.0262e-017
-0.0029625
8.7865e-018
0.0030194
2.391e-017
-0.0030785
3.0463e-017
0.00314
3.1151e-018
-0.0032039
5.3921e-017
0.0032704
-1.9426e-017
-0.0033397
-1.6547e-017
0.003412
-4.394e-017
-0.0034874
6.9054e-018
0.0035663
-7.0695e-017
-0.0036487
3.2553e-017
0.003735
7.4155e-018
-0.0038255
6.0716e-017
0.0039204
-1.9446e-017
-0.0040202
3.3914e-017
0.004125
-4.9148e-017
-0.0042355
4.2006e-018
0.004352
-1.9454e-017
-0.0044751
3.5583e-017
0.0046053
1.3747e-017
-0.0047432
2.3529e-018
0.0048896
-1.9462e-017
-0.0050453
3.7678e-017
0.0052112
-5.7112e-017
-0.0053883
-6.7858e-021
0.0055779
-1.9469e-017
-0.0057812
4.039e-017
0.0059998
2.3981e-017
-0.0062355
-3.1236e-018
0.0064905
-1.9475e-017
-0.0067672
4.4041e-017
0.0070684
-7.0845e-017
-0.0073977
-7.4298e-018
0.007759
-1.948e-017
-0.0081574
4.9225e-017
0.0085988
-1.9482e-017
-0.0090906
-1.3764e-017
0.009642
-1.9484e-017
-0.010265
5.7168e-017
0.010973
-1.9486e-017
-0.011786
-2.3998e-017
0.01273
-1.9487e-017
-0.013837
7.0882e-017
0.015155
-1.9488e-017
-0.016751
1.9489e-017
0.018722
-1.9489e-017
-0.021219
1.949e-017
0.024484
-1.949e-017
-0.028936
1.949e-017
0.035367
-1.9491e-017
-0.045472
1.9491e-017
0.063662
-1.9491e-017
-0.1061
1.9491e-017
0.31831
0.50001
0.31831
1.9491e-017
-0.1061
-1.9491e-017
0.063662
1.9491e-017
-0.045472
-1.9491e-017
0.035367
1.949e-017
-0.028936
-1.949e-017
0.024484
1.949e-017
-0.021219
-1.9489e-017
0.018722
1.9489e-017
-0.016751
-1.9488e-017
0.015155
7.0882e-017
-0.013837
-1.9487e-017
0.01273
-2.3998e-017
-0.011786
-1.9486e-017
0.010973
5.7168e-017
-0.010265
-1.9484e-017
0.009642
-1.3764e-017
-0.0090906
-1.9482e-017
0.0085988
4.9225e-017
-0.0081574
-1.948e-017
0.007759
-7.4298e-018
-0.0073977
-7.0845e-017
0.0070684
4.4041e-017
-0.0067672
-1.9475e-017
0.0064905
-3.1236e-018
-0.0062355
2.3981e-017
0.0059998
4.039e-017
-0.0057812
-1.9469e-017
0.0055779
-6.7858e-021
-0.0053883
-5.7112e-017
0.0052112
3.7678e-017
-0.0050453
-1.9462e-017
0.0048896
2.3529e-018
-0.0047432
1.3747e-017
0.0046053
3.5583e-017
-0.0044751
-1.9454e-017
0.004352
4.2006e-018
-0.0042355
-4.9148e-017
0.004125
3.3914e-017
-0.0040202
-1.9446e-017
0.0039204
6.0716e-017
-0.0038255
7.4155e-018
0.003735
3.2553e-017
-0.0036487
-7.0695e-017
0.0035663
6.9054e-018
-0.0034874
-4.394e-017
0.003412
-1.6547e-017
-0.0033397
-1.9426e-017
0.0032704
5.3921e-017
-0.0032039
3.1151e-018
0.00314
3.0463e-017
-0.0030785
2.391e-017
0.0030194
8.7865e-018
-0.0029625
-4.0262e-017
0.0029077
-1.1301e-017
-0.0028549
-1.9402e-017
0.0028039
4.9019e-017
-0.0027547
6.761e-021
0.0027071
2.8928e-017
-0.0026612
-5.6888e-017
0.0026167
1.0166e-017
-0.0025737
-3.7521e-017
0.0025321
-7.3918e-018
-0.0024918
-1.9375e-017
0.0024527
4.5309e-017
-0.0024148
-2.3417e-018
0.002378
2.7749e-017
-0.0023423
1.3678e-017
0.0023077
1.1218e-017
-0.002274
-3.5393e-017
0.0022413
-4.3685e-018
-0.0022095
-1.9345e-017
0.0021785
4.2398e-017
-0.0021484
-4.1756e-018
0.0021192
2.681e-017
-0.0020906
-4.8839e-017
0.0020628
1.2043e-017
-0.0020358
-3.369e-017
0.0020094
-1.9634e-018
-0.0019836
-1.931e-017
0.0019586
4.0049e-017
-0.0019341
-6.0272e-017
0.0019102
-2.7915e-017
-0.0018868
7.3586e-018
0.001864
1.2705e-017
-0.0018418
-3.2291e-017
0.00182
5.1418e-017
-0.0017988
-7.01e-017
0.001778
-1.2134e-017
-0.0017577
-6.8446e-018
0.0017378
2.5397e-017
-0.0017184
-4.3536e-017
0.0016993
6.1275e-017
-0.0016807
1.6389e-017
0.0016624
1.6138e-018
-0.0016446
-1.9231e-017
0.0016271
3.6476e-017
-0.0016099
-5.3359e-017
0.0015931
-2.0199e-017
-0.0015767
3.0813e-018
0.0015605
1.3688e-017
-0.0015447
-3.0118e-017
0.0015292
4.622e-017
-0.0015139
2.3629e-017
0.001499
-7.3162e-018
-0.0014843
-8.6793e-018
0.0014699
2.4366e-017
-0.0014558
-3.9752e-017
0.0014419
5.4846e-017
-0.0014283
1.1153e-017
0.0014149
4.1341e-018
-0.0014018
-1.9138e-017
0.0013889
3.3867e-017
-0.0013762
-4.8327e-017
0.0013637
-1.4642e-017
-0.0013515
6.6622e-021
0.0013394
1.4369e-017
-0.0013276
-2.8491e-017
0.0013159
4.2366e-017
-0.0013044
-5.6e-017
0.0012932
-3.7924e-018
-0.0012821
-1.0002e-017
0.0012711
2.3563e-017
-0.0012604
-3.6895e-017
0.0012498
5.0004e-017
-0.0012394
7.2645e-018
0.0012292
5.9917e-018
-0.0012191
-1.9031e-017
0.0012091
3.1859e-017
-0.0011993
-4.4479e-017
0.0011897
-1.0458e-017
-0.0011802
-2.2975e-018
0.0011708
1.4852e-017
-0.0011616
-2.7209e-017
0.0011525
3.9373e-017
-0.0011436
1.3404e-017
0.0011347
-1.1144e-018
-0.001126
-1.0987e-017
0.0011174
2.2904e-017
-0.001109
-3.4642e-017
0.0011006
4.6203e-017
-0.0010924
4.2731e-018
0.0010843
7.4045e-018
-0.0010763
-1.891e-017
0.0010684
3.0248e-017
-0.0010606
-4.142e-017
0.0010529
-7.2038e-018
-0.0010453
-4.0766e-018
0.0010378
1.5196e-017
-0.0010304
-2.6157e-017
0.0010231
3.6963e-017
-0.0010159
-4.7618e-017
0.0010088
9.7868e-019
-0.0010018
-1.1734e-017
0.00099486
2.2342e-017
-0.00098801
-3.2803e-017
0.00098125
4.3122e-017
-0.00097457
1.9103e-018
0.00096798
8.5027e-018
-0.00096146
-1.8776e-017
0.00095502
2.8912e-017
-0.00094866
-3.8913e-017
0.00094237
4.8781e-017
-0.00093616
-5.852e-017
0.00093002
6.813e-017
-0.00092395
2.7084e-017
0.00091796
-1.7045e-017
-0.00091203
7.1342e-018
0.00090617
2.6492e-018
-0.00090037
-1.2308e-017
0.00089465
2.1844e-017
-0.00088898
-3.126e-017
0.00088338
4.0557e-017
-0.00087784
-4.9737e-017
0.00087237
5.8803e-017
-0.00086695
-6.7756e-017
0.00086159
-2.1052e-017
-0.00085629
1.1719e-017
0.00085105
-2.5011e-018
-0.00084586
-6.6053e-018
0.00084073
1.5601e-017
-0.00083565
-2.4489e-017
0.00083063
3.327e-017
-0.00082566
-4.1946e-017
0.00082074
5.0518e-017
-0.00081587
-5.8989e-017
0.00081105
-2.4575e-017
-0.00080628
1.5764e-017
0.00080156
-7.0559e-018
-0.00079688
-1.551e-018
0.00079225
1.0058e-017
-0.00078767
-1.8467e-017
0.00078314
2.678e-017
-0.00077865
-3.4997e-017
0.0007742
4.312e-017
-0.0007698
-5.115e-017
0.00076544
5.909e-017
-0.00076112
1.9346e-017
0.00075684
-1.1101e-017
-0.00075261
2.9486e-018
0.00074841
5.1137e-018
-0.00074425
-1.3087e-017
0.00074014
2.0971e-017
-0.00073606
-2.8769e-017
0.00073202
3.6482e-017
-0.00072801
-4.411e-017
0.00072405
5.1654e-017
-0.00072012
2.2529e-017
0.00071622
-1.4707e-017
-0.00071236
6.9692e-018
0.00070854
6.8618e-019
-0.00070475
-8.2599e-018
0.00070099
1.5753e-017
-0.00069727
-2.3166e-017
0.00069358
3.0502e-017
-0.00068992
-3.7759e-017
0.0006863
4.494e-017
-0.0006827
-5.2046e-017
0.00067914
-1.7931e-017
-0.00067561
1.0573e-017
0.00067211
-3.2913e-018
-0.00066863
-3.9153e-018
0.00066519
1.1048e-017
-0.00066178
-1.8107e-017
0.00065839
2.5095e-017
-0.00065503
-3.2011e-017
0.0006517
3.8856e-017
-0.0006484
-4.5632e-017
0.00064513
5.2339e-017
-0.00064188
1.3811e-017
0.00063866
-6.8742e-018
-0.00063547
6.2777e-021
0.0006323
6.7933e-018
-0.00062915
-1.3525e-017
0.00062604
2.0191e-017
-0.00062294
-2.679e-017
0.00061987
3.3325e-017
-0.00061683
-3.9795e-017
0.00061381
4.6201e-017
-0.00061081
-5.2545e-017
0.00060784
-1.0109e-017
-0.00060489
3.5546e-018
0.00060196
2.9364e-018
-0.00059905
-9.3648e-018
0.00059617
1.5731e-017
-0.00059331
-2.2037e-017
0.00059047
2.8282e-017
-0.00058765
-3.4467e-017
0.00058485
4.0594e-017
-0.00058208
-4.6661e-017
0.00057932
-1.3034e-017
-0.00057659
6.7713e-018
0.00057387
-5.6729e-019
-0.00057118
-5.5786e-018
0.0005685
1.1667e-017
-0.00056585
-1.7698e-017
0.00056321
2.3674e-017
-0.00056059
-2.9593e-017
0.00055799
3.5458e-017
-0.00055541
-4.1268e-017
0.00055285
4.7024e-017
-0.00055031
9.6919e-018
0.00054778
-3.7555e-018
-0.00054528
-2.1266e-018
0.00054279
7.9551e-018
-0.00054031
-1.3731e-017
0.00053786
1.9454e-017
-0.00053542
-2.5125e-017
0.000533
3.0744e-017
-0.00053059
-3.6313e-017
0.00052821
4.1831e-017
-0.00052583
1.2347e-017
0.00052348
-6.6607e-018
-0.00052114
1.0253e-018
0.00051881
4.5599e-018
-0.0005165
-1.0095e-017
0.00051421
1.5582e-017
-0.00051193
-2.102e-017
0.00050967
2.6409e-017
-0.00050742
-3.1751e-017
0.00050519
3.7046e-017
-0.00050297
-4.2294e-017
0.00050076
-9.3104e-018
-0.00049857
3.9065e-018
0.0004964
1.4503e-018
-0.00049424
-6.7605e-018
0.00049209
1.2025e-017
-0.00048995
-1.7243e-017
0.00048783
2.2416e-017
-0.00048573
-2.7545e-017
0.00048363
3.2629e-017
-0.00048155
-3.7669e-017
0.00047948
4.2665e-017
-0.00047743
6.5427e-018
0.00047539
-1.4007e-018
-0.00047336
-3.6975e-018
0.00047134
8.7522e-018
-0.00046934
-1.3764e-017
0.00046734
1.8733e-017
-0.00046536
-2.366e-017
0.0004634
2.8545e-017
-0.00046144
-3.3389e-017
0.0004595
3.8192e-017
-0.00045756
-4.2954e-017
0.00045564
-4.0165e-018
-0.00045373
-8.816e-019
0.00045184
5.7388e-018
-0.00044995
-1.0555e-017
0.00044807
1.5332e-017
-0.00044621
-2.0069e-017
0.00044436
2.4766e-017
-0.00044251
-2.9424e-017
0.00044068
3.4043e-017
-0.00043886
-3.8624e-017
0.00043705
-6.4176e-018
-0.00043525
1.7086e-018
0.00043346
2.9618e-018
-0.00043168
-7.5938e-018
0.00042991
1.2188e-017
-0.00042815
-1.6744e-017
0.0004264
2.1264e-017
-0.00042466
-2.5746e-017
0.00042293
3.0191e-017
-0.00042121
-3.46e-017
0.0004195
3.8973e-017
-0.0004178
-4.331e-017
0.00041611
4.0119e-019
-0.00041443
-5.1878e-017
0.00041276
9.2795e-018
-0.00041109
-6.0307e-017
0.00040944
1.8015e-017
-0.00040779
2.3937e-017
0.00040616
2.6611e-017
-0.00040453
1.5041e-017
0.00040291
3.5068e-017
-0.0004013
6.2859e-018
0.0003997
4.3389e-017
-0.00039811
-2.3306e-018
0.00039652
5.1577e-017
-0.00039495
-1.0811e-017
0.00039338
5.9633e-017
-0.00039182
-1.9156e-017
0.00039027
-2.1001e-017
-0.00038872
-2.737e-017
0.00038719
-1.2503e-017
-0.00038566
-3.5454e-017
0.00038414
-4.1389e-018
-0.00038263
-4.3409e-017
0.00038113
4.0951e-018
-0.00037964
-5.1239e-017
0.00037815
1.22e-017
-0.00037667
-5.8944e-017
0.0003752
2.0179e-017
-0.00037373
1.8284e-017
0.00037227
2.8033e-017
-0.00037082
1.0162e-017
0.00036938
3.5764e-017
-0.00036794
2.1651e-018
0.00036652
4.3374e-017
-0.00036509
-5.7083e-018
0.00036368
5.0865e-017
-0.00036227
-1.346e-017
0.00036087
-2.3656e-017
-0.00035948
-2.1092e-017
0.00035809
-1.5768e-017
-0.00035671
-2.8607e-017
0.00035534
-8e-018
-0.00035398
-3.6005e-017
0.00035262
-3.5047e-019
-0.00035126
-4.3288e-017
0.00034992
7.1824e-018
-0.00034858
-5.0459e-017
0.00034725
1.46e-017
-0.00034592
2.0985e-017
0.0003446
2.1905e-017
-0.00034328
1.3437e-017
0.00034198
2.9098e-017
-0.00034067
6.0039e-018
0.00033938
3.618e-017
-0.00033809
-1.3174e-018
0.00033681
4.3154e-017
-0.00033553
-8.5281e-018
0.00033426
5.0021e-017
-0.00033299
-1.563e-017
0.00033173
-1.8502e-017
-0.00033048
-2.2624e-017
0.00032923
-1.1277e-017
-0.00032799
-2.9512e-017
0.00032675
-4.1606e-018
-0.00032552
-3.6296e-017
0.0003243
2.8497e-018
-0.00032308
-4.2976e-017
0.00032186
9.7551e-018
-0.00032066
-4.9555e-017
0.00031945
1.6557e-017
-0.00031826
1.6194e-017
0.00031706
2.3257e-017
-0.00031588
9.2753e-018
0.0003147
2.9855e-017
-0.00031352
2.4589e-018
0.00031235
3.6355e-017
-0.00031118
-4.2564e-018
0.00031002
4.2756e-017
-0.00030887
-1.0872e-017
0.00030772
4.9061e-017
-0.00030657
-1.7389e-017
0.00030543
-1.4048e-017
-0.0003043
-2.3809e-017
0.00030317
-7.4195e-018
-0.00030204
-3.0133e-017
0.00030092
-8.8839e-019
-0.00029981
-3.6362e-017
0.0002987
5.5465e-018
-0.00029759
-4.2498e-017
0.00029649
1.1886e-017
-0.00029539
1.8499e-017
0.0002943
1.8133e-017
-0.00029322
1.2052e-017
0.00029213
2.4286e-017
-0.00029106
5.6997e-018
0.00028998
3.0348e-017
-0.00028892
-5.6007e-019
0.00028785
3.632e-017
-0.00028679
-6.7281e-018
0.00028574
4.2203e-017
-0.00028469
-1.2806e-017
0.00028364
-1.6376e-017
-0.0002826
-1.8794e-017
0.00028156
-1.0196e-017
-0.00028053
-2.4694e-017
0.0002795
-4.1065e-018
-0.00027848
-3.0506e-017
0.00027745
1.8948e-018
-0.00027644
-3.6232e-017
0.00027543
7.8087e-018
-0.00027442
-4.1874e-017
0.00027342
1.3636e-017
-0.00027242
1.4396e-017
0.00027142
1.9378e-017
-0.00027043
8.4708e-018
0.00026944
2.5036e-017
-0.00026846
2.6313e-018
0.00026748
3.061e-017
-0.0002665
-3.1235e-018
0.00026553
3.6102e-017
-0.00026457
-8.7948e-018
0.0002636
4.1513e-017
-0.00026264
-1.4383e-017
0.00026169
-1.2549e-017
-0.00026073
-1.989e-017
0.00025979
-6.8668e-018
-0.00025884
-2.5317e-017
0.0002579
-1.2665e-018
-0.00025696
-3.0664e-017
0.00025603
4.253e-018
-0.0002551
-3.5932e-017
0.00025417
9.6925e-018
-0.00025325
-4.1122e-017
0.00025233
1.5053e-017
-0.00025142
1.0827e-017
0.00025051
2.0335e-017
-0.0002496
5.3768e-018
0.00024869
2.5541e-017
-0.00024779
4.8992e-021
0.00024689
3.067e-017
-0.000246
-5.2896e-018
0.00024511
3.5723e-017
-0.00024422
-1.0508e-017
0.00024334
4.0702e-017
-0.00024246
-1.565e-017
0.00024158
-9.2219e-018
-0.00024071
-2.0717e-017
0.00023984
-3.9935e-018
-0.00023897
-2.5711e-017
0.00023811
1.1599e-018
-0.00023725
-3.0632e-017
0.00023639
6.2391e-018
-0.00023553
-3.548e-017
0.00023468
1.1245e-017
-0.00023384
-4.0257e-017
0.00023299
1.6178e-017
-0.00023215
7.7265e-018
0.00023131
2.104e-017
-0.00023048
2.7104e-018
0.00022964
2.5831e-017
-0.00022882
-2.2337e-018
0.00022799
3.0552e-017
-0.00022717
-7.1068e-018
0.00022635
3.5203e-017
-0.00022553
-1.191e-017
0.00022472
-1.1217e-017
-0.00022391
-1.6643e-017
0.0002231
-6.3341e-018
-0.0002223
-2.1307e-017
0.00022149
-1.5215e-018
-0.00022069
-2.5904e-017
0.0002199
3.2222e-018
-0.00021911
-3.0433e-017
0.00021832
7.8977e-018
-0.00021753
-3.4896e-017
0.00021674
1.2506e-017
-0.00021596
9.7233e-018
0.00021518
1.7047e-017
-0.00021441
5.0387e-018
0.00021364
2.1522e-017
-0.00021287
4.2108e-019
0.0002121
2.5932e-017
-0.00021133
-4.1303e-018
0.00021057
3.0278e-017
-0.00020981
-8.6163e-018
0.00020906
3.4559e-017
-0.0002083
-1.3037e-017
0.00020755
-8.3294e-018
-0.0002068
-1.7394e-017
0.00020606
-3.8346e-018
-0.00020531
-2.1688e-017
0.00020457
5.9589e-019
-0.00020384
-2.5919e-017
0.0002031
4.9628e-018
-0.00020237
-3.0088e-017
0.00020164
9.2667e-018
-0.00020091
-3.4195e-017
0.00020019
1.3508e-017
-0.00019946
7.0292e-018
0.00019874
1.7689e-017
-0.00019803
2.7166e-018
0.00019731
2.1808e-017
-0.0001966
-1.5342e-018
0.00019589
2.5866e-017
-0.00019518
-5.7239e-018
0.00019448
2.9865e-017
-0.00019377
-9.8531e-018
0.00019307
3.3805e-017
-0.00019238
-1.3922e-017
0.00019168
-5.8175e-018
-0.00019099
-1.7932e-017
0.0001903
-1.6798e-018
-0.00018961
-2.1884e-017
0.00018892
2.3983e-018
-0.00018824
-2.5777e-017
0.00018756
6.4177e-018
-0.00018688
-2.9613e-017
0.0001862
1.0379e-017
-0.00018553
8.7164e-018
0.00018486
1.4282e-017
-0.00018419
4.6892e-018
0.00018352
1.8129e-017
-0.00018286
7.1982e-019
0.0001822
2.1919e-017
-0.00018153
-3.1924e-018
0.00018088
2.5653e-017
-0.00018022
-7.048e-018
0.00017957
2.9332e-017
-0.00017892
-1.0848e-017
0.00017827
-7.5032e-018
-0.00017762
-1.4592e-017
0.00017697
-3.6399e-018
-0.00017633
-1.8281e-017
0.00017569
1.6769e-019
-0.00017505
-2.1916e-017
0.00017442
3.9203e-018
-0.00017378
-2.5497e-017
0.00017315
7.6184e-018
-0.00017252
-2.9025e-017
0.00017189
1.1263e-017
-0.00017127
6.3709e-018
0.00017064
1.4853e-017
-0.00017002
2.6654e-018
0.0001694
1.8391e-017
-0.00016879
-9.8661e-019
0.00016817
2.1877e-017
-0.00016756
-4.5856e-018
0.00016695
2.531e-017
-0.00016634
-8.132e-018
0.00016573
2.8693e-017
-0.00016512
-1.1627e-017
0.00016452
-5.3153e-018
-0.00016392
-1.507e-017
0.00016332
-1.7615e-018
-0.00016272
-1.8462e-017
0.00016213
1.7406e-018
-0.00016154
-2.1803e-017
0.00016094
5.1917e-018
-0.00016035
-2.5095e-017
0.00015977
8.5922e-018
-0.00015918
-2.8337e-017
0.0001586
1.1943e-017
-0.00015802
4.3322e-018
0.00015744
1.5243e-017
-0.00015686
9.2463e-019
0.00015628
1.8495e-017
-0.00015571
-2.4332e-018
0.00015514
2.1698e-017
-0.00015457
-5.7419e-018
0.000154
2.4853e-017
-0.00015343
-9.0017e-018
0.00015287
2.796e-017
-0.0001523
-1.2213e-017
0.00015174
-3.418e-018
-0.00015118
-1.5377e-017
0.00015062
-1.5121e-019
-0.00015007
-1.8493e-017
0.00014951
3.0677e-018
-0.00014896
-2.1563e-017
0.00014841
6.2391e-018
-0.00014786
-2.4586e-017
0.00014732
9.3634e-018
-0.00014677
-2.7563e-017
0.00014623
1.2441e-017
-0.00014569
2.5691e-018
0.00014515
1.5473e-017
-0.00014461
-5.6208e-019
0.00014407
1.8459e-017
-0.00014354
-3.647e-018
0.000143
2.14e-017
-0.00014247
-6.6861e-018
0.00014194
2.4296e-017
-0.00014142
-9.6799e-018
0.00014089
-4.8275e-018
-0.00014037
-1.2629e-017
0.00013984
-1.7821e-018
-0.00013932
-1.5533e-017
0.0001388
1.2183e-018
-0.00013828
-1.8394e-017
0.00013777
4.1742e-018
-0.00013725
-2.121e-017
0.00013674
7.0858e-018
-0.00013623
-2.3984e-017
0.00013572
9.9538e-018
-0.00013521
3.9717e-018
0.00013471
1.2778e-017
-0.0001342
1.0538e-018
0.0001337
1.556e-017
-0.0001332
-1.8206e-018
0.0001327
1.8299e-017
-0.0001322
-4.6519e-018
0.0001317
2.0996e-017
-0.00013121
-7.4407e-018
0.00013071
2.3652e-017
-0.00013022
-1.0187e-017
0.00012973
-3.1762e-018
-0.00012924
-1.2892e-017
0.00012876
-3.8138e-019
-0.00012827
-1.5555e-017
0.00012779
2.3715e-018
-0.0001273
-1.8178e-017
0.00012682
5.0829e-018
-0.00012634
-2.0759e-017
0.00012586
7.7531e-018
-0.00012539
-2.3301e-017
0.00012491
1.0383e-017
-0.00012444
-2.5802e-017
0.00012397
-1.5161e-017
-0.0001235
-2.3817e-019
0.00012303
1.5521e-017
-0.00012256
-3.0688e-017
0.00012209
-9.6773e-018
-0.00012163
-5.4695e-018
0.00012117
2.0501e-017
-0.0001207
-3.5418e-017
0.00012024
-4.3554e-018
-0.00011979
-1.0542e-017
0.00011933
2.5326e-017
-0.00011887
1.3957e-017
0.00011842
8.0748e-019
-0.00011796
-1.5459e-017
0.00011751
2.9998e-017
-0.00011706
8.706e-018
0.00011661
5.8142e-018
-0.00011617
-2.0223e-017
0.00011572
3.4521e-017
-0.00011528
3.6116e-018
0.00011483
1.0668e-017
-0.00011439
-2.4837e-017
0.00011395
-1.2822e-017
-0.00011351
-1.3291e-018
0.00011307
1.5371e-017
-0.00011264
-2.9304e-017
0.0001122
-7.7957e-018
-0.00011177
-6.1192e-018
0.00011134
1.9927e-017
-0.00011091
-3.3627e-017
0.00011048
-2.921e-018
-0.00011005
-1.0761e-017
0.00010962
2.4338e-017
-0.0001092
1.1753e-017
0.00010877
1.8056e-018
-0.00010835
-1.5259e-017
0.00010793
2.8607e-017
-0.00010751
6.9438e-018
0.00010709
6.3867e-018
-0.00010667
-1.9613e-017
0.00010626
3.2737e-017
-0.00010584
2.2808e-018
0.00010543
1.0825e-017
-0.00010502
-2.3829e-017
0.00010461
-1.0747e-017
-0.0001042
-2.2391e-018
0.00010379
1.5123e-017
-0.00010338
-2.7907e-017
0.00010298
-6.1473e-018
-0.00010257
-6.6187e-018
0.00010217
1.9285e-017
-0.00010177
-3.1851e-017
0.00010137
-1.6886e-018
-0.00010097
-1.0861e-017
0.00010057
2.3311e-017
-0.00010017
9.8012e-018
9.9778e-005
2.6321e-018
-9.9384e-005
-1.4967e-017
9.8991e-005
2.7205e-017
-9.8599e-005
5.4037e-018
9.8209e-005
6.8172e-018
-9.782e-005
-1.8941e-017
9.7432e-005
-1.325e-017
-9.7045e-005
1.142e-018
9.6659e-005
1.087e-017
-9.6275e-005
-2.2786e-017
9.5892e-005
-8.9132e-018
-9.551e-005
-2.9865e-018
9.5129e-005
1.4791e-017
-9.475e-005
-2.6502e-017
9.4371e-005
-4.7104e-018
-9.3994e-005
-6.9842e-018
9.3618e-005
1.8585e-017
-9.3244e-005
1.2224e-017
9.287e-005
-6.3873e-019
-9.2498e-005
-1.0854e-017
9.2127e-005
2.2254e-017
-9.1757e-005
8.08e-018
9.1388e-005
3.3044e-018
-9.1021e-005
-1.4597e-017
9.0654e-005
2.5799e-017
-9.0289e-005
4.0651e-018
8.9925e-005
7.1214e-018
-8.9562e-005
-1.8218e-017
8.92e-005
-1.1257e-017
-8.8839e-005
1.7658e-019
8.848e-005
1.0815e-017
-8.8122e-005
-2.1717e-017
8.7764e-005
-7.2991e-018
-8.7408e-005
-3.5879e-018
8.7053e-005
1.4387e-017
-8.67e-005
-2.5097e-017
8.6347e-005
-3.4653e-018
-8.5996e-005
-7.2306e-018
8.5645e-005
1.7839e-017
-8.5296e-005
1.0347e-017
8.4948e-005
2.4654e-019
-8.4601e-005
-1.0754e-017
8.4255e-005
2.1176e-017
-8.391e-005
6.5682e-018
8.3566e-005
3.8387e-018
-8.3224e-005
-1.416e-017
8.2882e-005
2.4397e-017
-8.2542e-005
2.9089e-018
8.2203e-005
7.3135e-018
-8.1865e-005
-1.7452e-017
8.1527e-005
-9.4913e-018
-8.1191e-005
-6.3264e-019
8.0857e-005
1.0673e-017
-8.0523e-005
-2.0631e-017
8.019e-005
-5.8847e-018
-7.9858e-005
-4.0588e-018
7.9528e-005
1.392e-017
-7.9198e-005
-2.3699e-017
7.887e-005
-2.3938e-018
-7.8542e-005
-7.3718e-018
7.8216e-005
1.7056e-017
-7.7891e-005
8.6869e-018
7.7566e-005
9.8365e-019
-7.7243e-005
-1.0574e-017
7.6921e-005
2.0084e-017
-7.66e-005
5.2466e-018
7.628e-005
4.2498e-018
-7.5961e-005
-1.3667e-017
7.5643e-005
2.3005e-017
-7.5326e-005
1.9179e-018
7.501e-005
7.4069e-018
-7.4696e-005
-1.6653e-017
7.4382e-005
-7.9317e-018
-7.4069e-005
-1.3014e-018
7.3757e-005
1.0457e-017
-7.3447e-005
-1.9535e-017
7.3137e-005
-4.6517e-018
-7.2828e-005
-4.4135e-018
7.2521e-005
1.3402e-017
-7.2214e-005
-2.2315e-017
7.1908e-005
-1.4792e-018
-7.1604e-005
-7.4205e-018
7.13e-005
1.6245e-017
-7.0998e-005
7.2235e-018
7.0696e-005
1.5878e-018
-7.0395e-005
-1.0324e-017
7.0096e-005
1.8986e-017
-6.9797e-005
4.0979e-018
6.9499e-005
4.5515e-018
-6.9203e-005
-1.3127e-017
6.8907e-005
2.1629e-017
-6.8612e-005
1.0759e-018
6.8319e-005
7.4139e-018
-6.8026e-005
-1.5831e-017
6.7734e-005
-6.5602e-018
-6.7444e-005
-1.8445e-018
6.7154e-005
1.0177e-017
-6.6865e-005
-1.8438e-017
6.6577e-005
-3.5833e-018
-6.629e-005
-4.6653e-018
6.6004e-005
1.2843e-017
-6.5719e-005
-2.095e-017
6.5435e-005
-7.0617e-019
-6.5152e-005
-7.3886e-018
6.487e-005
1.5413e-017
-6.4589e-005
5.9396e-018
6.4309e-005
2.0731e-018
-6.403e-005
-1.0016e-017
6.3751e-005
1.789e-017
-6.3474e-005
3.1058e-018
6.3197e-005
4.7566e-018
-6.2922e-005
-1.255e-017
6.2647e-005
2.0276e-017
-6.2374e-005
3.6816e-019
6.2101e-005
7.3461e-018
-6.1829e-005
-1.4993e-017
6.1559e-005
-5.3598e-018
-6.1289e-005
-2.2754e-018
6.102e-005
9.8436e-018
-6.0752e-005
-1.7345e-017
6.0485e-005
-2.6638e-018
-6.0218e-005
-4.8266e-018
5.9953e-005
1.2251e-017
-5.9689e-005
7.4734e-018
5.9425e-005
-6.022e-020
-5.9163e-005
-7.2876e-018
5.8901e-005
1.457e-017
-5.864e-005
4.8189e-018
5.838e-005
2.4527e-018
-5.8121e-005
-9.66e-018
5.7863e-005
1.6803e-017
-5.7606e-005
2.2553e-018
5.735e-005
4.877e-018
-5.7094e-005
-1.1946e-017
5.684e-005
-6.8386e-018
-5.6586e-005
-2.193e-019
5.6334e-005
7.2143e-018
-5.6082e-005
-1.4147e-017
5.5831e-005
-4.315e-018
-5.5581e-005
-2.6068e-018
5.5332e-005
9.4666e-018
-5.5083e-005
-1.6265e-017
5.4836e-005
-1.8787e-018
-5.4589e-005
-4.909e-018
5.4344e-005
1.1636e-017
-5.4099e-005
6.2442e-018
5.3855e-005
4.7199e-019
-5.3612e-005
-7.1277e-018
5.337e-005
1.3723e-017
-5.3128e-005
3.8463e-018
5.2888e-005
2.739e-018
-5.2648e-005
-9.2647e-018
5.2409e-005
1.5731e-017
-5.2171e-005
1.5324e-018
5.1934e-005
4.924e-018
-5.1698e-005
-1.1322e-017
5.1463e-005
-5.6882e-018
-5.1228e-005
-6.994e-019
5.0994e-005
7.0288e-018
-5.0762e-005
-1.33e-017
5.053e-005
-3.4111e-018
-5.0298e-005
-2.8507e-018
5.0068e-005
9.0552e-018
-4.9839e-005
-1.5203e-017
4.961e-005
-1.2146e-018
-4.9382e-005
-4.9233e-018
4.9155e-005
1.1005e-017
-4.8929e-005
5.1688e-018
4.8703e-005
9.03e-019
-4.8479e-005
-6.919e-018
4.8255e-005
1.2879e-017
-4.8032e-005
3.0076e-018
4.781e-005
2.9434e-018
-4.7589e-005
-8.8393e-018
4.7369e-005
1.4681e-017
-4.7149e-005
9.2381e-019
4.693e-005
4.9082e-018
-4.6712e-005
-1.0686e-017
4.6495e-005
-4.6843e-018
-4.6279e-005
-1.0843e-018
4.6063e-005
6.7992e-018
-4.5848e-005
-1.2461e-017
4.5634e-005
-2.6343e-018
-4.5421e-005
-3.0182e-018
4.5209e-005
8.618e-018
-4.4997e-005
-1.4165e-017
4.4787e-005
-6.5857e-019
-4.4577e-005
-4.8798e-018
4.4367e-005
1.0366e-017
-4.4159e-005
4.233e-018
4.3952e-005
1.2446e-018
-4.3745e-005
-6.6707e-018
4.3539e-005
1.2046e-017
-4.3333e-005
2.2896e-018
4.3129e-005
3.0767e-018
-4.2925e-005
-8.3923e-018
4.2722e-005
1.3658e-017
-4.252e-005
4.1738e-019
4.2319e-005
4.8394e-018
-4.2118e-005
-1.0046e-017
4.1919e-005
-3.8132e-018
-4.172e-005
-1.3853e-018
4.1521e-005
6.5344e-018
-4.1324e-005
-1.1635e-017
4.1127e-005
-1.9719e-018
-4.0931e-005
-3.1199e-018
4.0736e-005
8.1632e-018
-4.0542e-005
-1.3158e-017
4.0348e-005
-1.9882e-019
-4.0155e-005
-4.7882e-018
3.9963e-005
9.7274e-018
-3.9772e-005
3.4234e-018
3.9581e-005
1.5077e-018
-3.9391e-005
-6.3916e-018
3.9202e-005
1.1229e-017
-3.9014e-005
1.6799e-018
3.8826e-005
3.1492e-018
-3.8639e-005
-7.9317e-018
3.8453e-005
1.2668e-017
-3.8268e-005
1.5123e-021
3.8083e-005
4.7271e-018
-3.7899e-005
-9.4101e-018
3.7716e-005
-3.0621e-018
-3.7533e-005
-1.6131e-018
3.7352e-005
6.2431e-018
-3.7171e-005
-1.0828e-017
3.6991e-005
-1.4119e-018
-3.6811e-005
-3.1656e-018
3.6632e-005
7.6986e-018
-3.6454e-005
-1.2188e-017
3.6277e-005
1.7588e-019
-3.61e-005
-4.6574e-018
3.5924e-005
9.0952e-018
-3.5749e-005
2.7276e-018
3.5575e-005
1.7028e-018
-3.5401e-005
-6.09e-018
3.5228e-005
1.0434e-017
-3.5056e-005
1.1667e-018
3.4885e-005
3.1704e-018
-3.4714e-005
-7.465e-018
3.4544e-005
1.1717e-017
-3.4374e-005
-3.3467e-019
3.4206e-005
4.58e-018
-3.4038e-005
-8.7837e-018
3.387e-005
-2.4186e-018
-3.3704e-005
-1.7779e-018
3.3538e-005
5.9333e-018
-3.3373e-005
-1.0048e-017
3.3208e-005
-9.4286e-019
-3.3045e-005
-3.1646e-018
3.2881e-005
7.2315e-018
-3.2719e-005
-1.1258e-017
3.2557e-005
4.7611e-019
-3.2397e-005
-4.4961e-018
3.2236e-005
8.4763e-018
-3.2077e-005
2.1337e-018
3.1918e-005
1.8397e-018
-3.176e-005
-5.7738e-018
3.1602e-005
9.6688e-018
-3.1445e-005
7.391e-019
3.1289e-005
3.1494e-018
-3.1134e-005
-6.9992e-018
3.0979e-005
-3.2418e-018
-3.0825e-005
-6.0142e-019
3.0672e-005
4.4065e-018
-3.0519e-005
-8.1737e-018
3.0367e-005
-1.8715e-018
-3.0215e-005
-1.8892e-018
3.0065e-005
5.6125e-018
-2.9915e-005
-9.2986e-018
2.9765e-005
-5.5412e-019
-2.9617e-005
-3.1257e-018
2.9469e-005
6.7688e-018
-2.9321e-005
2.925e-018
2.9175e-005
7.1181e-019
-2.9029e-005
-4.3123e-018
2.8883e-005
7.8768e-018
-2.8739e-005
1.6307e-018
2.8595e-005
1.9276e-018
-2.8451e-005
-5.4503e-018
2.8309e-005
8.9377e-018
-2.8167e-005
3.8669e-019
2.8025e-005
3.0947e-018
-2.7885e-005
-6.5412e-018
2.7744e-005
-2.6321e-018
-2.7605e-005
-8.0843e-019
2.7466e-005
4.2144e-018
-2.7328e-005
-7.5861e-018
2.7191e-005
-1.41e-018
-2.7054e-005
-1.956e-018
2.6918e-005
5.2881e-018
-2.6782e-005
-8.5866e-018
2.6647e-005
-2.3559e-019
-2.6513e-005
-3.0573e-018
2.638e-005
6.317e-018
-2.6247e-005
2.3617e-018
2.6114e-005
8.924e-019
-2.5983e-005
-4.1137e-018
2.5852e-005
7.3026e-018
-2.5721e-005
1.2081e-018
2.5592e-005
1.9753e-018
-2.5462e-005
-5.1266e-018
2.5334e-005
8.246e-018
-2.5206e-005
9.965e-020
2.5079e-005
3.0145e-018
-2.4952e-005
-6.0971e-018
2.4826e-005
-2.1125e-018
-2.4701e-005
-9.6482e-019
2.4576e-005
4.0111e-018
-2.4452e-005
-7.0267e-018
2.4329e-005
-1.0237e-018
-2.4206e-005
-1.9866e-018
2.4083e-005
4.9666e-018
-2.3962e-005
-7.9165e-018
2.3841e-005
2.2268e-020
-2.372e-005
-2.9671e-018
2.3601e-005
5.8822e-018
-2.3482e-005
1.8833e-018
2.3363e-005
1.0267e-018
-2.3245e-005
-3.9075e-018
2.3128e-005
6.7592e-018
-2.3011e-005
8.5583e-019
2.2895e-005
1.991e-018
-2.2779e-005
-4.8091e-018
2.2665e-005
7.5987e-018
-2.255e-005
-1.3128e-019
2.2437e-005
2.9162e-018
-2.2324e-005
-5.673e-018
2.2211e-005
-1.6729e-018
-2.2099e-005
-1.0792e-018
2.1988e-005
3.8037e-018
-2.1877e-005
-6.5007e-018
2.1767e-005
-7.0318e-019
-2.1658e-005
-1.9892e-018
2.1549e-005
4.6546e-018
-2.144e-005
-7.2931e-018
2.1333e-005
2.2845e-019
-2.1226e-005
-2.8626e-018
2.1119e-005
5.4702e-018
-2.1013e-005
1.48e-018
2.0908e-005
1.1232e-018
-2.0803e-005
-3.7004e-018
2.0699e-005
6.2518e-018
-2.0595e-005
5.6467e-019
2.0492e-005
1.9824e-018
-2.039e-005
-4.504e-018
2.0288e-005
7.0004e-018
-2.0187e-005
-3.1485e-019
2.0086e-005
2.8071e-018
-1.9986e-005
-5.2745e-018
1.9886e-005
-1.3035e-018
-1.9787e-005
-1.1598e-018
1.9689e-005
3.5985e-018
-1.9591e-005
-6.013e-018
1.9494e-005
-4.3921e-019
-1.9397e-005
-1.9713e-018
1.9301e-005
4.3579e-018
-1.9205e-005
-6.7209e-018
1.911e-005
3.9148e-019
-1.9016e-005
-2.7506e-018
1.8922e-005
5.0864e-018
-1.8829e-005
1.1422e-018
1.8736e-005
1.1898e-018
-1.8644e-005
-3.4988e-018
1.8552e-005
5.7851e-018
-1.8461e-005
3.2572e-019
1.8371e-005
1.9568e-018
-1.8281e-005
-4.2171e-018
1.8192e-005
6.4552e-018
-1.8103e-005
-4.5933e-019
1.8015e-005
2.6938e-018
-1.7927e-005
-4.9066e-018
1.784e-005
-9.9498e-019
-1.7753e-005
-1.2142e-018
1.7667e-005
3.4019e-018
-1.7582e-005
-5.5685e-018
1.7497e-005
-2.2319e-019
-1.7412e-005
-1.9399e-018
1.7328e-005
4.0822e-018
-1.7245e-005
1.6194e-018
1.7162e-005
5.1937e-019
-1.708e-005
-2.6377e-018
1.6998e-005
4.7357e-018
-1.6917e-005
8.6087e-019
1.6836e-005
1.2338e-018
-1.6756e-005
-3.3086e-018
1.6677e-005
5.3637e-018
-1.6598e-005
1.306e-019
1.6519e-005
1.9213e-018
-1.6441e-005
-3.9538e-018
1.6364e-005
-1.4568e-018
-1.6287e-005
-5.7253e-019
1.6211e-005
2.5828e-018
-1.6135e-005
-4.5743e-018
1.606e-005
-7.3878e-019
-1.5985e-005
-1.2496e-018
1.5911e-005
3.2196e-018
-1.5837e-005
-5.1713e-018
1.5764e-005
-4.6984e-020
-1.5691e-005
-1.9018e-018
1.5619e-005
3.8326e-018
-1.5547e-005
1.3081e-018
1.5476e-005
6.1972e-019
-1.5406e-005
-2.53e-018
1.5336e-005
4.423e-018
-1.5266e-005
6.2769e-019
1.5197e-005
1.2624e-018
-1.5128e-005
-3.1355e-018
1.506e-005
4.9917e-018
-1.4993e-005
-2.8608e-020
1.4926e-005
1.8821e-018
-1.4859e-005
-3.7192e-018
1.4793e-005
-1.1725e-018
-1.4728e-005
-6.6181e-019
1.4663e-005
2.48e-018
-1.4599e-005
-4.2821e-018
1.4535e-005
-5.266e-019
-1.4471e-005
-1.273e-018
1.4408e-005
3.0569e-018
-1.4346e-005
-4.8254e-018
1.4284e-005
9.7096e-020
-1.4223e-005
-1.8631e-018
1.4162e-005
3.614e-018
-1.4101e-005
1.0488e-018
1.4041e-005
6.9966e-019
-1.3982e-005
-2.4333e-018
1.3923e-005
4.1524e-018
-1.3864e-005
4.3457e-019
1.3806e-005
1.2821e-018
-1.3749e-005
-2.9845e-018
1.3692e-005
4.6729e-018
-1.3636e-005
-1.5937e-019
1.358e-005
1.8455e-018
-1.3524e-005
-3.5178e-018
1.3469e-005
-9.3599e-019
-1.3415e-005
-7.3409e-019
1.336e-005
2.3907e-018
-1.3307e-005
-4.0342e-018
1.3254e-005
-3.5067e-019
-1.3201e-005
-1.2906e-018
1.3149e-005
2.9189e-018
-1.3097e-005
-4.5345e-018
1.3046e-005
2.163e-019
-1.2996e-005
-1.8299e-018
1.2945e-005
3.431e-018
-1.2896e-005
8.3318e-019
1.2846e-005
7.6591e-019
-1.2798e-005
-2.3529e-018
1.2749e-005
3.9279e-018
-1.2702e-005
2.7398e-019
1.2654e-005
1.2992e-018
-1.2607e-005
-2.8607e-018
1.2561e-005
4.4107e-018
-1.2515e-005
-2.6873e-019
1.2469e-005
1.817e-018
-1.2424e-005
-3.3541e-018
1.238e-005
-7.394e-019
-1.2336e-005
-7.959e-019
1.2292e-005
2.3204e-018
-1.2249e-005
-3.8342e-018
1.2206e-005
-2.0362e-019
-1.2164e-005
-1.3085e-018
1.2122e-005
2.8103e-018
-1.2081e-005
-4.3018e-018
1.204e-005
3.1746e-019
-1.2e-005
-1.8075e-018
1.196e-005
3.2876e-018
-1.192e-005
6.5374e-019
1.1881e-005
8.2479e-019
-1.1842e-005
-2.2937e-018
1.1804e-005
3.7533e-018
-1.1767e-005
1.3876e-019
1.1729e-005
1.3193e-018
-1.1693e-005
-2.7683e-018
1.1656e-005
4.2083e-018
-1.162e-005
-3.6329e-019
1.1585e-005
1.8019e-018
-1.155e-005
-3.2319e-018
1.1515e-005
-5.753e-019
-1.1481e-005
-8.5333e-019
1.1447e-005
2.2736e-018
-1.1414e-005
-3.6857e-018
1.1381e-005
-7.8548e-020
-1.1349e-005
-1.3323e-018
1.1317e-005
2.7352e-018
-1.1286e-005
-4.1304e-018
1.1255e-005
4.0699e-019
-1.1224e-005
-1.801e-018
1.1194e-005
3.1876e-018
-1.1164e-005
5.0321e-019
1.1135e-005
8.8221e-019
-1.1106e-005
-2.2605e-018
1.1077e-005
3.6317e-018
-1.1049e-005
2.2197e-020
1.1022e-005
1.348e-018
-1.0995e-005
-2.7115e-018
1.0968e-005
4.0684e-018
-1.0941e-005
-4.4928e-019
1.0916e-005
1.8053e-018
-1.089e-005
-3.155e-018
1.0865e-005
-4.3665e-019
-1.084e-005
-9.121e-019
1.0816e-005
2.2549e-018
-1.0792e-005
-3.5918e-018
1.0769e-005
3.1072e-020
-1.0746e-005
-1.3671e-018
1.0724e-005
2.6976e-018
-1.0701e-005
-4.0227e-018
1.068e-005
4.9089e-019
-1.0658e-005
-1.8152e-018
1.0638e-005
3.1345e-018
-1.0617e-005
3.7479e-019
1.0597e-005
9.4367e-019
-1.0577e-005
-2.2573e-018
1.0558e-005
3.5662e-018
-1.0539e-005
-8.201e-020
1.0521e-005
1.3902e-018
-1.0503e-005
-2.6941e-018
1.0485e-005
-7.7063e-019
-1.0468e-005
-5.3251e-019
1.0451e-005
1.8315e-018
-1.0435e-005
-3.1264e-018
1.0419e-005
-3.1685e-019
-1.0403e-005
-9.7753e-019
1.0388e-005
2.2682e-018
-1.0373e-005
-3.5552e-018
1.0359e-005
1.3134e-019
-1.0345e-005
-1.4179e-018
1.0331e-005
2.7012e-018
-1.0318e-005
7.0797e-019
1.0305e-005
5.7479e-019
-1.0293e-005
-1.8545e-018
1.0281e-005
3.1313e-018
-1.0269e-005
2.6208e-019
1.0258e-005
1.0143e-018
-1.0247e-005
-2.288e-018
1.0237e-005
3.5592e-018
-1.0227e-005
-1.7978e-019
1.0217e-005
1.4507e-018
-1.0208e-005
-2.7194e-018
1.0199e-005
-6.4996e-019
-1.019e-005
-6.184e-019
