1651 2 0 0 0
1
2112
656
-1888
-1248
1504
1696
-912
-1952
264
1952
328
-1760
-848
1376
1184
-912
-1376
408
1376
53
-1248
-408
976
624
-624
-688
296
624
-55
-472
-78
248
90
-59
15
-62
-196
74
408
39
-560
-264
656
560
-624
-912
424
1184
-78
-1376
-360
1376
880
-1184
-1312
880
1696
-376
-1952
-236
1952
848
-1696
-1440
1312
1888
-720
-2112
47
2112
624
-1952
-1248
1504
1696
-976
-1952
312
1984
296
-1824
-848
1440
1184
-976
-1440
456
1440
23
-1248
-408
992
624
-656
-720
344
688
-74
-496
-82
296
114
-102
-23
-35
-148
66
344
25
-528
-236
624
528
-592
-848
424
1120
-102
-1312
-328
1376
816
-1184
-1248
912
1696
-408
-1888
-188
1952
816
-1760
-1376
1312
1888
-752
-2112
94
2112
592
-1952
-1184
1568
1696
-992
-1952
360
1984
264
-1824
-816
1504
1184
-992
-1440
496
1504
-3
-1312
-392
1056
656
-720
-752
376
720
-94
-560
-82
360
132
-148
-62
-3
-94
57
296
13
-488
-204
592
488
-560
-784
424
1056
-124
-1248
-280
1312
752
-1184
-1248
912
1632
-440
-1888
-140
1888
752
-1760
-1312
1312
1824
-784
-2112
140
2112
528
-1984
-1120
1568
1632
-1056
-1952
408
1984
228
-1888
-784
1504
1184
-1056
-1440
528
1504
-37
-1376
-376
1120
656
-784
-784
424
752
-118
-624
-78
408
148
-196
-102
27
-45
45
244
3
-440
-172
560
440
-560
-752
424
992
-140
-1248
-248
1312
720
-1184
-1184
912
1568
-472
-1824
-98
1888
720
-1760
-1312
1376
1760
-848
-1984
188
2112
496
-1984
-1120
1632
1632
-1056
-1952
472
1984
180
-1888
-752
1568
1184
-1120
-1440
592
1568
-70
-1440
-360
1120
656
-816
-816
456
816
-140
-688
-74
472
172
-244
-140
61
1
29
188
-1
-376
-148
496
392
-528
-688
424
976
-164
-1184
-220
1248
656
-1184
-1120
944
1504
-496
-1824
-59
1888
656
-1760
-1248
1376
1760
-880
-1984
236
2112
456
-1984
-1056
1696
1632
-1120
-1952
496
1984
140
-1952
-720
1632
1184
-1120
-1504
624
1568
-106
-1440
-344
1184
656
-880
-848
496
848
-172
-720
-70
496
188
-296
-172
98
51
11
132
-5
-328
-122
472
344
-496
-624
424
944
-180
-1120
-180
1248
624
-1184
-1056
944
1504
-496
-1760
-17
1888
624
-1760
-1184
1440
1696
-912
-1984
264
2112
408
-1984
-1056
1696
1568
-1184
-1952
560
1984
98
-1952
-688
1696
1184
-1184
-1504
688
1568
-140
-1504
-328
1248
656
-944
-848
528
880
-196
-784
-61
560
196
-344
-204
132
98
-5
78
-7
-264
-98
424
312
-488
-592
408
880
-196
-1056
-148
1184
560
-1120
-992
944
1440
-528
-1760
21
1824
560
-1760
-1120
1440
1696
-944
-1984
312
2112
360
-1984
-992
1760
1568
-1184
-1952
592
1984
57
-1984
-656
1696
1184
-1248
-1504
720
1632
-180
-1568
-296
1312
656
-976
-880
592
944
1
2112
656
-1952
-1248
1504
1696
-944
-1888
344
1952
248
-1760
-752
1376
1056
-944
-1248
472
1248
-47
-1056
-264
848
456
-528
-488
264
392
-66
-212
-9
1
-41
180
212
-264
-456
236
720
-62
-912
-236
992
624
-992
-992
784
1376
-408
-1696
-98
1760
656
-1632
-1184
1312
1696
-848
-1984
248
2112
408
-1984
-992
1696
1568
-1184
-1952
592
1984
35
-1984
-624
1696
1056
-1248
-1376
752
1504
-244
-1440
-212
1184
528
-912
-720
560
720
-236
-624
9
424
90
-188
-61
1
-82
102
296
-82
-528
-70
688
344
-784
-688
688
992
-472
-1312
86
1504
392
-1568
-944
1376
1440
-992
-1824
472
1984
156
-1984
-784
1824
1376
-1440
-1824
880
1984
-212
-2112
-440
1952
992
-1568
-1440
1056
1696
-488
-1760
-59
1568
496
-1248
-848
880
992
-488
-976
124
816
124
-592
-244
344
228
-124
-94
1
-106
1
312
124
-472
-360
496
656
-440
-976
196
1184
164
-1312
-624
1248
1056
-992
-1504
624
1824
-82
-1952
-528
1888
1120
-1568
-1632
1056
1984
-472
-2112
-196
1984
848
-1824
-1376
1312
1760
-752
-1888
156
1888
408
-1632
-848
1248
1120
-784
-1248
328
1184
59
-992
-328
720
456
-424
-440
172
296
-25
-106
1
-98
-102
248
296
-296
-560
212
816
11
-992
-360
1056
752
-976
-1184
688
1504
-264
-1760
-264
1760
848
-1568
-1376
1184
1824
-688
-1984
55
2112
592
-1952
-1184
1568
1696
-992
-1984
408
1984
220
-1888
-784
1568
1184
-1056
-1440
592
1504
-94
-1376
-312
1056
592
-784
-688
440
656
-148
-528
-29
312
78
-90
1
-70
-180
124
408
-55
-624
-148
784
456
-784
-816
656
1184
-376
-1440
-47
1568
560
-1504
-1056
1248
1568
-848
-1952
280
1984
344
-1984
-976
1760
1504
-1248
-1952
656
2112
-15
-1984
-624
1824
1120
-1376
-1504
880
1696
-312
-1696
-204
1440
624
-1120
-880
752
976
-360
-912
39
720
164
-488
-228
236
164
-53
1
-23
-212
-27
408
204
-528
-472
528
784
-392
-1056
102
1248
296
-1312
-784
1248
1248
-944
-1632
488
1888
94
-1952
-720
1824
1312
-1440
-1760
912
1984
-264
-2112
-392
1984
992
-1696
-1504
1120
1824
-560
-1888
-17
1760
528
-1504
-944
1056
1184
-624
-1184
196
1120
148
-880
-360
592
440
-312
-376
106
212
-1
1
29
-188
-172
312
408
-312
-688
164
944
110
-1056
-488
1056
912
-944
-1312
592
1632
-118
-1824
-440
1760
992
-1504
-1568
1056
1952
-496
-2112
-140
2112
784
-1888
-1376
1440
1760
-848
-1984
220
1984
392
-1824
-912
1376
1248
-944
-1440
424
1440
37
-1248
-392
976
624
-624
-688
312
592
-74
-424
-51
204
49
1
74
-124
-280
132
496
-5
-720
-244
848
560
-816
-976
592
1312
-264
-1504
-196
1632
720
-1504
-1248
1184
1696
-688
-1984
106
1984
528
-1952
-1120
1632
