1651 2 0 0 0
1
2112
992
-1568
-1824
624
1984
408
-1824
-1312
1120
1824
-188
-1760
-688
1312
1248
-624
-1440
-140
1248
720
-784
-992
204
944
248
-624
-472
264
456
1
-264
-82
55
-17
35
220
62
-360
-328
344
656
-82
-880
-376
848
912
-488
-1248
-132
1376
880
-992
-1504
344
1760
528
-1568
-1376
976
1952
-7
-1984
-992
1568
1824
-656
-2112
-424
1952
1376
-1248
-1984
228
1984
816
-1632
-1568
784
1888
180
-1696
-992
1120
1504
-328
-1504
-424
1184
944
-592
-1056
5
944
424
-560
-592
188
496
82
-296
-148
74
31
5
156
98
-280
-360
220
624
66
-784
-496
656
976
-244
-1248
-392
1184
1056
-752
-1568
11
1696
848
-1312
-1632
592
1984
392
-1888
-1312
1184
1984
-236
-2112
-848
1760
1696
-880
-2112
-196
1984
1184
-1376
-1824
424
1952
560
-1568
-1312
880
1632
-15
-1504
-720
992
1120
-392
-1184
-212
944
592
-488
-688
74
560
180
-296
-220
74
86
1
98
114
-196
-360
106
592
196
-656
-624
472
992
-11
-1184
-592
992
1184
-472
-1568
-312
1568
1120
-1056
-1760
220
1952
752
-1632
-1632
848
1984
188
-1984
-1184
1440
1952
-472
-2112
-592
1824
1504
-992
-1984
27
1952
912
-1376
-1568
560
1760
312
-1440
-976
848
1312
-148
-1184
-440
848
784
-360
-784
-62
592
296
-280
-296
51
140
11
43
106
-122
-328
5
496
296
-528
-688
280
992
196
-1056
-784
784
1312
-172
-1504
-592
1312
1312
-720
-1824
-156
1824
1056
-1312
-1824
456
2112
592
-1824
-1504
1056
1984
-37
-2112
-992
1568
1760
-656
-1984
-376
1824
1248
-1120
-1760
220
1760
624
-1312
-1184
624
1376
114
-1184
-656
752
912
-212
-848
-220
560
408
-244
-376
5
196
47
-1
78
-61
-280
-70
440
360
-392
-720
102
944
392
-912
-944
528
1312
114
-1440
-880
1056
1504
-392
-1824
-496
1632
1376
-992
-1952
45
1984
992
-1568
-1824
688
2112
392
-1952
-1376
1248
1984
-248
-1984
-752
1632
1568
-816
-1888
-140
1696
976
-1120
-1440
344
1440
392
-1120
-880
592
992
-23
-880
-376
528
528
-172
-440
-62
236
98
-35
35
-15
-236
-122
344
408
-248
-688
-61
848
528
-720
-992
280
1312
376
-1248
-1056
816
1568
-43
-1760
-848
1376
1632
-624
-1984
-360
1888
1312
-1248
-1984
264
2112
816
-1760
-1696
912
2112
156
-1984
-1120
1376
1760
-456
-1952
-496
1568
1248
-880
-1568
43
1504
656
-992
-1056
392
1120
180
-880
-528
472
624
-74
-496
-148
248
164
-49
-15
5
-164
-148
248
408
-124
-656
-204
720
656
-496
-1056
35
1248
624
-1056
-1248
496
1632
280
-1568
-1120
1056
1760
-248
-1984
-752
1696
1632
-880
-2112
-148
1984
1184
-1440
-1952
496
2112
560
-1824
-1440
1056
1952
-62
-1888
-880
1376
1504
-560
-1696
-264
1440
944
-848
-1248
164
1184
392
-816
1
2112
992
-1568
-1760
656
1984
360
-1824
-1184
1120
1696
-264
-1760
-560
1312
1120
-656
-1312
-33
1120
560
-720
-784
244
720
124
-472
-264
188
196
-11
1
39
-172
-244
180
496
31
-688
-440
624
880
-296
-1184
-280
1184
976
-848
-1504
164
1696
688
-1504
-1504
816
1984
156
-1952
-1120
1440
1888
-528
-2112
-528
1888
1440
-1120
-1984
148
1984
848
-1568
-1568
720
1824
180
-1632
-944
1056
1376
-312
-1376
-344
992
784
-528
-880
39
720
264
-408
-344
114
212
11
1
62
-132
-280
82
528
188
-624
-592
456
976
-23
-1184
-592
992
1184
-496
-1568
-248
1632
1056
-1120
-1760
328
1984
656
-1760
-1568
992
1984
7
-2112
-992
1568
1824
-656
-2112
-376
1888
1248
-1184
-1824
264
1888
624
-1440
-1248
720
1504
43
-1312
-656
848
944
-296
-944
-164
656
408
-296
-392
37
212
39
1
82
-90
-312
-21
496
328
-496
-720
244
992
248
-1056
-848
752
1376
-140
-1568
-656
1376
1376
-752
-1888
-156
1888
1120
-1376
-1888
496
2112
528
-1888
-1504
1120
1984
-148
-1984
-880
1632
1632
-752
-1952
-204
1760
992
-1120
-1504
344
1504
408
-1184
-912
624
1056
-43
-912
-360
560
496
-188
-424
-41
196
62
1
94
-39
-312
-124
456
456
-360
-784
15
992
496
-912
-1056
456
1440
244
-1440
-992
1056
1632
-312
-1888
-624
1696
1504
-976
-1984
-15
1984
992
-1568
-1824
656
2112
392
-1952
-1312
1248
1888
-280
-1952
-656
1504
1376
-784
-1632
-53
1440
720
-976
-1056
344
1120
212
-816
-528
424
592
-61
-424
-118
172
82
1
106
11
-296
-228
360
528
-188
-816
-212
912
752
-656
-1184
124
1440
592
-1248
-1312
688
1760
156
-1824
-1056
1312
1824
-488
-2112
-528
1888
1504
-1120
-1984
140
2112
912
-1632
-1696
784
1984
220
-1824
-1056
1184
1632
-360
-1696
-456
1312
992
-688
-1248
47
1056
456
-688
-688
248
624
70
-392
-188
132
94
1
106
62
-264
-296
248
592
-7
-816
-440
752
944
-392
-1248
-220
1312
944
-992
-1504
280
1824
592
-1568
-1440
944
1984
23
-1984
-992
1568
1824
-656
-2112
-408
1952
1376
-1248
-1952
280
1984
688
-1632
-1440
816
1760
62
-1632
-816
1056
1248
-392
-1248
-248
992
656
-528
-784
82
624
196
-344
-244
90
106
1
102
114
-220
-360
132
624
172
-720
-624
560
1056
-102
-1248
-528
1120
1184
-624
-1632
-148
1696
992
-1248
-1760
472
1984
528
-1824
-1440
1120
1984
-132
-2112
-912
1696
1760
-784
-1984
-236
1888
1120
-1248
-1696
392
1824
496
-1440
-1120
784
1376
-49
-1248
-528
848
848
-328
-816
-102
560
312
-264
-280
39
106
1
90
156
-156
-408
3
592
344
-592
-784
328
1120
196
-1184
-848
880
1376
-248
-1696
-560
1504
1376
-880
-1888
-31
1952
992
-1504
-1824
656
2112
408
