1651 2 0 0 0
1
2112
472
-1952
-880
1632
1120
-1184
-1248
784
1184
-376
-944
90
592
43
-196
1
-172
-204
456
528
-592
-976
560
1376
-360
-1696
13
1952
440
-1984
-912
1824
1312
-1568
-1632
1120
1824
-656
-1824
212
1632
148
-1248
-360
880
408
-488
-280
132
9
82
360
-132
-752
13
1120
264
-1376
-656
1440
1120
-1376
-1568
1120
1888
-752
-2112
280
2112
188
-1984
-592
1696
912
-1248
-992
848
976
-456
-752
148
408
-3
-21
35
-360
-236
656
560
-816
-992
784
1376
-592
-1760
264
1984
172
-1984
-656
1984
1056
-1696
-1440
1312
1632
-848
-1632
408
1440
-41
-1120
-188
784
248
-360
-132
21
-124
204
496
-264
-912
164
1248
110
-1568
-496
1696
976
-1632
-1376
1376
1760
-992
-1984
560
1984
-78
-1952
-344
1696
624
-1248
-784
848
752
-472
-560
156
228
-5
156
23
-528
-212
848
528
-992
-976
992
1376
-880
-1760
528
1984
-98
-2112
-376
1984
848
-1824
-1184
1440
1376
-992
-1440
560
1248
-188
-992
-49
624
124
-228
-21
-124
-236
360
592
-440
-992
344
1376
-86
-1696
-296
1824
752
-1824
-1184
1632
1632
-1248
-1888
816
1952
-328
-1888
-94
1632
408
-1248
-560
816
528
-440
-360
124
51
41
328
-33
-720
-148
1056
472
-1248
-880
1248
1312
-1120
-1760
816
1984
-376
-2112
-98
2112
560
-1888
-944
1568
1120
-1120
-1184
656
1056
-296
-816
45
456
39
-61
49
-296
-296
528
656
-624
-1056
560
1504
-312
-1824
-70
1984
528
-1984
-992
1824
1376
-1440
-1696
992
1824
-560
-1760
124
1504
196
-1120
-376
752
360
-360
-196
43
-110
132
496
-132
-912
-31
1248
344
-1440
-784
1504
1184
-1376
-1632
1056
1952
-656
-2112
180
2112
280
-1952
-656
1568
912
-1120
-992
720
880
-344
-624
94
280
-1
118
74
-488
-312
752
688
-848
-1120
784
1504
-560
-1888
188
1984
264
-1984
-752
1952
1184
-1632
-1440
1184
1632
-752
-1568
312
1376
15
-992
-204
624
220
-244
-57
-78
-244
264
624
-280
-992
124
1376
188
-1632
-592
1696
1056
-1568
-1504
1312
1824
-944
-1984
456
1984
11
-1888
-408
1568
656
-1120
-752
752
688
-360
-440
98
94
9
296
57
-656
-280
944
656
-1056
-1056
992
1504
-816
-1888
456
2112
-1
-2112
-472
1984
912
-1760
-1184
1312
1376
-912
-1376
472
1184
-124
-880
-70
488
98
-94
49
-228
-344
424
720
-472
-1120
312
1504
-15
-1760
-408
1888
880
-1824
-1312
1568
1696
-1120
-1888
688
1952
-236
-1824
-164
1504
440
-1120
-528
688
488
-328
-264
51
-78
66
472
-11
-848
-212
1120
560
-1312
-992
1248
1440
-1056
-1824
720
1984
-280
-2112
-196
1984
624
-1824
-976
1440
1120
-992
-1120
560
992
-220
-688
11
312
23
70
114
-408
-408
624
784
-656
-1184
528
1568
-248
-1888
-164
1984
624
-1952
-1056
1760
1
2112
456
-1952
-848
1632
1056
-1248
-1184
784
1056
-392
-848
114
488
11
-66
35
-328
-248
624
592
-784
-992
752
1440
-560
-1824
228
1984
204
-2112
-656
1984
1056
-1696
-1376
1312
1568
-848
-1504
424
1312
-78
-992
-118
592
140
-180
1
-164
-296
376
688
-440
-1120
312
1504
-31
-1760
-360
1888
816
-1824
-1248
1632
1632
-1248
-1824
784
1888
-344
-1760
-47
1440
312
-1056
-408
624
344
-244
-102
-41
-248
172
656
-122
-1056
-98
1376
456
-1568
-880
1568
1312
-1376
-1696
1056
1984
-624
-1984
180
1984
244
-1760
-560
1376
752
-976
-720
528
560
-212
-248
13
-148
13
560
132
-912
-440
1120
848
-1184
-1248
1056
1696
-848
-1984
440
2112
21
-2112
-472
1952
848
-1632
-1056
1184
1120
-752
-992
360
784
-94
-408
-9
-11
-61
392
296
-688
-656
816
1056
-784
-1504
560
1888
-212
-1984
-228
2112
688
-1952
-1056
1696
1376
-1248
-1504
816
1504
-392
-1248
62
944
114
-496
-122
110
-47
228
360
-424
-752
456
1184
-312
-1568
15
1824
392
-1952
-848
1824
1248
-1568
-1632
1184
1824
-752
-1824
312
1696
61
-1376
-312
976
392
-560
-296
180
39
82
328
-188
-752
122
1120
114
-1440
-488
1632
944
-1568
-1376
1376
1760
-1056
-1984
624
1984
-156
-1984
-248
1696
560
-1312
-720
912
688
-496
-496
172
172
3
228
-11
-624
-156
976
472
-1184
-880
1248
1312
-1120
-1760
816
1984
-424
-2112
-43
2112
488
-1888
-848
1568
1056
-1120
-1120
688
976
-328
-688
74
312
5
90
82
-472
-344
720
720
-848
-1120
784
1568
-560
-1888
196
1984
248
-2112
-720
1952
1120
-1632
-1376
1184
1504
-784
-1440
360
1184
-51
-848
-110
440
94
-37
94
-280
-424
472
816
-488
-1248
312
1632
1
-1888
-424
1952
880
-1824
-1312
1568
1632
-1184
-1824
720
1824
-280
-1632
-70
1312
296
-912
-360
488
248
-124
23
-124
-408
212
816
-122
-1184
-132
1504
496
-1632
-976
1632
1376
-1376
-1760
992
1984
-592
-1984
140
1952
264
-1632
-560
1248
688
-848
-656
440
440
-132
-98
-23
-296
9
720
172
-992
-496
1248
944
-1248
-1376
1120
1760
-816
-1984
392
2112
62
-2112
-496
1888
848
-1504
-1056
1056
1056
-656
-944
280
624
-61
-244
-1
-172
-110
528
376
-784
-752
880
1184
-816
-1632
560
1952
-180
-2112
-264
2112
720
-1952
-1120
1632
1376
-1184
-1440
720
1376
-328
-1120
37
784
102
-360
-62
-33
-140
344
488
-496
-912
496
1312
-312
-1696
-17
1888
456
-1952
-912
1824
1312
-1568
-1632
1120
1824
-688
-1760
264
1568
82
-1248
-296
848
328
-424
-196
66
-86
164
472
-228
-912
118
1248
156
-1568
-528
1696
992
-1632
-1440
1376
1760
-992
-1984
560
1984
-118
-1888
-280
1632
560
-1184
-656
784
592
-392
-376
98
23
41
392
-3
-784
-204
