1651 2 0 0 0
1
2112
280
-2112
-528
1984
784
-1888
-992
1632
1184
-1440
-1312
1184
1376
-944
-1376
688
1376
-472
-1248
264
1184
-86
-992
-45
848
132
-624
-172
440
156
-236
-94
61
-11
86
156
-196
-328
264
528
-280
-720
248
944
-164
-1120
37
1312
132
-1440
-344
1504
560
-1568
-816
1568
1056
-1504
-1312
1376
1568
-1184
-1760
992
1952
-784
-1984
496
2112
-244
-2112
-37
2112
312
-1984
-560
1888
784
-1696
-976
1504
1056
-1248
-1184
992
1184
-816
-1184
560
1120
-360
-992
188
880
-49
-688
-41
496
82
-312
-70
122
13
55
90
-204
-236
312
408
-392
-592
424
816
-392
-992
312
1184
-188
-1376
19
1568
188
-1632
-424
1696
688
-1696
-944
1696
1184
-1568
-1440
1440
1632
-1248
-1824
992
1984
-752
-1984
472
2112
-196
-1984
-70
1984
328
-1888
-560
1760
752
-1568
-880
1312
992
-1056
-992
880
992
-624
-976
424
880
-248
-720
114
560
-21
-376
-23
180
17
7
35
-188
-132
344
280
-456
-456
528
656
-560
-880
528
1056
-488
-1312
360
1504
-196
-1632
-5
1760
244
-1824
-496
1888
752
-1824
-992
1760
1248
-1632
-1504
1440
1696
-1184
-1888
976
1984
-688
-1984
424
1984
-156
-1984
-102
1888
328
-1760
-528
1568
688
-1312
-784
1120
848
-880
-848
656
816
-472
-720
280
592
-148
-424
53
244
-1
-47
3
-148
-57
328
156
-488
-296
592
472
-688
-656
720
912
-720
-1120
656
1312
-528
-1504
392
1696
-196
-1824
-41
1952
296
-1984
-560
1952
848
-1888
-1056
1760
1312
-1632
-1568
1376
1696
-1120
-1824
912
1952
-624
-1952
360
1888
-110
-1824
-124
1696
328
-1504
-488
1312
592
-1120
-656
880
688
-656
-624
472
560
-296
-440
148
280
-53
-98
1
-94
-1
280
45
-472
-140
624
280
-784
-456
880
656
-912
-880
912
1120
-848
-1312
752
1568
-592
-1760
408
1888
-172
-1984
-78
1984
344
-1984
-624
1984
912
-1888
-1120
1760
1376
-1568
-1568
1312
1696
-1056
-1760
816
1824
-560
-1824
296
1760
-66
-1632
-132
1440
296
-1248
-424
1056
496
-848
-496
624
488
-440
-408
264
296
-124
-140
21
-35
33
228
-39
-424
-1
592
98
-784
-236
944
408
-992
-624
1056
848
-1056
-1056
1056
1312
-976
-1568
816
1760
-624
-1888
408
1984
-148
-2112
-122
2112
392
-2112
-656
1984
944
-1888
-1120
1696
1376
-1504
-1504
1248
1632
-992
-1696
720
1696
-488
-1632
244
1504
-33
-1376
-132
1184
264
-992
-344
784
376
-560
-344
392
280
-212
-164
66
13
37
164
-98
-360
110
560
-66
-752
-21
944
156
-1056
-328
1184
528
-1248
-784
1248
992
-1248
-1248
1120
1504
-992
-1696
848
1888
-624
-1984
392
2112
-118
-2112
-156
2112
440
-1984
-688
1952
944
-1824
-1120
1632
1312
-1376
-1440
1120
1504
-880
-1504
624
1440
-392
-1376
180
1248
-5
-1056
-124
1
2112
248
-2112
-496
1984
752
-1888
-944
1696
1056
-1440
-1184
1184
1248
-976
-1248
752
1184
-496
-1120
312
992
-156
-816
35
624
37
-424
-61
204
33
1
45
-188
-164
344
328
-472
-528
528
752
-560
-976
528
1184
-456
-1376
328
1568
-164
-1760
-43
1888
264
-1952
-528
1952
784
-1888
-992
1824
1248
-1696
-1504
1504
1632
-1248
-1760
992
1888
-784
-1888
496
1888
-264
-1824
43
1696
156
-1504
-312
1312
424
-1056
-496
880
496
-656
-472
456
392
-264
-248
114
94
1
98
-66
-296
82
496
-47
-720
-39
912
172
-1056
-344
1184
528
-1312
-784
1312
992
-1312
-1248
1248
1504
-1120
-1696
976
1888
-752
-1984
496
2112
-264
-2112
3
2112
248
-1984
-496
1984
720
-1824
-912
1632
1056
-1376
-1120
1184
1184
-944
-1184
688
1120
-488
-992
296
912
-140
-720
31
528
29
-312
-39
102
1
98
90
-280
-228
424
392
-528
-592
592
816
-624
-992
560
1248
-488
-1440
344
1632
-172
-1824
-39
1888
280
-1952
-528
1952
784
-1952
-992
1824
1248
-1696
-1504
1504
1632
-1248
-1760
992
1824
-752
-1888
496
1824
-264
-1760
45
1632
140
-1440
-296
1248
392
-992
-456
816
456
-560
-408
376
312
-204
-172
57
1
45
196
-98
-408
102
624
-55
-816
-41
992
180
-1184
-360
1248
560
-1376
-816
1376
1056
-1376
-1312
1248
1504
-1120
-1760
976
1952
-752
-1984
528
2112
-264
-2112
7
2112
248
-1984
-488
1952
688
-1824
-880
1568
992
-1376
-1120
1120
1120
-912
-1120
656
1056
-456
-976
264
816
-124
-624
27
424
21
-212
-19
1
-31
196
132
-376
-280
496
456
-592
-656
656
880
-656
-1120
624
1312
-496
-1568
376
1696
-180
-1888
-37
1952
280
-1984
-528
1984
784
-1952
-992
1824
1248
-1696
-1440
1440
1632
-1248
-1760
992
1824
-752
-1824
496
1760
-264
-1696
47
1504
132
-1376
-264
1120
360
-944
-408
720
392
-496
-344
296
236
-132
-86
1
-94
90
296
-132
-496
124
720
-62
-944
-43
1056
196
-1248
-392
1376
592
-1440
-848
1440
1056
-1376
-1312
1312
1568
-1184
-1760
992
1952
-784
-1984
528
2112
-264
-2112
11
2112
244
-1984
-488
1952
688
-1760
-848
1568
992
-1312
-1056
1056
1056
-848
-1056
624
992
-424
-880
244
720
-110
-496
21
312
13
-106
1
-102
-62
296
172
-472
-328
592
496
-688
-720
720
976
-720
-1184
656
1376
-528
-1632
392
1760
-196
-1952
-33
1984
280
-1984
-528
1984
816
-1952
-992
1824
1248
-1696
-1440
1440
1632
-1248
-1696
992
1760
-720
-1760
488
1696
-248
-1568
47
1440
124
-1248
-248
1056
328
-848
-360
624
344
-424
-264
228
156
-66
1
-57
-188
132
392
-164
-592
148
816
-74
-992
-45
1184
212
-1312
-408
1440
624
-1504
-880
1504
1120
-1440
-1376
1312
1568
-1184
-1760
992
1952
-784
-1984
