1651 2 0 0 0
1
1984
1312
-992
-1824
-264
1248
912
-328
-656
-124
62
-188
98
784
496
-880
-1440
47
1824
1248
-1120
-2112
-296
1888
1504
-720
-1760
-472
1056
912
-180
-528
-110
-39
-328
35
912
720
-784
-1632
-204
1760
1504
-880
-2112
-592
1696
1632
-456
-1696
-624
880
880
-57
-392
-59
-114
-488
-66
976
912
-656
-1760
-472
1696
1696
-592
-2112
-880
1440
1760
-196
-1504
-752
656
816
31
-244
25
-148
-624
-204
992
1120
-488
-1824
-752
1504
1888
-296
-2112
-1056
1248
1760
49
-1376
-816
472
688
82
-106
140
-156
-752
-360
976
1312
-280
-1888
-992
1312
1984
3
-1984
-1312
976
1760
264
-1184
-848
296
560
94
11
264
-118
-880
-560
944
1504
-45
-1888
-1248
1120
2112
296
-1888
-1504
688
1696
456
-992
-848
156
440
66
106
424
-39
-976
-752
816
1696
212
-1824
-1504
880
2112
592
-1696
-1632
440
1632
592
-816
-816
49
296
1
172
560
74
-992
-976
688
1760
488
-1696
-1760
592
2112
848
-1440
-1696
180
1440
720
-592
-720
-27
148
-94
196
720
228
-1056
-1184
496
1888
752
-1568
-1888
280
1984
1056
-1184
-1696
-51
1312
784
-424
-592
-62
21
-212
188
848
408
-992
-1376
280
1888
992
-1376
-1984
-7
1984
1312
-944
-1696
-248
1120
784
-264
-488
-62
-90
-360
132
976
592
-976
-1568
43
1888
1312
-1120
-2112
-296
1824
1440
-688
-1632
-440
944
784
-140
-344
-21
-172
-496
43
1056
816
-880
-1696
-220
1824
1568
-880
-2112
-592
1632
1568
-424
-1504
-560
752
720
-39
-204
55
-228
-656
-86
1120
992
-720
-1824
-496
1696
1760
-560
-2112
-848
1440
1632
-172
-1376
-656
560
624
21
-62
156
-244
-816
-244
1120
1248
-496
-1952
-784
1568
1952
-280
-1984
-1056
1184
1696
51
-1248
-720
392
496
45
61
280
-212
-944
-440
1056
1440
-296
-1952
-1056
1376
1984
11
-1952
-1248
912
1632
248
-1056
-720
236
392
29
164
440
-148
-1056
-624
992
1632
-41
-1952
-1312
1120
2112
296
-1824
-1440
656
1568
408
-880
-688
118
248
-23
236
592
-45
-1120
-848
912
1760
236
-1888
-1568
880
2112
592
-1632
-1504
408
1440
528
-688
-624
31
106
-110
280
752
94
-1184
-1056
720
1888
496
-1760
-1760
560
2112
848
-1376
-1568
164
1312
624
-496
-528
-15
-27
-228
280
912
264
-1184
-1312
528
1952
784
-1568
-1952
280
1984
1056
-1120
-1632
-53
1120
656
-344
-424
-25
-140
-360
244
992
472
-1120
-1504
296
1984
1056
-1376
-1984
-15
1952
1248
-880
-1568
-244
992
656
-204
-296
1
-244
-496
164
1120
688
-1056
-1696
37
1952
1312
-1120
-2112
-312
1760
1376
-624
-1504
-392
816
624
-94
-148
66
-296
-688
47
1184
912
-944
-1824
-244
1888
1568
-848
-2112
-560
1568
1504
-392
-1376
-496
624
560
-23
-11
164
-328
-848
-106
1
1984
1312
-992
-1760
-244
1248
880
-344
-592
-86
-9
-264
148
912
496
-992
-1504
180
1952
1120
-1248
-1984
-106
1952
1312
-848
-1568
-264
976
656
-196
-264
11
-264
-560
180
1184
688
-1120
-1696
98
1984
1248
-1184
-1984
-204
1760
1248
-688
-1376
-264
688
440
-70
62
140
-496
-848
180
1440
880
-1184
-1888
1
1984
1376
-1056
-1984
-280
1568
1184
-496
-1056
-236
424
180
21
392
296
-688
-1120
140
1632
992
-1184
-1984
-106
1984
1440
-976
-1888
-344
1312
992
-360
-784
-164
148
-98
82
720
472
-848
-1376
82
1824
1184
-1184
-2112
-212
1952
1440
-816
-1760
-376
1056
848
-228
-472
-62
-102
-392
110
992
656
-976
-1632
1
1952
1312
-1120
-2112
-312
1824
1376
-656
-1504
-376
816
624
-110
-140
70
-328
-688
102
1248
848
-992
-1824
-98
1952
1440
-992
-1984
-392
1632
1312
-496
-1248
-344
560
360
-21
188
236
-528
-992
62
1504
1056
-1056
-1984
-212
1952
1504
-912
-1984
-456
1376
1184
-360
-992
-264
296
82
31
496
424
-688
-1248
1
1696
1184
-1056
-1984
-312
1888
1568
-752
-1888
-488
1184
992
-236
-656
-156
47
-220
53
816
624
-816
-1504
-86
1824
1376
-992
-2112
-424
1824
1568
-624
-1696
-488
944
816
-124
-344
-19
-180
-528
43
1056
816
-912
-1760
-188
1888
1504
-944
-2112
-496
1632
1440
-488
-1440
-456
688
560
-47
-15
148
-376
-848
1
1312
992
-944
-1952
-296
1888
1632
-816
-1984
-560
1440
1376
-344
-1120
-376
424
264
1
312
344
-528
-1120
-70
1504
1184
-944
-1984
-424
1888
1632
-688
-1952
-592
1248
1184
-228
-880
-264
188
-31
15
624
560
-656
-1376
-164
1696
1376
-912
-2112
-528
1760
1632
-560
-1824
-592
992
992
-124
-528
-124
-37
-344
1
912
784
-752
-1632
-264
1760
1568
-816
-2112
-624
1632
1632
-440
-1568
-560
784
752
-51
-220
47
-236
-656
-47
1120
992
-784
-1888
-392
1824
1696
-720
-2112
-688
1504
1504
-296
-1312
-496
528
472
-7
106
248
-392
-976
-124
1376
1184
-816
-1984
-496
1824
1760
-624
-1984
-720
1312
1376
-196
-992
-392
296
164
1
424
472
-528
-1248
-228
1504
1376
-784
-2112
-624
1760
1760
-496
-1888
-752
1056
1184
-102
-720
-248
86
-156
-21
688
688
-624
-1504
-344
1632
1568
-720
-2112
-720
1632
1760
-360
-1696
-720
848
944
-35
-408
-70
-102
-488
-78
976
944
-656
-1760
-472
1696
1696
-624
-2112
-816
1504
1632
-248
-1440
-624
624
656
1
-90
132
-264
-784
-156
1184
1120
-688
-1952
-592
1696
1824
-496
-1984
-848
1312
1504
-140
-1184
-528
408
360
1
220
360
-392
-1056
-264
1376
1376
-656
-1984
-720
1696
1824
-408
-1984
-880
1120
1312
-59
-912
-392
196
45
-25
496
592
-488
-1376
-392
1504
1568
-592
-2112
-816
1568
1824
-280
-1824
-848
912
1120
