1651 2 0 0 0
1
1984
1184
-1312
-1888
132
1824
880
-1056
-1312
180
1120
440
-560
-496
82
204
-1
148
328
-156
-784
-296
912
992
-488
-1568
-440
1568
1440
-816
-1984
-392
1888
1504
-992
-2112
-248
1888
1248
-976
-1696
-82
1376
784
-656
-944
13
560
228
-132
-11
-15
-376
-280
528
848
-172
-1248
-624
1120
1504
-408
-1952
-752
1632
1760
-624
-2112
-656
1760
1632
-720
-1952
-440
1504
1184
-592
-1312
-196
880
560
-296
-408
-21
17
-114
204
528
25
-912
-656
752
1376
-55
-1632
-976
1248
1888
-212
-1984
-992
1504
1952
-360
-1984
-848
1440
1568
-424
-1632
-496
1056
944
-296
-816
-180
344
180
-9
172
82
-488
-528
408
1056
196
-1248
-1056
848
1760
164
-1888
-1312
1184
1984
33
-1984
-1248
1248
1888
-102
-1824
-912
1056
1376
-164
-1120
-456
560
560
-82
-236
-13
-122
-296
140
752
312
-880
-992
456
1568
456
-1504
-1440
784
1984
424
-1888
-1568
976
2112
280
-1824
-1312
944
1696
110
-1376
-816
656
976
1
-592
-248
148
43
9
344
264
-496
-848
148
1248
624
-1120
-1504
376
1888
752
-1568
-1760
592
2112
688
-1760
-1696
688
1952
472
-1504
-1248
592
1312
220
-912
-592
296
440
29
-51
94
-180
-496
-35
848
656
-720
-1312
29
1632
992
-1184
-1888
180
1984
1056
-1504
-1952
328
1984
880
-1440
-1632
392
1632
528
-1056
-992
296
848
196
-376
-204
21
-132
-78
456
528
-376
-1056
-212
1248
1056
-816
-1760
-188
1824
1312
-1120
-1984
-66
1984
1248
-1248
-1952
70
1824
944
-1056
-1376
140
1184
488
-592
-592
82
264
29
94
280
-124
-720
-312
848
992
-424
-1568
-488
1504
1504
-752
-1984
-456
1888
1568
-944
-2112
-312
1824
1312
-944
-1760
-132
1376
880
-656
-992
-11
624
264
-172
-74
-5
-312
-264
472
816
-132
-1184
-624
1056
1504
-344
-1888
-784
1568
1824
-560
-2112
-720
1696
1696
-656
-1984
-496
1504
1248
-592
-1376
-244
912
624
-296
-488
-37
82
-74
156
488
45
-816
-656
688
1312
-5
-1568
-992
1184
1888
-148
-1984
-1056
1440
1952
-296
-1984
-912
1440
1632
-376
-1632
-560
1056
992
-280
-880
-220
408
236
-33
102
74
-424
-496
344
1056
228
-1184
-1056
784
1760
220
-1824
-1312
1120
1984
102
-1984
-1312
1184
1952
-43
-1824
-976
1056
1440
-124
-1184
-496
592
624
-78
-296
-45
-66
-248
110
688
312
-816
-992
408
1504
496
-1440
-1504
688
1984
488
-1824
-1632
912
2112
344
-1824
-1376
912
1760
164
-1440
-912
656
992
25
-656
-296
188
110
1
264
248
-440
-784
114
1184
656
-1056
-1440
312
1888
816
-1504
-1824
496
2112
752
-1696
-1760
624
1984
528
-1504
-1312
560
1376
264
-944
-656
312
496
47
-110
51
-132
-456
-53
784
656
-656
-1312
-17
1568
992
-1120
-1824
118
1984
1056
-1440
-1984
1
1984
1184
-1312
-1888
172
1760
816
-1056
-1248
220
1056
344
-496
-408
70
66
-45
280
440
-248
-944
-264
1120
1056
-688
-1696
-280
1760
1376
-1056
-1984
-132
1984
1312
-1184
-1952
51
1824
944
-1056
-1376
148
1120
456
-560
-528
82
204
1
164
344
-180
-816
-296
976
1056
-560
-1632
-376
1632
1440
-944
-1984
-264
1984
1440
-1120
-1984
-74
1824
1056
-992
-1504
74
1248
560
-624
-656
74
328
57
55
244
-110
-688
-312
848
992
-440
-1568
-472
1504
1440
-784
-1984
-392
1888
1504
-992
-1984
-204
1888
1184
-992
-1632
-17
1312
688
-656
-816
51
456
132
-41
132
-59
-560
-312
720
976
-328
-1440
-528
1376
1504
-656
-1984
-496
1824
1632
-912
-2112
-344
1824
1376
-944
-1760
-122
1376
816
-656
-944
9
560
220
-124
11
-21
-424
-296
560
912
-228
-1312
-592
1248
1504
-496
-1984
-624
1760
1696
-784
-2112
-488
1824
1504
-848
-1824
-236
1440
976
-656
-1056
-45
688
312
-196
-118
-1
-280
-248
456
816
-132
-1248
-624
1120
1504
-392
-1952
-752
1632
1760
-656
-2112
-592
1760
1568
-752
-1888
-360
1504
1056
-624
-1184
-118
784
424
-248
-248
1
-148
-212
344
720
-62
-1120
-656
992
1440
-264
-1824
-848
1504
1824
-496
-2112
-752
1696
1696
-656
-1984
-488
1504
1248
-592
-1312
-204
880
528
-280
-376
-15
-19
-140
244
592
1
-976
-656
880
1376
-148
-1760
-912
1376
1824
-376
-2112
-880
1632
1824
-528
-1984
-624
1504
1376
-528
-1440
-296
944
688
-312
-496
-47
102
-62
148
488
43
-848
-656
720
1312
-43
-1632
-976
1248
1888
-244
-2112
-992
1568
1888
-424
-1984
-752
1504
1504
-488
-1504
-408
992
816
-312
-656
-94
220
29
74
360
70
-688
-624
592
1248
51
-1504
-992
1120
1824
-110
-1984
-1056
1440
1952
-296
-1984
-912
1440
1632
-408
-1632
-528
1056
944
-296
-784
-156
328
132
11
236
82
-560
-592
488
1184
132
-1376
-1056
992
1824
17
-1952
-1184
1312
1984
-172
-1984
-992
1376
1760
-296
-1696
-656
1056
1056
-264
-912
-236
424
248
-35
102
74
-440
-528
376
1056
204
-1248
-1056
848
1824
140
-1888
-1248
1184
1984
-33
-1984
-1120
1312
1824
-196
-1760
-784
1056
1184
-236
-992
-328
496
376
-66
-33
53
-312
-456
280
976
248
-1120
-1056
720
1760
248
-1824
-1376
1056
1984
102
-1984
-1248
1248
1952
-82
-1824
-912
1056
1312
-172
-1120
-440
560
496
-82
-172
13
-196
-376
196
848
296
-992
-1056
592
1696
344
-1696
-1440
976
1984
236
-1984
-1376
1120
1984
43
-1824
-1056
1056
1440
-94
-1184
-528
592
624
-78
-296
-41
-82
-264
124
720
312
-880
-992
472
1568
440
-1568
-1440
816
1984
360
-1952
-1504
1056
1984
172
-1888
-1184
992
1568
-5
-1312
-656
656
784
-59
-424
-114
17
-164
70
592
312
-752
