1651 2 0 0 0
1
2112
656
-1760
-1056
1120
1184
-528
-912
94
376
13
212
248
-624
-784
752
1376
-488
-1888
-78
1984
752
-1888
-1312
1376
1632
-720
-1504
132
1056
180
-496
-124
-45
-264
344
848
-280
-1440
-124
1760
752
-1760
-1376
1376
1824
-784
-1952
114
1696
376
-1120
-528
496
312
-51
188
-98
-784
-124
1248
656
-1440
-1312
1248
1888
-720
-2112
45
1984
560
-1568
-912
976
912
-392
-528
41
-37
-53
592
424
-944
-992
944
1632
-560
-1984
-37
2112
720
-1824
-1184
1248
1376
-624
-1184
122
720
82
-114
86
-376
-560
560
1184
-392
-1696
-106
1984
784
-1888
-1376
1376
1760
-752
-1760
132
1376
264
-784
-296
212
-11
164
560
-196
-1120
-132
1568
720
-1632
-1376
1312
1888
-752
-1984
86
1888
456
-1376
-688
720
560
-212
-132
-27
-456
-102
976
560
-1248
-1184
1120
1760
-656
-2112
7
2112
624
-1760
-1056
1120
1120
-496
-848
86
296
1
280
280
-688
-816
784
1440
-496
-1952
-70
1984
752
-1888
-1312
1376
1568
-688
-1440
132
992
156
-440
-82
-106
-328
392
912
-296
-1504
-124
1824
752
-1824
-1376
1376
1824
-784
-1888
118
1632
344
-1056
-488
472
248
-11
248
-118
-848
-124
1312
656
-1504
-1312
1248
1888
-720
-2112
53
1984
528
-1568
-880
944
848
-360
-456
29
-114
-62
656
456
-992
-1056
976
1632
-592
-1984
-29
2112
688
-1824
-1184
1248
1312
-592
-1120
114
624
66
-43
124
-440
-624
592
1248
-408
-1760
-102
1984
784
-1888
-1376
1376
1696
-752
-1696
132
1312
244
-720
-264
156
-70
204
624
-220
-1184
-132
1632
720
-1696
-1376
1376
1888
-752
-1984
94
1824
440
-1312
-656
688
496
-180
-62
-43
-528
-106
992
560
-1248
-1184
1120
1824
-688
-2112
15
2112
624
-1696
-992
1056
1056
-488
-784
74
228
-11
344
312
-752
-880
816
1504
-496
-1952
-62
2112
752
-1888
-1248
1312
1504
-688
-1376
132
976
140
-360
-45
-164
-376
424
976
-328
-1568
-122
1888
752
-1824
-1376
1376
1824
-784
-1888
122
1568
328
-992
-456
408
196
25
328
-132
-944
-124
1376
688
-1504
-1312
1248
1888
-720
-2112
61
1984
528
-1504
-848
880
784
-328
-392
17
-188
-70
752
472
-1056
-1056
992
1696
-592
-1984
-21
2112
688
-1824
-1120
1248
1312
-592
-1056
110
560
51
27
156
-488
-656
656
1248
-440
-1824
-94
1984
752
-1888
-1376
1376
1696
-752
-1632
132
1248
228
-656
-228
98
-124
244
688
-236
-1248
-132
1696
752
-1696
-1376
1376
1888
-752
-1984
98
1760
424
-1248
-624
624
456
-140
7
-59
-592
-114
1056
592
-1312
-1248
1184
1824
-688
-2112
23
1984
592
-1696
-992
1056
992
-456
-688
66
148
-23
424
344
-816
-912
848
1504
-528
-1984
-57
2112
720
-1888
-1248
1312
1504
-656
-1312
124
880
124
-296
-5
-228
-440
472
992
1
2112
624
-1760
-1056
1120
1120
-528
-848
106
296
1
312
264
-752
-816
880
1440
-624
-1952
82
2112
560
-1952
-1120
1440
1376
-816
-1312
244
880
55
-264
13
-296
-424
592
992
-528
-1632
140
1984
488
-1984
-1120
1632
1568
-992
-1632
408
1376
62
-816
-196
212
-39
248
560
-392
-1184
172
1696
360
-1888
-992
1696
1568
-1184
-1888
560
1760
27
-1312
-344
720
312
-156
70
-180
-656
148
1248
228
-1632
-848
1632
1440
-1248
-1952
688
1984
-41
-1760
-440
1184
592
-560
-392
94
-106
82
720
114
-1184
-624
1440
1248
-1248
-1824
784
2112
-124
-1984
-472
1632
816
-992
-816
408
440
-39
140
33
-720
-392
1056
976
-1120
-1632
816
1984
-220
-2112
-440
1888
944
-1312
-1120
720
944
-204
-456
-3
-164
-156
656
624
-912
-1248
752
1824
-280
-2112
-360
1984
976
-1632
-1312
992
1312
-392
-992
1
424
35
172
280
-560
-848
624
1440
-312
-1952
-264
1984
944
-1760
-1440
1248
1632
-592
-1440
55
976
188
-360
-51
-156
-408
408
992
-280
-1568
-164
1888
816
-1824
-1376
1376
1824
-752
-1824
140
1440
280
-912
-344
280
51
124
496
-212
-1120
-70
1568
624
-1696
-1248
1440
1824
-912
-1984
244
1888
312
-1376
-560
752
472
-196
-37
-78
-560
-11
1120
440
-1440
-1056
1376
1696
-976
-1984
344
1984
296
-1760
-720
1184
816
-528
-560
106
15
5
592
248
-1056
-784
1184
1440
-976
-1952
424
2112
236
-1984
-816
1504
1056
-912
-992
328
592
-17
7
74
-560
-488
912
1056
-848
-1696
472
1984
148
-2112
-784
1760
1248
-1184
-1376
560
1056
-90
-560
-57
-31
-172
496
688
-656
-1312
456
1824
62
-1984
-720
1888
1312
-1440
-1568
784
1504
-196
-1120
-140
528
114
47
248
-392
-848
376
1440
-11
-1824
-592
1888
1248
-1568
-1696
976
1824
-312
-1568
-172
1056
344
-440
-148
-53
-344
244
976
-59
-1440
-440
1696
1056
-1568
-1696
1056
1984
-456
-1952
-156
1504
496
-912
-496
328
172
43
408
-62
-992
-280
1376
880
-1440
-1504
1120
1984
-560
-2112
-98
1888
592
-1312
-816
720
624
-204
-164
-15
-440
-132
976
592
-1184
-1248
1056
1824
-624
-2112
-21
1984
624
-1696
-992
1056
1056
-472
-720
74
148
-23
456
328
-848
-912
944
1504
-624
-1984
62
2112
592
-1952
-1120
1376
1312
-752
-1184
204
720
45
-118
74
-408
-528
688
1120
-560
-1696
132
1984
496
-1984
-1120
1632
1504
-992
-1568
360
1248
66
-688
-148
82
-132
344
688
-440
-1312
172
1760
392
-1952
-992
1696
1568
-1184
-1824
496
1696
39
-1184
-312
592
228
-49
196
-244
-784
164
1376
248
-1696
-880
1696
1504
-1248
-1952
656
1952
-21
-1632
-424
1056
528
-472
-280
21
-248
106
848
140
-1312
-688
1504
1312
-1248
-1888
752
2112
-106
-1984
-472
1504
784
-912
