1651 2 0 0 0
1
2112
848
-1696
-1504
992
1760
-220
-1568
-408
1120
720
-592
-688
148
408
31
-1
106
-280
-488
280
944
33
-1248
-624
1248
1312
-912
-1888
196
1984
656
-1888
-1440
1248
1952
-472
-1984
-360
1696
976
-1120
-1248
456
1120
57
-752
-264
312
164
-5
180
-25
-560
-248
816
784
-752
-1312
312
1696
392
-1760
-1184
1376
1824
-688
-2112
-188
1984
992
-1568
-1568
816
1696
-62
-1440
-488
976
688
-440
-560
70
220
3
156
228
-376
-656
264
1120
148
-1376
-816
1248
1504
-784
-1952
19
1984
848
-1760
-1568
1120
1952
-280
-1952
-496
1568
992
-944
-1184
296
992
118
-560
-228
164
23
62
360
9
-720
-392
912
976
-720
-1504
180
1824
560
-1760
-1376
1248
1952
-496
-2112
-376
1952
1120
-1376
-1568
624
1632
70
-1248
-496
784
624
-296
-424
17
37
-53
312
376
-440
-848
228
1248
296
-1440
-992
1248
1632
-656
-1984
-164
1984
992
-1632
-1696
944
1952
-94
-1824
-624
1376
992
-752
-1056
172
816
148
-408
-148
29
-132
106
528
78
-880
-528
944
1120
-656
-1632
35
1888
752
-1696
-1504
1120
1984
-312
-2112
-528
1824
1184
-1184
-1568
440
1504
180
-1120
-528
592
528
-172
-248
1
-140
-140
440
528
-472
-992
148
1376
456
-1504
-1184
1120
1824
-496
-2112
-360
1984
1184
-1504
-1760
752
1952
74
-1696
-720
1184
992
-560
-976
74
656
140
-228
-43
-78
-296
114
720
172
-992
-720
976
1312
-560
-1824
-124
1952
976
-1632
-1696
976
1984
-124
-1984
-688
1696
1312
-992
-1504
280
1376
264
-944
-496
440
408
-82
-70
11
-312
-248
528
720
-456
-1184
41
1504
624
-1504
-1376
1056
1952
-328
-2112
-528
1952
1312
-1312
-1824
528
1888
228
-1568
-784
992
976
-408
-848
1
472
114
-66
86
-164
-488
90
880
296
-1056
-912
976
1504
-456
-1888
-312
1952
1120
-1504
-1824
816
2112
62
-1984
-848
1504
1312
-816
-1440
132
1184
312
-752
-456
280
264
-19
110
57
-472
-392
592
912
-424
-1376
-90
1632
816
-1504
-1504
944
1984
-148
-2112
-720
1824
1440
-1184
-1824
360
1760
360
-1376
-816
816
912
-280
-688
-43
280
47
78
236
-220
-656
33
992
440
-1120
-1056
912
1696
-312
-1984
-496
1888
1312
-1376
-1888
624
2112
244
-1888
-976
1312
1312
-624
-1376
11
992
344
-560
-360
156
98
11
280
132
-592
-528
656
1056
-360
-1504
-244
1696
992
-1440
-1696
816
2112
43
-2112
-912
1696
1504
-992
-1824
196
1696
456
-1184
-816
624
816
-164
-496
-55
106
-47
196
408
-244
-848
-51
1184
592
-1184
-1248
848
1824
-156
-1984
-688
1824
1440
-1248
-1952
440
1984
408
-1760
-992
1120
1312
-456
-1248
-82
848
328
-392
-248
55
-74
11
472
236
-720
-720
656
1248
-264
-1632
-408
1696
1184
-1312
-1824
624
2112
236
1
2112
848
-1696
-1440
992
1696
-248
-1568
-344
1120
624
-560
-592
148
264
5
132
164
-424
-592
424
1056
-78
-1440
-528
1504
1248
-1120
-1888
456
2112
408
-1984
-1184
1504
1760
-720
-1888
-59
1632
624
-1056
-880
496
752
-74
-408
-57
-1
-132
264
528
-228
-992
-148
1248
752
-1184
-1440
784
1952
-57
-1984
-784
1824
1504
-1184
-1952
360
1952
408
-1568
-944
976
1056
-376
-944
-49
496
148
-102
59
-132
-472
61
880
328
-1056
-944
944
1504
-440
-1952
-312
1952
1120
-1568
-1824
848
1984
11
-1952
-752
1504
1184
-816
-1312
180
1056
220
-592
-280
172
51
45
344
55
-720
-456
848
992
-656
-1568
94
1824
656
-1760
-1440
1248
1984
-456
-2112
-408
1888
1120
-1312
-1504
592
1504
53
-1120
-424
624
456
-196
-188
1
-220
-122
560
528
-624
-1056
360
1504
220
-1696
-976
1440
1696
-880
-2112
47
2112
784
-1760
-1440
1056
1696
-296
-1568
-328
1120
656
-624
-624
172
328
7
82
132
-392
-528
424
992
-102
-1376
-496
1440
1184
-1120
-1824
488
2112
360
-1984
-1120
1504
1696
-752
-1888
-21
1632
624
-1120
-912
528
816
-94
-472
-66
45
-98
236
496
-228
-944
-122
1248
720
-1184
-1376
816
1888
-98
-1984
-752
1824
1504
-1184
-1952
408
1984
376
-1632
-944
992
1120
-408
-976
-35
560
172
-148
15
-114
-408
70
816
296
-1056
-880
944
1504
-472
-1888
-264
1952
1056
-1568
-1760
880
1984
-33
-1984
-720
1504
1184
-880
-1312
220
1056
212
-656
-312
212
98
29
296
39
-688
-424
848
976
-656
-1504
124
1824
624
-1760
-1376
1248
1952
-496
-2112
-360
1952
1056
-1376
-1504
624
1504
23
-1184
-424
688
488
-236
-236
5
-164
-98
496
488
-624
-992
376
1440
180
-1696
-912
1504
1632
-912
-1984
94
2112
752
-1760
-1440
1120
1760
-344
-1632
-296
1184
656
-656
-656
204
376
7
27
106
-344
-488
408
976
-124
-1376
-456
1440
1120
-1184
-1760
528
2112
312
-1984
-1120
1568
1696
-816
-1888
17
1696
592
-1184
-912
592
848
-118
-496
-74
94
-61
204
440
-228
-912
-90
1184
656
-1184
-1312
848
1888
-140
-1984
-688
1888
1440
-1248
-1952
472
1984
328
-1696
-912
1056
1120
-456
-992
-19
624
188
-196
-23
-90
-360
74
784
264
-992
-816
944
1440
-496
-1888
-236
1952
1056
-1632
-1760
944
1984
-78
-1984
-688
1568
1184
-912
-1376
248
1120
204
-720
-328
248
140
11
244
25
-624
-376
816
944
-656
-1440
164
1824
560
-1760
-1312
1312
1952
-528
-2112
-312
1952
1056
-1376
-1504
688
1568
-3
-1248
-424
752
496
-264
-280
13
-110
-74
472
440
-592
-976
392
1440
140
-1632
-880
1504
1568
-944
-1984
140
2112
720
-1824
-1376
1120
1760
-392
-1696
-280
1248
656
-720
-688
236
440
5
-23
74
-312
-440
392
944
