1651 2 0 0 0
1
1984
992
-1440
-1568
496
1440
244
-848
-440
220
74
21
496
312
-848
-1056
592
1760
188
-1888
-1184
1376
1952
-424
-1984
-560
1504
1120
-656
-1056
-1
496
118
43
296
-196
-944
-236
1248
1056
-1056
-1824
212
2112
848
-1696
-1632
784
1824
164
-1376
-688
624
624
-82
-102
59
-424
-560
496
1248
-5
-1696
-912
1440
1824
-656
-2112
-424
1824
1248
-992
-1504
140
1056
328
-440
-204
-13
-328
-61
848
656
-944
-1440
376
1952
592
-1824
-1568
1056
1984
-11
-1824
-816
1056
1056
-296
-720
-82
110
-114
264
720
-114
-1248
-592
1376
1504
-816
-1984
-204
1984
1184
-1312
-1760
376
1568
408
-976
-624
280
264
1
312
296
-656
-976
424
1632
344
-1760
-1312
1248
1984
-236
-1984
-784
1504
1312
-592
-1248
-94
688
248
-94
140
-94
-752
-296
1056
1056
-848
-1824
19
1984
992
-1568
-1824
624
1952
344
-1440
-912
656
816
-66
-296
1
-236
-472
344
1120
124
-1504
-992
1248
1824
-456
-2112
-624
1824
1440
-944
-1632
17
1248
488
-528
-392
51
-132
-82
656
624
-720
-1376
196
1888
752
-1696
-1696
880
2112
180
-1824
-992
1056
1248
-248
-912
-180
280
17
132
528
-11
-1056
-656
1120
1504
-592
-1984
-392
1952
1376
-1184
-1888
220
1696
560
-992
-816
312
488
15
110
236
-472
-880
264
1440
488
-1568
-1440
992
1984
-33
-1984
-976
1440
1504
-496
-1440
-220
848
408
-204
-43
-29
-528
-312
880
1056
-624
-1760
-164
1952
1184
-1440
-1952
456
1984
528
-1504
-1056
656
992
-13
-488
-98
-66
-328
220
976
228
-1312
-1056
1056
1888
-248
-2112
-816
1696
1632
-816
-1824
-132
1376
656
-624
-592
82
66
-62
456
560
-528
-1248
29
1696
912
-1504
-1760
688
2112
376
-1824
-1184
992
1440
-164
-1056
-296
424
180
29
360
53
-912
-656
976
1440
-408
-1984
-560
1824
1504
-1056
-1984
43
1824
784
-1056
-992
296
688
70
-82
132
-296
-752
132
1312
560
-1376
-1504
848
1984
172
-1984
-1184
1376
1696
-392
-1568
-376
944
592
-264
-244
1
-344
-296
688
992
-456
-1632
-328
1824
1312
-1248
-1984
264
1984
752
-1504
-1312
592
1184
74
-656
-228
74
-172
110
784
280
-1120
-1056
880
1824
-51
-1984
-992
1632
1760
-656
-1952
-312
1440
880
-656
-784
70
264
-9
264
488
-376
-1120
-106
1568
992
-1312
-1824
488
2112
592
-1824
-1376
944
1632
-41
-1184
-456
528
360
-43
172
82
-688
-656
752
1376
-220
-1888
-752
1696
1696
-912
-2112
-148
1824
976
-1056
-1184
248
880
156
-248
5
-156
-560
25
1120
624
-1184
-1504
624
1984
360
-1984
-1312
1248
1888
-244
-1696
-528
992
784
-312
-440
-9
-140
-244
496
912
-296
-1504
-456
1632
1376
-1056
-1984
66
1984
944
-1440
-1504
528
1376
196
-816
-376
188
11
37
560
312
-912
1
1984
992
-1440
-1504
496
1376
204
-816
-376
180
-11
47
624
312
-976
-1056
752
1824
51
-1984
-1056
1568
1824
-592
-1952
-360
1440
912
-656
-816
70
264
-13
280
496
-408
-1184
-74
1568
976
-1376
-1824
560
2112
488
-1824
-1248
992
1504
-132
-1056
-328
440
196
25
360
51
-912
-656
992
1504
-456
-1984
-496
1888
1440
-1120
-1952
140
1760
656
-1056
-880
312
496
21
82
228
-456
-880
264
1504
472
-1632
-1376
1056
1984
-102
-1984
-912
1440
1440
-560
-1312
-132
752
296
-124
102
-82
-720
-296
1056
1056
-848
-1824
43
1984
992
-1632
-1760
688
1888
264
-1440
-784
656
688
-82
-172
45
-376
-528
488
1248
5
-1696
-912
1504
1760
-688
-2112
-376
1824
1184
-992
-1376
188
992
248
-376
-110
-74
-456
-21
992
656
-1056
-1504
560
1984
424
-1952
-1376
1184
1888
-228
-1696
-560
992
784
-312
-424
-5
-180
-248
528
944
-344
-1568
-408
1696
1376
-1184
-1984
204
1984
784
-1504
-1312
592
1248
78
-656
-220
62
-188
124
816
264
-1184
-1056
944
1824
-140
-2112
-912
1696
1696
-752
-1824
-180
1376
688
-624
-592
82
66
-66
472
592
-560
-1312
66
1760
848
-1568
-1760
784
2112
264
-1888
-1056
1056
1312
-236
-944
-196
296
29
132
528
-13
-1120
-624
1184
1504
-656
-1984
-328
1984
1312
-1248
-1824
296
1632
472
-992
-688
296
312
1
280
280
-624
-976
440
1632
328
-1824
-1312
1248
1984
-296
-1984
-688
1504
1248
-624
-1120
-29
560
148
5
264
-180
-912
-244
1248
1056
-1056
-1888
244
2112
816
-1760
-1568
848
1760
94
-1312
-592
592
496
-70
33
78
-560
-624
656
1376
-148
-1824
-784
1632
1696
-880
-2112
-172
1824
992
-1056
-1184
264
848
140
-220
41
-196
-624
62
1184
624
-1312
-1504
752
1984
236
-1984
-1184
1312
1760
-376
-1568
-376
944
560
-264
-212
-1
-376
-296
752
992
-528
-1696
-248
1888
1248
-1376
-1952
392
1984
592
-1504
-1120
656
992
-9
-488
-94
-82
-344
236
992
204
-1376
-1056
1120
1888
-344
-2112
-720
1760
1504
-912
-1696
-17
1248
496
-560
-408
53
-132
-82
656
656
-752
-1376
236
1888
720
-1760
-1632
976
1984
74
-1824
-880
1056
1120
-296
-752
-94
132
-106
264
720
-118
-1312
-560
1376
1504
-848
-1984
-132
1984
1120
-1376
-1632
440
1504
296
-912
-488
236
118
15
488
312
-848
-1056
624
1760
172
-1952
-1184
1440
1888
-488
-1984
-488
1504
992
-656
-944
43
392
41
164
424
-296
-1056
-148
1440
992
-1248
-1824
440
2112
592
-1824
-1440
944
1632
-51
-1184
-440
496
312
-25
236
74
-784
-656
880
1440
-328
-1952
-624
1824
1568
-1056
-1984
17
1824
784
-1056
-992
312
656
59
-43
164
-344
-784
180
1376
528
-1504
-1440
976
1984
33
-1984
-992
1440
1568
-496
-1440
-228
