1651 2 0 0 0
1
1984
1120
-1120
-1504
86
912
280
-114
212
-86
-992
-592
1184
1632
-424
-2112
-848
1632
1696
-488
-1568
-392
720
408
-35
296
172
-912
-1056
656
1888
392
-1888
-1504
976
1952
212
-1376
-784
440
424
1
328
456
-624
-1376
29
1888
1120
-1376
-1984
180
1888
848
-992
-992
118
376
-7
312
688
-248
-1504
-624
1504
1760
-624
-2112
-624
1568
1312
-496
-1056
-164
264
-62
204
848
204
-1376
-1248
944
1984
220
-1984
-1312
992
1568
45
-976
-376
148
-140
17
912
688
-992
-1696
212
1984
992
-1504
-1824
312
1568
528
-720
-496
45
-212
-212
784
1056
-496
-1888
-560
1760
1696
-784
-1984
-392
1312
912
-392
-496
-17
-248
-456
496
1312
140
-1760
-1312
1184
1984
33
-1888
-992
912
1120
-45
-456
-33
-228
-656
132
1376
784
-1376
-1824
408
2112
848
-1440
-1440
376
1120
264
-312
1
-124
-784
-312
1248
1312
-752
-1984
-440
1888
1504
-848
-1696
-188
992
488
-172
62
29
-784
-752
848
1696
-1
-1984
-1184
1312
1952
-132
-1632
-688
688
592
-37
124
236
-656
-1056
312
1824
752
-1632
-1824
560
1984
592
-1312
-1056
328
592
53
164
440
-392
-1312
-296
1632
1440
-992
-2112
-248
1824
1184
-816
-1248
-45
496
90
148
624
-19
-1312
-912
1184
1888
-188
-2112
-992
1376
1632
-244
-1184
-376
360
74
70
688
392
-1056
-1376
560
1984
656
-1760
-1632
688
1760
344
-992
-592
172
19
-62
688
784
-688
-1696
-196
1952
1376
-1120
-1984
-61
1632
848
-656
-688
11
-41
-236
528
1056
-156
-1760
-944
1440
1952
-376
-1984
-784
1248
1184
-248
-688
-102
-82
-408
264
1248
440
-1504
-1568
784
2112
472
-1760
-1376
720
1312
148
-560
-156
-82
-528
-78
1184
992
-992
-1952
-29
1984
1184
-1184
-1696
86
1248
488
-376
-156
-27
-624
-456
976
1440
-360
-1984
-848
1632
1824
-496
-1824
-496
992
720
-164
-106
78
-560
-816
528
1696
376
-1824
-1568
976
1984
264
-1632
-992
592
816
27
-39
220
-424
-1056
3
1632
1056
-1312
-1984
156
1984
976
-1120
-1312
156
752
164
13
360
-164
-1120
-560
1312
1632
-560
-2112
-688
1696
1504
-560
-1376
-264
592
244
33
488
156
-1056
-1056
848
1952
244
-1984
-1376
1056
1824
78
-1248
-624
376
244
1
528
496
-816
-1440
164
1952
992
-1504
-1952
312
1824
688
-976
-848
132
188
-78
472
816
-392
-1632
-560
1696
1696
-784
-2112
-472
1568
1120
-528
-912
-86
114
-188
312
992
132
-1504
-1184
1120
1984
62
-1984
-1120
1056
1440
-47
-816
-248
41
-312
78
1056
656
-1184
-1696
360
2112
880
-1568
-1696
424
1440
392
-624
-328
1
-408
-228
976
1120
-656
-1952
-456
1888
1568
-912
-1888
-248
1248
752
-360
-328
3
-424
-528
656
1440
19
-1888
-1184
1312
1984
-118
-1824
-848
912
944
1
1984
1120
-1120
-1440
110
880
244
-70
264
-124
-1056
-560
1248
1632
-528
-2112
-688
1696
1504
-592
-1376
-248
592
228
45
496
132
-1120
-1056
912
1952
132
-1984
-1312
1120
1760
-39
-1184
-488
328
90
35
688
496
-992
-1504
392
1984
816
-1696
-1760
528
1696
424
-880
-528
110
-110
-110
784
912
-720
-1824
-248
1952
1440
-1120
-1952
-66
1440
720
-528
-472
3
-312
-376
720
1248
-236
-1888
-912
1568
1888
-472
-1952
-592
1120
880
-220
-296
31
-440
-688
496
1568
344
-1760
-1504
992
1984
204
-1696
-992
688
848
5
-86
180
-456
-992
110
1696
944
-1440
-1952
344
1984
784
-1248
-1184
264
688
98
94
424
-296
-1248
-392
1568
1504
-880
-2112
-344
1824
1248
-784
-1184
-66
456
53
188
688
-13
-1376
-944
1248
1952
-220
-2112
-976
1312
1504
-264
-1056
-264
220
-102
140
912
392
-1312
-1440
720
2112
488
-1824
-1440
784
1504
172
-784
-328
41
-312
-35
992
848
-992
-1824
82
1984
1120
-1376
-1760
212
1376
472
-496
-248
-27
-528
-344
992
1312
-528
-1984
-592
1824
1632
-752
-1824
-312
1056
624
-228
-74
37
-656
-720
784
1632
45
-1984
-1248
1312
1952
-124
-1632
-688
720
592
-43
124
228
-688
-1056
376
1824
688
-1696
-1760
688
1984
472
-1312
-944
344
488
11
296
496
-528
-1376
-148
1824
1312
-1184
-1984
1
1824
944
-880
-976
61
264
-62
376
816
-228
-1568
-752
1504
1824
-560
-2112
-624
1440
1184
-424
-880
-114
59
-248
312
1056
212
-1568
-1312
1056
2112
124
-1952
-1120
976
1312
-27
-656
-140
-90
-496
110
1248
720
-1312
-1760
440
2112
816
-1568
-1504
440
1184
248
-392
-49
-124
-752
-236
1248
1248
-880
-1984
-264
1952
1376
-992
-1632
-49
992
392
-156
132
-29
-912
-656
1056
1696
-280
-2112
-944
1568
1760
-408
-1504
-440
688
376
-17
344
204
-944
-1056
688
1952
392
-1952
-1504
976
1888
164
-1248
-656
360
248
1
528
528
-816
-1504
140
1984
1056
-1504
-1888
328
1760
624
-912
-720
118
55
-118
592
912
-488
-1760
-488
1824
1632
-912
-1984
-296
1504
944
-496
-624
-17
-140
-344
528
1248
-23
-1760
-1056
1376
1984
-220
-1952
-848
1056
1056
-164
-456
-19
-264
-624
312
1440
528
-1568
-1632
784
2112
456
-1632
-1184
592
992
86
-236
106
-280
-912
-61
1504
1056
-1184
-1984
90
1984
992
-1184
-1376
156
848
204
-33
312
-164
-1120
-528
1376
1632
-624
-2112
-592
1696
1440
-624
-1376
-204
560
180
74
560
106
-1184
-992
992
1952
45
-1984
-1184
1184
1696
-102
-1184
-424
296
37
57
752
488
-1056
-1504
472
1984
752
-1696
-1696
624
1696
344
-880
-488
98
-164
-98
848
912
-784
-1824
-172
1984
1376
-1184
-1888
5
1440
656
-528
-408
1
-360
-360
784
1312
-312
-1952
-848
1632
