1651 2 0 0 0
1
1984
1376
-1056
-2112
-344
1824
1568
-720
-1984
-624
1504
1568
-344
-1760
-816
1056
1440
-41
-1312
-816
656
1120
148
-912
-688
312
752
196
-440
-392
82
264
78
-51
17
-5
-204
-188
228
488
66
-624
-560
344
976
280
-912
-992
312
1376
624
-1056
-1440
132
1632
992
-1056
-1824
-164
1824
1376
-880
-1984
-496
1760
1760
-592
-2112
-880
1568
1952
-236
-1984
-1184
1248
1984
118
-1888
-1312
880
1888
408
-1504
-1376
496
1568
560
-1056
-1184
180
1184
592
-656
-944
-25
752
472
-296
-496
-82
280
180
-43
-33
21
-122
-228
59
440
264
-408
-688
1
848
624
-528
-1120
-212
1120
1056
-496
-1568
-528
1312
1504
-344
-1824
-912
1248
1888
-51
-1952
-1312
1120
1984
296
-1888
-1632
816
2112
656
-1696
-1824
456
1984
944
-1376
-1824
102
1824
1120
-992
-1696
-196
1440
1120
-592
-1440
-376
992
992
-264
-992
-408
592
688
-53
-528
-264
220
264
15
-82
5
-45
-204
-74
328
408
-156
-688
-312
624
848
-114
-1056
-656
752
1312
86
-1376
-1056
752
1696
392
-1504
-1504
560
1952
752
-1504
-1824
280
1984
1120
-1312
-1984
-66
1984
1440
-992
-2112
-424
1824
1632
-656
-1984
-688
1440
1632
-296
-1760
-880
1056
1504
5
-1376
-912
656
1184
196
-944
-752
312
816
236
-488
-456
82
328
118
-94
-43
1
-140
-148
180
424
74
-560
-528
296
912
296
-848
-976
264
1312
624
-992
-1440
82
1568
992
-976
-1824
-220
1760
1440
-816
-1984
-560
1696
1760
-496
-2112
-944
1504
1984
-172
-1984
-1248
1184
1984
180
-1824
-1376
848
1888
472
-1504
-1440
456
1632
624
-1056
-1248
140
1248
656
-656
-992
-57
784
528
-296
-560
-110
328
236
-59
-102
1
-66
-172
37
376
248
-344
-624
-25
784
624
-488
-1056
-236
1056
1056
-456
-1504
-560
1248
1504
-280
-1760
-944
1184
1824
11
-1888
-1312
992
1984
360
-1888
-1632
752
2112
720
-1696
-1824
392
1984
992
-1312
-1888
43
1824
1184
-976
-1760
-248
1504
1184
-560
-1440
-424
1056
1056
-248
-1056
-456
624
752
-35
-592
-328
244
344
29
-140
-43
-13
-132
-62
264
344
-124
-592
-312
560
816
-74
-992
-656
688
1248
124
-1312
-1056
688
1632
440
-1440
-1504
496
1952
816
-1440
-1824
212
1984
1184
-1248
-1984
-132
1984
1504
-976
-2112
-488
1760
1696
-592
-1984
-784
1440
1696
-244
-1760
-944
1056
1568
55
-1376
-976
656
1248
244
-976
-816
296
880
280
-496
-496
78
392
156
-132
-110
1
-74
-114
132
360
82
-488
-496
248
848
312
-784
-944
220
1248
656
-944
-1376
29
1568
1056
-912
-1760
-264
1696
1440
-752
-1984
-624
1632
1824
-456
-2112
-992
1440
1984
-102
-1984
-1312
1120
1984
248
-1824
-1440
784
1952
528
-1504
-1504
424
1696
720
-1056
-1376
106
1248
720
-656
-1056
-94
1
1984
1376
-1056
-1984
-312
1824
1504
-752
-1952
-560
1504
1504
-424
-1696
-688
1056
1312
-132
-1248
-656
656
976
45
-752
-488
296
496
82
-264
-164
35
1
-35
164
264
-82
-496
-296
488
752
-45
-976
-656
656
1248
132
-1312
-1056
688
1696
424
-1504
-1504
560
1952
752
-1504
-1824
312
1984
1056
-1376
-1984
1
1984
1376
-1056
-1984
-312
1824
1504
-752
-1952
-560
1504
1504
-424
-1696
-688
1056
1312
-132
-1248
-656
656
976
45
-752
-488
296
496
82
-264
-164
35
1
-35
164
264
-82
-496
-296
488
752
-45
-976
-656
656
1248
132
-1312
-1056
688
1696
424
-1504
-1504
560
1952
752
-1504
-1824
312
1984
1056
-1376
-1984
1
1984
1376
-1056
-1984
-312
1824
1504
-752
-1952
-560
1504
1504
-424
-1696
-688
1056
1312
-132
-1248
-656
656
976
45
-752
-488
296
496
82
-264
-164
35
1
-35
164
264
-82
-496
-296
488
752
-45
-976
-656
656
1248
132
-1312
-1056
688
1696
424
-1504
-1504
560
1952
752
-1504
-1824
312
1984
1056
-1376
-1984
1
1984
1376
-1056
-1984
-312
1824
1504
-752
-1952
-560
1504
1504
-424
-1696
-688
1056
1312
-132
-1248
-656
656
976
45
-752
-488
296
496
82
-264
-164
35
1
-35
164
264
-82
-496
-296
488
752
-45
-976
-656
656
1248
132
-1312
-1056
688
1696
424
-1504
-1504
560
1952
752
-1504
-1824
312
1984
1056
-1376
-1984
1
1984
1376
-1056
-1984
-312
1824
1504
-752
-1952
-560
1504
1504
-424
-1696
-688
1056
1312
-132
-1248
-656
656
976
45
-752
-488
296
496
82
-264
-164
35
1
-35
164
264
-82
-496
-296
488
752
-45
-976
-656
656
1248
132
-1312
-1056
688
1696
424
-1504
-1504
560
1952
752
-1504
-1824
312
1984
1056
-1376
-1984
1
1984
1376
-1056
-1984
-312
1824
1504
-752
-1952
-560
1504
1504
-424
-1696
-688
1056
1312
-132
-1248
-656
656
976
45
-752
-488
296
496
82
-264
-164
35
1
-35
164
264
-82
-496
-296
488
752
-45
-976
-656
656
1248
132
-1312
-1056
688
1696
424
-1504
-1504
560
1952
752
-1504
-1824
312
1984
1056
-1376
-1984
1
1984
1376
-1056
-1984
-312
1824
1504
-752
-1952
-560
1504
1504
-424
-1696
-688
1056
1312
-132
-1248
-656
656
976
45
-752
-488
296
496
82
-264
-164
35
1
-35
164
264
-82
-496
-296
488
752
-45
-976
-656
656
1248
132
-1312
-1056
688
1696
424
-1504
-1504
560
1952
752
-1504
-1824
312
1984
1056
-1376
-1984
1
1984
1376
-1056
-1984
-312
1824
1504
-752
-1952
-560
1504
1504
-424
-1696
-688
1056
1312
-132
-1248
-656
656
976
45
-752
-488
296
496
82
-264
-164
35
1
-35
164
264
-82
-496
-296
488
752
-45
-976
-656
656
1248
132
-1312
-1056
688
1696
424
-1504
-1504
560
1952
752
-1504
-1824
312
1984
1056
-1376
-1984
