1651 2 0 0 0
1
1984
1504
-784
-1984
-752
1248
1632
23
-1312
-944
408
976
312
-408
-376
-5
1
-140
132
592
328
-656
-1056
-61
1312
1184
-560
-1824
-848
1312
1952
132
-1952
-1632
688
2112
944
-1312
-1888
-140
1568
1184
-440
-1312
-528
624
752
57
-360
-164
1
-188
-180
360
720
106
-992
-992
392
1568
848
-1120
-1888
-248
1824
1696
-560
-2112
-1056
1248
1984
280
-1696
-1504
424
1568
752
-784
-1120
-148
688
496
-94
-220
-9
-102
-360
-98
624
784
-236
-1248
-784
912
1696
344
-1632
-1696
408
1984
1184
-1184
-2112
-440
1760
1696
-344
-1824
-992
880
1440
280
-944
-848
132
592
248
-122
-29
39
-296
-488
114
912
656
-656
-1440
-392
1376
1568
-248
-1952
-1248
1056
2112
560
-1696
-1888
248
1952
1184
-912
-1760
-456
1120
1184
-122
-976
-496
296
440
70
-29
140
-31
-528
-488
424
1056
392
-1056
-1376
124
1760
1248
-880
-1984
-688
1632
1952
-122
-1984
-1376
880
1952
624
-1312
-1504
61
1248
816
-424
-816
-228
312
228
1
140
244
-220
-720
-344
784
1120
-13
-1440
-1184
688
1952
752
-1440
-1952
-11
1984
1568
-784
-2112
-816
1376
1760
37
-1504
-1056
488
1184
424
-560
-592
-15
236
39
49
344
228
-488
-848
-57
1120
1056
-496
-1696
-784
1248
1888
140
-1888
-1632
688
2112
976
-1376
-1952
-164
1696
1312
-488
-1504
-624
752
976
82
-560
-360
74
62
-62
212
496
82
-784
-848
328
1376
784
-992
-1760
-248
1760
1632
-528
-2112
-1056
1312
1984
312
-1760
-1568
440
1760
848
-880
-1312
-196
880
688
-148
-456
-140
41
-124
-57
440
592
-188
-1056
-688
784
1504
328
-1504
-1568
376
1984
1184
-1184
-2112
-456
1760
1760
-360
-1952
-1056
944
1632
344
-1120
-992
164
848
392
-248
-264
-17
-94
-264
74
688
528
-528
-1184
-360
1184
1440
-236
-1824
-1184
992
2112
560
-1696
-1888
244
1984
1248
-944
-1888
-496
1248
1312
-132
-1120
-656
408
656
140
-220
-78
-7
-296
-328
312
880
328
-944
-1248
102
1568
1184
-816
-1984
-688
1568
1952
-110
-1984
-1440
912
1984
688
-1376
-1632
59
1440
944
-496
-1056
-312
496
456
-5
-90
70
-118
-496
-248
624
976
-3
-1248
-1056
624
1824
720
-1376
-1888
-23
1984
1568
-784
-2112
-848
1440
1888
51
-1632
-1184
528
1376
496
-720
-816
-29
456
228
-35
94
124
-328
-624
-51
944
912
-440
-1504
-752
1120
1824
148
-1824
-1632
656
2112
992
-1376
-1984
-188
1760
1440
-528
-1696
-720
880
1184
114
-784
-528
140
312
55
53
264
59
-592
-688
264
1184
688
-912
-1632
-244
1632
1568
-496
-1984
-1056
1248
2112
328
-1824
-1696
456
1888
944
-976
-1504
-236
1056
880
-196
-688
-280
180
122
-13
228
392
-132
-848
-560
656
1312
296
-1376
-1504
344
1952
1120
-1120
-2112
-472
1760
1
1984
1504
-816
-1984
-720
1312
1568
-23
-1312
-848
424
880
244
-344
-248
1
-132
-236
228
752
328
-816
-1184
66
1504
1120
-784
-1952
-656
1568
1952
-132
-1984
-1376
944
1984
624
-1440
-1568
124
1440
880
-528
-992
-244
472
360
-17
1
132
-196
-624
-236
784
992
-148
-1440
-992
880
1888
528
-1632
-1824
264
1984
1312
-1056
-1984
-496
1568
1568
-244
-1568
-880
656
1056
228
-592
-472
53
124
-45
148
488
156
-720
-912
212
1376
880
-912
-1824
-408
1632
1760
-392
-2112
-1184
1184
1984
408
-1696
-1568
360
1632
848
-784
-1184
-188
720
528
-102
-264
-31
-86
-344
-90
624
752
-264
-1248
-752
976
1696
264
-1696
-1632
496
2112
1056
-1312
-1984
-264
1760
1568
-496
-1760
-816
944
1248
132
-880
-624
164
392
94
7
212
43
-560
-624
296
1184
624
-976
-1568
-148
1696
1504
-624
-2112
-976
1376
1984
148
-1888
-1504
624
1824
752
-1056
-1376
-66
992
688
-248
-528
-140
82
-78
-9
456
496
-312
-1056
-496
976
1440
35
-1696
-1376
752
1984
848
-1504
-1984
-11
1952
1440
-752
-1952
-688
1184
1440
-11
-1120
-720
344
656
164
-188
-47
-1
-344
-392
312
976
392
-976
-1312
66
1632
1248
-848
-1984
-688
1568
1952
-122
-1984
-1376
912
1952
592
-1312
-1440
110
1248
752
-456
-784
-180
296
164
-1
220
280
-296
-816
-296
944
1184
-156
-1568
-1120
912
1984
560
-1632
-1888
248
1984
1312
-992
-1984
-496
1440
1504
-212
-1376
-752
560
912
180
-424
-264
15
-90
-180
264
688
204
-880
-1056
236
1504
992
-976
-1888
-440
1696
1824
-392
-2112
-1184
1120
1984
392
-1568
-1504
328
1504
752
-688
-992
-156
528
376
-53
-41
90
-212
-560
-124
816
944
-296
-1440
-848
992
1824
296
-1760
-1696
496
2112
1056
-1248
-1984
-280
1696
1504
-456
-1632
-720
816
1120
118
-688
-456
106
180
-13
148
424
66
-752
-784
344
1376
720
-1056
-1696
-172
1760
1568
-624
-2112
-992
1376
1984
156
-1824
-1440
560
1696
688
-944
-1184
-62
816
528
-172
-312
-45
-66
-280
-21
656
656
-376
-1248
-592
1056
1632
51
-1760
-1440
752
2112
848
-1504
-1984
-23
1888
1440
-720
-1824
-624
1056
1248
-3
-976
-592
248
456
90
-23
156
-5
-528
-528
392
1120
472
-1056
-1504
62
1760
1312
-848
-2112
-720
1568
1952
-110
-1984
-1376
848
1888
560
-1184
-1312
86
1056
624
-344
-560
-118
124
-33
19
424
424
-392
-992
-360
1056
1376
-164
-1696
-1184
944
1984
592
-1696
-1888
244
1984
1248
-992
-1952
-488
1312
1376
-180
-1184
-656
456
688
124
-244
-82
-15
-312
-312
376
912
248
-992
-1184
248
1696
1056
-992
-1984
-456
1760
1824
-376
-2112
-1184
1120
1952
392
-1504
-1376
280
1312
656
-560
-816
-122
360
196
-3
180
212
-328
-784
-172
