1651 2 0 0 0
1
1984
944
-1184
-1056
248
360
-27
560
720
-848
-1696
212
2112
848
-1632
-1376
560
992
59
-78
244
-592
-1184
344
1952
624
-1824
-1504
944
1568
-1
-784
-148
-140
-560
344
1504
360
-1888
-1376
1184
1888
-180
-1376
-392
424
23
188
944
132
-1632
-1120
1376
1952
-424
-1888
-472
992
528
-124
244
-1
-1120
-752
1376
1760
-656
-2112
-392
1568
880
-528
-440
-1
-496
-392
1120
1376
-784
-2112
-204
1952
1056
-992
-992
140
196
-90
656
880
-784
-1824
11
2112
992
-1440
-1440
408
912
82
70
376
-592
-1376
196
1984
848
-1696
-1632
720
1504
102
-592
-82
-236
-752
264
1632
560
-1824
-1568
992
1888
-11
-1248
-408
264
-114
196
1056
280
-1632
-1312
1248
1984
-220
-1760
-560
848
456
-35
408
82
-1248
-944
1248
1888
-456
-1984
-560
1376
912
-392
-296
1
-656
-528
1120
1568
-624
-2112
-408
1824
1120
-816
-944
59
33
-180
752
1056
-688
-1952
-188
1984
1120
-1248
-1376
248
752
74
212
528
-592
-1504
21
1984
992
-1568
-1696
528
1376
180
-440
11
-296
-944
156
1760
752
-1696
-1696
848
1824
132
-1056
-392
132
-264
164
1248
472
-1632
-1504
1056
1984
-25
-1632
-624
656
360
23
560
196
-1312
-1120
1184
1984
-248
-1984
-688
1184
880
-264
-148
29
-784
-720
1056
1696
-456
-2112
-592
1632
1184
-624
-816
5
-124
-296
816
1248
-560
-1984
-392
1952
1312
-1056
-1376
124
592
35
328
688
-528
-1632
-164
1984
1184
-1376
-1696
360
1248
228
-264
132
-344
-1056
27
1824
976
-1568
-1824
624
1760
248
-912
-344
21
-440
114
1376
656
-1568
-1632
880
1984
156
-1504
-656
496
236
53
720
328
-1312
-1312
992
1984
-41
-1952
-816
992
816
-156
15
94
-912
-912
992
1888
-248
-2112
-784
1504
1184
-488
-688
-15
-280
-440
816
1440
-424
-1984
-592
1824
1376
-848
-1248
19
424
-33
424
880
-472
-1760
-360
1952
1376
-1184
-1696
188
1056
244
-122
264
-344
-1248
-124
1824
1120
-1440
-1888
440
1696
360
-752
-264
-62
-592
25
1440
848
-1504
-1824
688
1984
312
-1312
-656
344
90
51
880
488
-1376
-1504
880
2112
156
-1824
-912
848
720
-70
180
188
-976
-1056
944
1984
-55
-1984
-944
1312
1184
-328
-528
-5
-424
-592
816
1568
-248
-2112
-816
1696
1440
-656
-1184
-57
248
-124
488
1056
-360
-1888
-560
1888
1504
-992
-1696
37
944
228
7
424
-312
-1376
-296
1824
1312
-1248
-1952
244
1568
424
-560
-164
-122
-752
-90
1504
992
-1376
-1952
488
1952
456
-1120
-624
220
-62
15
992
656
-1312
-1696
688
2112
344
-1696
-944
656
592
-19
344
296
-992
-1248
816
1984
148
-1984
-1056
1120
1120
-196
-376
33
-528
-752
752
1760
-62
-2112
-976
1504
1504
-488
-1056
-102
94
-248
528
1184
-228
-1952
-784
1760
1
1984
912
-1184
-1056
248
312
-33
624
720
-944
-1760
312
2112
720
-1632
-1248
592
880
9
82
296
-752
-1248
528
1984
424
-1952
-1312
992
1312
-124
-528
-9
-392
-752
592
1696
102
-1984
-1120
1440
1568
-408
-1120
-140
124
-244
488
1184
-164
-1952
-816
1760
1632
-784
-1568
-94
720
140
172
656
-296
-1568
-472
1824
1440
-1120
-1888
122
1248
360
-280
114
-248
-1056
-156
1760
1120
-1440
-1888
440
1760
376
-848
-344
-11
-496
47
1376
784
-1568
-1760
784
1984
228
-1376
-624
376
78
82
912
408
-1440
-1440
1056
1984
-45
-1824
-720
880
560
-66
312
122
-1120
-992
1184
1952
-360
-2112
-624
1376
944
-392
-312
1
-656
-560
1120
1568
-656
-2112
-376
1824
1056
-816
-848
62
-78
-204
880
1120
-816
-1984
-62
1984
992
-1248
-1248
296
528
5
424
624
-816
-1632
236
2112
784
-1696
-1440
656
1056
35
-140
188
-592
-1120
440
1952
488
-1952
-1376
1056
1504
-114
-752
-102
-196
-592
488
1568
148
-1984
-1184
1440
1696
-408
-1312
-220
328
-94
344
1056
-102
-1824
-848
1696
1696
-752
-1760
-148
912
280
13
472
-220
-1440
-488
1760
1504
-1120
-1952
78
1440
472
-456
-74
-148
-912
-172
1568
1120
-1376
-1952
392
1888
472
-992
-496
102
-296
13
1184
752
-1440
-1760
720
2112
296
-1504
-784
496
296
31
688
376
-1312
-1376
976
2112
15
-1952
-848
992
784
-132
74
106
-976
-944
1056
1888
-296
-2112
-688
1440
1056
-456
-528
1
-456
-488
976
1504
-560
-2112
-440
1888
1184
-880
-1056
74
148
-132
688
992
-720
-1952
-124
1984
1056
-1312
-1376
312
752
61
220
496
-656
-1504
172
1984
848
-1696
-1568
688
1312
74
-360
70
-424
-976
360
1824
528
-1888
-1440
1056
1696
-90
-976
-204
-11
-424
376
1376
196
-1888
-1184
1376
1824
-392
-1504
-296
496
66
212
880
-53
-1696
-880
1632
1760
-720
-1888
-212
1056
424
-132
264
-148
-1248
-496
1632
1504
-1056
-1984
25
1632
592
-592
-264
-62
-688
-180
1440
1120
-1248
-1984
344
1984
560
-1120
-688
204
-70
-5
992
720
-1312
-1696
656
2112
376
-1632
-912
592
496
-5
472
328
-1120
-1312
880
1984
78
-1984
-944
1056
976
-188
-156
74
-752
-848
976
1824
-236
-2112
-784
1504
1248
-496
-752
-15
-228
-392
816
1376
-488
-1984
-496
1888
1312
-944
-1248
74
376
-51
496
880
-592
-1824
-180
1984
1184
-1312
-1568
328
976
124
9
360
-528
-1376
106
1984
912
-1696
-1632
688
1504
122
-560
-59
-264
-816
280
1696
560
-1824
-1504
1056
1824
-55
-1120
-312
164
-244
280
1248
228
-1760
-1248
1376
1952
-360
-1632
-392
688
244
90
656
-9
-1504
-880
1504
1824
-688
-1984
-280
1248
560
-264
62
-90
-992
-488
1504
1504
-992
-1984
-31
1760
720
-752
-472
13
-472
-180
