1651 2 0 0 0
1
1984
816
-1504
-1120
656
912
-70
-172
62
-560
-624
816
1440
-472
-1984
-328
1984
1120
-1440
-1504
560
1184
25
-488
-45
-236
-496
496
1312
-164
-1888
-624
1888
1440
-1248
-1824
392
1504
220
-752
-248
29
-296
248
1056
86
-1632
-880
1632
1696
-992
-1984
132
1696
488
-976
-528
220
-17
82
816
248
-1376
-992
1312
1824
-688
-2112
-180
1824
816
-1056
-848
312
312
1
488
312
-992
-1056
976
1888
-344
-2112
-496
1824
1120
-1056
-1184
296
656
29
140
264
-688
-992
624
1760
-19
-1984
-848
1760
1440
-976
-1504
180
976
156
-172
132
-376
-880
344
1632
264
-1888
-1120
1568
1760
-752
-1760
-29
1184
376
-424
-94
-132
-624
114
1376
496
-1632
-1312
1312
1952
-488
-1984
-312
1376
656
-592
-392
21
-328
-35
1056
624
-1312
-1440
976
1984
-172
-1984
-624
1504
992
-656
-720
82
1
-82
720
656
-992
-1504
624
1984
172
-1984
-976
1440
1312
-624
-1056
35
328
-21
392
592
-656
-1376
312
1984
488
-1952
-1312
1312
1632
-496
-1376
-114
624
132
94
424
-376
-1184
29
1760
752
-1760
-1568
1120
1888
-264
-1632
-344
880
376
-132
172
-156
-976
-180
1504
976
-1440
-1760
848
1984
19
-1760
-624
992
688
-264
-140
-29
-656
-296
1184
1056
-1120
-1824
496
2112
344
-1888
-976
1056
992
-312
-488
-1
-312
-312
848
1056
-816
-1824
180
2112
688
-1824
-1312
992
1376
-248
-816
-82
17
-220
528
976
-488
-1696
-132
1984
992
-1696
-1632
880
1632
-86
-1056
-248
296
-29
248
752
-220
-1504
-392
1824
1248
-1440
-1888
624
1888
164
-1312
-496
496
236
45
488
-25
-1184
-560
1504
1440
-1120
-1984
328
1984
472
-1440
-816
624
560
-62
172
70
-912
-656
1120
1504
-816
-1984
1
1984
816
-1504
-1120
656
912
-70
-172
62
-560
-624
816
1440
-472
-1984
-328
1984
1120
-1440
-1504
560
1184
25
-488
-45
-236
-496
496
1312
-164
-1888
-624
1888
1440
-1248
-1824
392
1504
220
-752
-248
29
-296
248
1056
86
-1632
-880
1632
1696
-992
-1984
132
1696
488
-976
-528
220
-17
82
816
248
-1376
-992
1312
1824
-688
-2112
-180
1824
816
-1056
-848
312
312
1
488
312
-992
-1056
976
1888
-344
-2112
-496
1824
1120
-1056
-1184
296
656
29
140
264
-688
-992
624
1760
-19
-1984
-848
1760
1440
-976
-1504
180
976
156
-172
132
-376
-880
344
1632
264
-1888
-1120
1568
1760
-752
-1760
-29
1184
376
-424
-94
-132
-624
114
1376
496
-1632
-1312
1312
1952
-488
-1984
-312
1376
656
-592
-392
21
-328
-35
1056
624
-1312
-1440
976
1984
-172
-1984
-624
1504
992
-656
-720
82
1
-82
720
656
-992
-1504
624
1984
172
-1984
-976
1440
1312
-624
-1056
35
328
-21
392
592
-656
-1376
312
1984
488
-1952
-1312
1312
1632
-496
-1376
-114
1
1984
784
-1504
-1120
656
848
-78
-102
74
-624
-656
944
1504
-592
-1984
-204
1984
992
-1440
-1312
624
992
-43
-296
35
-440
-592
720
1440
-392
-1984
-392
1984
1184
-1376
-1504
560
1248
29
-488
-41
-248
-528
528
1312
-204
-1952
-560
1888
1376
-1312
-1696
472
1376
132
-656
-148
-82
-424
376
1184
-43
-1824
-752
1760
1504
-1184
-1888
328
1568
264
-816
-296
62
-264
236
1056
94
-1632
-880
1632
1632
-992
-1984
172
1696
440
-944
-456
180
-102
124
912
204
-1440
-976
1440
1760
-848
-1984
-11
1760
624
-992
-624
248
82
47
720
264
-1248
-1056
1248
1824
-656
-2112
-204
1824
816
-1056
-848
296
280
5
496
312
-1056
-1056
1056
1888
-440
-2112
-408
1888
992
-1056
-1056
312
488
1
312
312
-880
-1056
848
1824
-244
-2112
-592
1824
1184
-1056
-1248
280
688
37
118
264
-688
-992
656
1824
-43
-2112
-816
1760
1440
-992
-1440
220
880
110
-70
196
-488
-944
472
1696
140
-1984
-992
1696
1568
-912
-1632
114
1056
220
-244
86
-312
-848
296
1568
296
-1888
-1120
1568
1760
-752
-1760
-17
1184
344
-392
-55
-172
-688
156
1440
440
-1760
-1248
1376
1888
-592
-1888
-180
1312
496
-496
-220
-57
-496
45
1248
528
-1568
-1376
1184
1984
-424
-1984
-360
1440
688
-592
-408
25
-328
-33
1056
624
-1376
-1440
992
1984
-236
-1984
-560
1504
912
-656
-592
70
-132
-74
880
656
-1120
-1504
816
1984
-33
-1984
-752
1504
1056
-656
-816
82
66
-78
656
656
-976
-1504
624
1984
172
-1984
-976
1504
1312
-624
-992
51
264
-45
472
624
-752
-1440
424
1984
360
-1984
-1120
1440
1504
-560
-1184
-13
456
25
280
528
-560
-1376
236
1952
528
-1952
-1312
1312
1696
-488
-1376
-118
624
132
110
440
-408
-1248
66
1824
720
-1824
-1504
1184
1824
-344
-1504
-248
784
264
-41
296
-248
-1056
-74
1696
848
-1632
-1632
1056
1952
-196
-1696
-408
912
424
-164
132
-140
-944
-188
1504
976
-1504
-1760
880
1984
-17
-1760
-592
992
592
-248
-51
-59
-752
-264
1312
992
-1248
-1824
688
2112
172
-1824
-784
1056
816
-296
-248
-9
-560
-312
1120
1056
-1056
-1824
488
2112
376
-1888
-992
1056
992
-312
-456
1
-344
-312
912
1056
-880
-1824
264
2112
560
-1824
-1184
1056
1184
-296
-656
-29
-148
-280
720
992
-688
-1824
74
2112
784
-1760
-1376
992
1376
-236
-848
-94
43
-212
496
976
-496
-1696
-110
1984
976
-1696
-1568
912
1568
-132
-992
-196
220
-106
344
848
-328
-1632
-280
1888
1120
-1568
-1760
784
1760
-5
-1184
-328
376
29
196
720
-180
-1440
-424
1760
1248
-1440
-1888
624
1888
148
-1312
-488
496
196
74
528
-62
-1312
-528
1568
1376
-1248
-1984
456
1984
328
-1376
-656
592
376
-13
360
21
-1120
-624
1376
1440
-1056
-1984
