1651 2 0 0 0
1
1952
1696
-496
-1984
-1248
976
1984
784
-1312
-1888
-280
1568
1568
-172
-1568
-1120
528
1504
720
-752
-1248
-344
816
944
45
-720
-592
124
528
296
-156
-264
-74
49
-19
-21
172
264
-19
-472
-440
204
784
488
-496
-992
-376
848
1184
132
-1248
-1248
236
1568
1120
-688
-1824
-880
1120
1952
488
-1568
-1888
1
1952
1632
-496
-2112
-1248
992
2112
816
-1440
-1984
-312
1760
1760
-196
-1888
-1376
624
1824
912
-976
-1632
-472
1120
1312
66
-1120
-992
228
992
624
-376
-784
-296
392
496
82
-264
-204
5
31
-47
47
248
196
-236
-528
-220
496
784
90
-848
-912
172
1184
912
-528
-1504
-720
976
1632
424
-1376
-1696
1
1760
1504
-488
-1984
-1248
992
2112
816
-1440
-1984
-312
1824
1888
-212
-1984
-1504
688
1984
992
-1056
-1952
-560
1376
1696
86
-1504
-1312
296
1440
912
-560
-1248
-496
688
992
180
-688
-656
31
528
344
-110
-280
-102
45
-7
-35
140
280
39
-424
-488
98
752
560
-360
-992
-528
720
1248
328
-1120
-1376
1
1504
1312
-424
-1760
-1120
912
1952
752
-1376
-1984
-296
1760
1824
-212
-1984
-1504
720
2112
1056
-1184
-2112
-592
1568
1888
98
-1760
-1568
360
1760
1120
-752
-1696
-688
976
1440
264
-1056
-1056
57
992
720
-248
-816
-392
312
528
148
-244
-228
-13
39
-43
21
236
228
-164
-528
-296
424
784
220
-752
-976
1
1120
992
-344
-1440
-912
752
1696
656
-1184
-1760
-280
1632
1696
-196
-1952
-1440
720
2112
1056
-1184
-2112
-624
1632
1984
106
-1888
-1696
408
1984
1248
-848
-1952
-816
1184
1760
344
-1376
-1440
78
1376
1056
-392
-1248
-656
560
992
312
-592
-720
-66
496
408
-57
-280
-132
39
3
-43
114
280
94
-376
-496
1
688
656
-228
-992
-656
560
1248
496
-976
-1440
-228
1376
1440
-172
-1696
-1312
624
1952
992
-1120
-1984
-592
1568
1984
106
-1888
-1760
424
2112
1376
-912
-2112
-912
1312
1984
392
-1568
-1696
94
1696
1312
-496
-1632
-912
784
1440
472
-944
-1184
-114
944
816
-132
-784
-488
244
528
212
-212
-248
-37
45
-33
1
212
248
-102
-496
-360
328
816
344
-656
-992
-164
992
1120
-132
-1376
-1056
528
1632
880
-992
-1824
-528
1440
1824
98
-1824
-1696
408
1984
1376
-912
-2112
-944
1376
2112
424
-1696
-1888
102
1952
1504
-560
-1952
-1056
976
1824
592
-1184
-1568
-156
1312
1184
-204
-1248
-816
440
992
456
-496
-752
-164
456
456
1
-280
-164
27
15
-47
82
264
140
-312
-528
-98
624
720
-90
-976
-784
392
1248
688
-784
-1440
-456
1184
1568
86
-1568
-1504
376
1888
1248
-880
-1984
-880
1312
1984
424
-1760
-1952
106
1984
1568
-624
-2112
-1184
1056
1984
688
-1376
-1824
-188
1568
1504
-248
-1632
-1056
592
1504
656
-784
-1248
-280
848
912
1
1952
1632
-528
-1984
-1184
992
1984
688
-1376
-1824
-196
1568
1440
-248
-1568
-992
560
1376
560
-752
-1056
-212
752
720
-35
-560
-392
124
312
114
-57
1
31
-156
-296
-21
472
496
-148
-816
-560
456
1120
488
-848
-1312
-228
1248
1376
-164
-1632
-1248
656
1888
976
-1120
-1984
-528
1632
1952
11
-1952
-1696
528
2112
1248
-992
-2112
-752
1440
1952
220
-1696
-1568
264
1760
1120
-656
-1632
-688
912
1312
264
-976
-992
43
848
592
-220
-624
-280
228
312
66
-78
1
5
-188
-248
82
496
392
-312
-816
-376
656
1056
196
-1056
-1184
132
1440
1120
-560
-1760
-912
1056
1888
496
-1504
-1888
-23
1888
1632
-496
-2112
-1248
992
2112
784
-1440
-1984
-244
1760
1696
-280
-1888
-1248
720
1824
784
-992
-1568
-328
1120
1184
-47
-1056
-816
296
912
456
-376
-624
-164
296
296
13
-94
1
-19
-204
-204
180
528
248
-472
-784
-156
848
976
-102
-1184
-976
488
1504
816
-944
-1696
-488
1376
1760
33
-1824
-1568
488
1984
1248
-992
-2112
-816
1504
1984
248
-1824
-1760
280
1984
1376
-752
-1952
-880
1120
1760
392
-1312
-1440
47
1312
992
-360
-1184
-624
528
912
264
-528
-592
-37
360
248
-39
-102
1
-45
-212
-132
264
496
110
-592
-720
74
976
784
-392
-1248
-688
816
1504
440
-1248
-1568
-43
1696
1504
-456
-1952
-1184
976
2112
784
-1440
-1984
-264
1824
1824
-280
-1984
-1440
784
1984
976
-1184
-1952
-440
1440
1632
-43
-1504
-1184
424
1440
752
-656
-1184
-360
720
880
62
-624
-496
94
408
204
-90
-106
1
-66
-204
-57
344
456
-47
-688
-592
296
992
560
-656
-1248
-392
1056
1376
47
-1504
-1376
408
1824
1120
-912
-1984
-784
1376
1984
280
-1824
-1824
264
1984
1504
-816
-2112
-992
1248
1984
488
-1568
-1760
37
1696
1376
-472
-1632
-912
784
1440
456
-912
-1120
-94
880
752
-140
-688
-408
220
424
132
-132
-102
1
-86
-188
21
392
376
-204
-720
-440
496
992
312
-912
-1184
-49
1312
1184
-344
-1632
-1056
816
1888
720
-1312
-1952
-280
1760
1760
-248
-1984
-1504
784
2112
992
-1248
-2112
-496
1632
1888
-27
-1824
-1504
496
1824
992
-880
-1696
-528
1056
1376
124
-1120
-992
180
976
592
-344
-720
-264
328
408
61
-172
-94
1
-98
-156
98
424
280
-344
-720
-244
688
944
45
-1056
-992
296
1440
944
-720
-1696
-688
1184
1760
264
-1632
-1696
228
1952
1440
-752
-2112
-992
1248
2112
528
-1696
-1952
15
1952
1568
-528
-1984
-1120
944
1888
624
-1184
-1568
-156
1312
1184
-220
-1248
-784
456
992
408
-496
-720
-124
424
376
-17
-196
-78
1
-106
-114
172
424
156
-472
-656
-39
816
816
-236
-1184
-784
624
1440
592
-1056
-1632
-264
1504
1568
-204
-1888
-1376
720
1984
992
-1248
-2112
-528
1696
