1651 2 0 0 0
1
1984
944
-1184
-1056
248
328
-31
592
720
-912
-1696
248
2112
784
-1632
-1312
592
976
31
1
264
-656
-1248
440
1984
528
-1888
-1376
992
1440
-70
-656
-70
-248
-656
472
1632
244
-1952
-1248
1312
1760
-312
-1248
-248
280
-124
312
1056
1
-1824
-992
1568
1824
-624
-1760
-264
880
312
1
472
-124
-1376
-624
1632
1632
-912
-1984
-118
1440
592
-456
-148
-82
-816
-312
1440
1312
-1120
-1984
132
1888
688
-976
-656
124
-164
-82
1056
912
-1184
-1888
408
2112
624
-1504
-992
472
488
1
488
472
-992
-1504
624
2112
408
-1888
-1184
912
1056
-82
-164
124
-656
-976
688
1888
132
-1984
-1120
1312
1440
-312
-816
-82
-148
-456
592
1440
-118
-1984
-912
1632
1632
-624
-1376
-124
472
1
312
880
-264
-1760
-624
1824
1568
-992
-1824
1
1056
312
-124
280
-248
-1248
-312
1760
1312
-1248
-1952
244
1632
472
-656
-248
-70
-656
-70
1440
992
-1376
-1888
528
1984
440
-1248
-656
264
1
31
976
592
-1312
-1632
784
2112
248
-1696
-912
720
592
-31
328
248
-1056
-1184
944
1984
1
-1984
-944
1184
1056
-248
-328
31
-592
-720
912
1696
-248
-2112
-784
1632
1312
-592
-976
-31
1
-264
656
1248
-440
-1984
-528
1888
1376
-992
-1440
70
656
70
248
656
-472
-1632
-244
1952
1248
-1312
-1760
312
1248
248
-280
124
-312
-1056
1
1824
992
-1568
-1824
624
1760
264
-880
-312
1
-472
124
1376
624
-1632
-1632
912
1984
118
-1440
-592
456
148
82
816
312
-1440
-1312
1120
1984
-132
-1888
-688
976
656
-124
164
82
-1056
-912
1184
1888
-408
-2112
-624
1504
992
-472
-488
1
-488
-472
992
1504
-624
-2112
-408
1888
1184
-912
-1056
82
164
-124
656
976
-688
-1888
-132
1984
1120
-1312
-1440
312
816
82
148
456
-592
-1440
118
1984
912
-1632
-1632
624
1376
124
-472
1
-312
-880
264
1760
624
-1824
-1568
992
1824
1
-1056
-312
124
-280
248
1248
312
-1760
-1312
1248
1952
-244
-1632
-472
656
248
70
656
70
-1440
-992
1376
1888
-528
-1984
-440
1248
656
-264
1
-31
-976
-592
1312
1632
-784
-2112
-248
1696
912
-720
-592
31
-328
-248
1056
1184
-944
-1984
1
1984
944
-1184
-1056
248
328
-31
592
720
-912
-1696
248
2112
784
-1632
-1312
592
976
31
1
264
-656
-1248
440
1984
528
-1888
-1376
992
1440
-70
-656
-70
-248
-656
472
1632
244
-1952
-1248
1312
1760
-312
-1248
-248
280
-124
312
1056
1
-1824
-992
1568
1824
-624
-1760
-264
880
312
1
472
-124
-1376
-624
1632
1632
-912
-1984
-118
1440
592
-456
-148
-82
-816
-312
1440
1312
-1120
-1984
132
1888
688
-976
-656
124
-164
-82
1056
912
-1184
-1888
408
2112
624
-1504
-992
472
488
1
488
472
-992
-1504
624
2112
408
-1888
-1184
912
1056
