1651 2 0 0 0
1
2112
472
-1952
-848
1632
1120
-1184
-1184
784
1120
-392
-912
102
528
25
-132
19
-248
-236
528
560
-688
-992
656
1376
-472
-1760
118
1984
312
-1984
-784
1952
1184
-1632
-1504
1184
1696
-752
-1696
328
1440
19
-1120
-228
752
264
-344
-124
1
-156
220
528
-264
-976
140
1312
140
-1568
-528
1696
992
-1632
-1440
1376
1824
-992
-1984
560
1984
-94
-1888
-312
1632
592
-1184
-688
784
624
-392
-408
106
62
25
328
15
-720
-228
992
560
-1184
-992
1184
1440
-992
-1824
656
1984
-236
-2112
-236
1984
656
-1824
-992
1440
1184
-992
-1184
560
992
-228
-720
15
328
25
62
106
-408
-392
624
784
-688
-1184
592
1632
-312
-1888
-94
1984
560
-1984
-992
1824
1376
-1440
-1632
992
1696
-528
-1568
140
1312
140
-976
-264
528
220
-156
1
-124
-344
264
752
-228
-1120
19
1440
328
-1696
-752
1696
1184
-1504
-1632
1184
1952
-784
-1984
312
1984
118
-1760
-472
1376
656
-992
-688
560
528
-236
-248
19
-132
25
528
102
-912
-392
1120
784
-1184
-1184
1120
1632
-848
-1952
472
2112
1
-2112
-472
1952
848
-1632
-1120
1184
1184
-784
-1120
392
912
-102
-528
-25
132
-19
248
236
-528
-560
688
992
-656
-1376
472
1760
-118
-1984
-312
1984
784
-1952
-1184
1632
1504
-1184
-1696
752
1696
-328
-1440
-19
1120
228
-752
-264
344
124
1
156
-220
-528
264
976
-140
-1312
-140
1568
528
-1696
-992
1632
1440
-1376
-1824
992
1984
-560
-1984
94
1888
312
-1632
-592
1184
688
-784
-624
392
408
-106
-62
-25
-328
-15
720
228
-992
-560
1184
992
-1184
-1440
992
1824
-656
-1984
236
2112
236
-1984
-656
1824
992
-1440
-1184
992
1184
-560
-992
228
720
-15
-328
-25
-62
-106
408
392
-624
-784
688
1184
-592
-1632
312
1888
94
-1984
-560
1984
992
-1824
-1376
1440
1632
-992
-1696
528
1568
-140
-1312
-140
976
264
-528
-220
156
1
124
344
-264
-752
228
1120
-19
-1440
-328
1696
752
-1696
-1184
1504
1632
-1184
-1952
784
1984
-312
-1984
-118
1760
472
-1376
-656
992
688
-560
-528
236
248
-19
132
-25
-528
-102
912
392
-1120
-784
1184
1184
-1120
-1632
848
1952
-472
-2112
1
2112
472
-1952
-848
1632
1120
-1184
-1184
784
1120
-392
-912
102
528
25
-132
19
-248
-236
528
560
-688
-992
656
1376
-472
-1760
118
1984
312
-1984
-784
1952
1184
-1632
-1504
1184
1696
-752
-1696
328
1440
19
-1120
-228
752
264
-344
-124
1
-156
220
528
-264
-976
140
1312
140
-1568
-528
1696
992
-1632
-1440
1376
1824
-992
-1984
560
1984
-94
-1888
-312
1632
592
-1184
-688
784
624
-392
-408
106
62
25
328
15
-720
-228
992
560
-1184
-992
1184
1440
-992
-1824
656
1984
-236
-2112
-236
1984
656
-1824
-992
1440
1184
-992
-1184
560
992
