1651 2 0 0 0
1
1984
1120
-1120
-1440
98
912
264
-94
244
-106
-992
-592
1248
1632
-488
-2112
-752
1632
1632
-528
-1504
-328
656
312
1
408
156
-992
-1056
784
1952
264
-1984
-1440
1056
1824
78
-1312
-624
392
248
3
496
496
-816
-1440
204
1984
992
-1504
-1888
376
1824
624
-976
-784
140
132
-86
528
848
-472
-1696
-472
1760
1632
-880
-1984
-328
1568
992
-560
-784
-37
1
-248
440
1120
23
-1696
-1120
1248
1984
-132
-1984
-976
1120
1248
-148
-656
-118
-98
-472
204
1248
560
-1440
-1696
624
2112
624
-1696
-1440
560
1248
204
-472
-98
-118
-656
-148
1248
1120
-976
-1984
-132
1984
1248
-1120
-1696
23
1120
440
-248
1
-37
-784
-560
992
1568
-328
-1984
-880
1632
1760
-472
-1696
-472
848
528
-86
132
140
-784
-976
624
1824
376
-1888
-1504
992
1984
204
-1440
-816
496
496
3
248
392
-624
-1312
78
1824
1056
-1440
-1984
264
1952
784
-1056
-992
156
408
1
312
656
-328
-1504
-528
1632
1632
-752
-2112
-488
1632
1248
-592
-992
-106
244
-94
264
912
98
-1440
-1120
1120
1984
1
-1984
-1120
1120
1440
-98
-912
-264
94
-244
106
992
592
-1248
-1632
488
2112
752
-1632
-1632
528
1504
328
-656
-312
1
-408
-156
992
1056
-784
-1952
-264
1984
1440
-1056
-1824
-78
1312
624
-392
-248
-3
-496
-496
816
1440
-204
-1984
-992
1504
1888
-376
-1824
-624
976
784
-140
-132
86
-528
-848
472
1696
472
-1760
-1632
880
1984
328
-1568
-992
560
784
37
1
248
-440
-1120
-23
1696
1120
-1248
-1984
132
1984
976
-1120
-1248
148
656
118
98
472
-204
-1248
-560
1440
1696
-624
-2112
-624
1696
1440
-560
-1248
-204
472
98
118
656
148
-1248
-1120
976
1984
132
-1984
-1248
1120
1696
-23
-1120
-440
248
1
37
784
560
-992
-1568
328
1984
880
-1632
-1760
472
1696
472
-848
-528
86
-132
-140
784
976
-624
-1824
-376
1888
1504
-992
-1984
-204
1440
816
-496
-496
-3
-248
-392
624
1312
-78
-1824
-1056
1440
1984
-264
-1952
-784
1056
992
-156
-408
1
-312
-656
328
1504
528
-1632
-1632
752
2112
488
-1632
-1248
592
992
106
-244
94
-264
-912
-98
1440
1120
-1120
-1984
1
1984
1120
-1120
-1440
98
912
264
-94
244
-106
-992
-592
1248
1632
-488
-2112
-752
1632
1632
-528
-1504
-328
656
312
1
408
156
-992
-1056
784
1952
264
-1984
-1440
1056
1824
78
-1312
-624
392
248
3
496
496
-816
-1440
204
1984
992
-1504
-1888
376
1824
624
-976
-784
140
132
-86
528
848
-472
-1696
-472
1760
1632
-880
-1984
-328
1568
992
-560
-784
-37
1
-248
440
1120
23
-1696
-1120
1248
1984
-132
-1984
-976
1120
1248
-148
-656
-118
-98
-472
204
1248
560
-1440
-1696
624
2112
624
-1696
-1440
560
1248
204
-472
-98
-118
-656
-148
