1651 2 0 0 0
1
1984
992
-1440
-1568
496
1440
220
-848
-408
196
31
33
560
312
-912
-1056
688
1760
122
-1952
-1120
1504
1888
-496
-1984
-472
1504
992
-656
-944
43
392
43
156
408
-296
-1056
-164
1440
992
-1184
-1824
392
2112
656
-1760
-1440
912
1696
1
-1248
-496
560
392
-53
132
82
-656
-624
752
1376
-212
-1888
-752
1696
1632
-912
-1984
-124
1824
944
-1056
-1184
264
816
132
-212
47
-196
-624
61
1184
624
-1248
-1504
720
1984
264
-1984
-1248
1312
1760
-344
-1632
-440
976
656
-280
-296
1
-296
-280
656
976
-440
-1632
-344
1760
1312
-1248
-1984
264
1984
720
-1504
-1248
624
1184
61
-624
-196
47
-212
132
816
264
-1184
-1056
944
1824
-124
-1984
-912
1632
1696
-752
-1888
-212
1376
752
-624
-656
82
132
-53
392
560
-496
-1248
1
1696
912
-1440
-1760
656
2112
392
-1824
-1184
992
1440
-164
-1056
-296
408
156
43
392
43
-944
-656
992
1504
-472
-1984
-496
1888
1504
-1120
-1952
122
1760
688
-1056
-912
312
560
33
31
196
-408
-848
220
1440
496
-1568
-1440
992
1984
1
-1984
-992
1440
1568
-496
-1440
-220
848
408
-196
-31
-33
-560
-312
912
1056
-688
-1760
-122
1952
1120
-1504
-1888
496
1984
472
-1504
-992
656
944
-43
-392
-43
-156
-408
296
1056
164
-1440
-992
1184
1824
-392
-2112
-656
1760
1440
-912
-1696
1
1248
496
-560
-392
53
-132
-82
656
624
-752
-1376
212
1888
752
-1696
-1632
912
1984
124
-1824
-944
1056
1184
-264
-816
-132
212
-47
196
624
-61
-1184
-624
1248
1504
-720
-1984
-264
1984
1248
-1312
-1760
344
1632
440
-976
-656
280
296
1
296
280
-656
-976
440
1632
344
-1760
-1312
1248
1984
-264
-1984
-720
1504
1248
-624
-1184
-61
624
196
-47
212
-132
-816
-264
1184
1056
-944
-1824
124
1984
912
-1632
-1696
752
1888
212
-1376
-752
624
656
-82
-132
53
-392
-560
496
1248
1
-1696
-912
1440
1760
-656
-2112
-392
1824
1184
-992
-1440
164
1056
296
-408
-156
-43
-392
-43
944
656
-992
-1504
472
1984
496
-1888
-1504
1120
1952
-122
-1760
-688
1056
912
-312
-560
-33
-31
-196
408
848
-220
-1440
-496
1568
1440
-992
-1984
1
1984
992
-1440
-1568
496
1440
220
-848
-408
196
31
33
560
312
-912
-1056
688
1760
122
-1952
-1120
1504
1888
-496
-1984
-472
1504
992
-656
-944
43
392
43
156
408
-296
-1056
-164
1440
992
-1184
-1824
392
2112
656
-1760
-1440
912
1696
1
-1248
-496
560
392
-53
132
82
-656
-624
752
1376
-212
-1888
-752
1696
1632
-912
-1984
-124
1824
944
-1056
-1184
264
816
132
-212
47
-196
-624
61
1184
624
-1248
-1504
720
1984
264
-1984
-1248
1312
1760
-344
-1632
-440
976
656
-280
-296
1
-296
-280
656
976
-440
-1632
-344
1760
1312
-1248
-1984
