1651 2 0 0 0
1
1984
1376
-1056
-1984
-328
1824
1504
-752
-1984
-592
1504
1568
-392
-1696
-752
1056
1376
-90
-1312
-752
656
1056
94
-848
-592
312
624
132
-360
-264
66
132
11
49
148
-33
-360
-248
344
624
23
-784
-624
496
1120
228
-1120
-1056
496
1504
528
-1248
-1504
328
1824
912
-1248
-1888
62
1952
1248
-1120
-1984
-264
1952
1568
-848
-2112
-592
1760
1760
-496
-1984
-880
1376
1760
-180
-1824
-992
992
1632
102
-1440
-992
624
1312
264
-976
-848
296
880
296
-528
-528
78
392
156
-124
-94
1
-94
-124
156
392
78
-528
-528
296
880
296
-848
-976
264
1312
624
-992
-1440
102
1632
992
-992
-1824
-180
1760
1376
-880
-1984
-496
1760
1760
-592
-2112
-848
1568
1952
-264
-1984
-1120
1248
1952
62
-1888
-1248
912
1824
328
-1504
-1248
528
1504
496
-1056
-1120
228
1120
496
-624
-784
23
624
344
-248
-360
-33
148
49
11
132
66
-264
-360
132
624
312
-592
-848
94
1056
656
-752
-1312
-90
1376
1056
-752
-1696
-392
1568
1504
-592
-1984
-752
1504
1824
-328
-1984
-1056
1376
1984
1
-1984
-1376
1056
1984
328
-1824
-1504
752
1984
592
-1504
-1568
392
1696
752
-1056
-1376
90
1312
752
-656
-1056
-94
848
592
-312
-624
-132
360
264
-66
-132
-11
-49
-148
33
360
248
-344
-624
-23
784
624
-496
-1120
-228
1120
1056
-496
-1504
-528
1248
1504
-328
-1824
-912
1248
1888
-62
-1952
-1248
1120
1984
264
-1952
-1568
848
2112
592
-1760
-1760
496
1984
880
-1376
-1760
180
1824
992
-992
-1632
-102
1440
992
-624
-1312
-264
976
848
-296
-880
-296
528
528
-78
-392
-156
124
94
1
94
124
-156
-392
-78
528
528
-296
-880
-296
848
976
-264
-1312
-624
992
1440
-102
-1632
-992
992
1824
180
-1760
-1376
880
1984
496
-1760
-1760
592
2112
848
-1568
-1952
264
1984
1120
-1248
-1952
-62
1888
1248
-912
-1824
-328
1504
1248
-528
-1504
-496
1056
1120
-228
-1120
-496
624
784
-23
-624
-344
248
360
33
-148
-49
-11
-132
-66
264
360
-132
-624
-312
592
848
-94
-1056
-656
752
1312
90
-1376
-1056
752
1696
392
-1568
-1504
592
1984
752
-1504
-1824
328
1984
1056
-1376
-1984
1
1984
1376
-1056
-1984
-328
1824
1504
-752
-1984
-592
1504
1568
-392
-1696
-752
1056
1376
-90
-1312
-752
656
1056
94
-848
-592
312
624
132
-360
-264
66
132
11
49
148
-33
-360
-248
344
624
23
-784
-624
496
1120
228
-1120
-1056
496
1504
528
-1248
-1504
328
1824
912
-1248
-1888
62
1952
1248
-1120
-1984
-264
1952
1568
-848
-2112
-592
1760
1760
-496
-1984
-880
1376
1760
-180
-1824
-992
992
1632
102
-1440
-992
624
1312
264
-976
-848
296
880
296
-528
-528
78
392
156
-124
-94
1
-94
-124
156
392
78
-528
-528
296
880
296
-848
