1651 2 0 0 0
1
1984
1504
-784
-1984
-720
1312
1568
1
-1312
-912
424
912
280
-376
-312
1
-62
-188
180
656
328
-720
-1120
1
1376
1184
-688
-1888
-752
1440
1952
1
-1984
-1504
816
2112
784
-1376
-1696
1
1504
1056
-496
-1120
-376
560
560
1
-188
1
-78
-408
-236
560
912
1
-1184
-1056
624
1760
720
-1376
-1888
1
1984
1504
-816
-2112
-816
1440
1824
1
-1632
-1184
592
1376
472
-720
-784
1
440
188
-25
132
124
-376
-688
1
992
912
-528
-1568
-656
1312
1760
1
-1952
-1504
816
2112
816
-1504
-1952
1
1760
1312
-656
-1568
-528
912
992
1
-688
-376
124
132
-25
188
440
1
-784
-720
472
1376
592
-1184
-1632
1
1824
1440
-816
-2112
-816
1504
1984
1
-1888
-1376
720
1760
624
-1056
-1184
1
912
560
-236
-408
-78
1
-188
1
560
560
-376
-1120
-496
1056
1504
1
-1696
-1376
784
2112
816
-1504
-1984
1
1952
1440
-752
-1888
-688
1184
1376
1
-1120
-720
328
656
180
-188
-62
1
-312
-376
280
912
424
-912
-1312
1
1568
1312
-720
-1984
-784
1504
1984
1
-1984
-1504
784
1984
720
-1312
-1568
1
1312
912
-424
-912
-280
376
312
1
62
188
-180
-656
-328
720
1120
1
-1376
-1184
688
1888
752
-1440
-1952
1
1984
1504
-816
-2112
-784
1376
1696
1
-1504
-1056
496
1120
376
-560
-560
1
188
1
78
408
236
-560
-912
1
1184
1056
-624
-1760
-720
1376
1888
1
-1984
-1504
816
2112
816
-1440
-1824
1
1632
1184
-592
-1376
-472
720
784
1
-440
-188
25
-132
-124
376
688
1
-992
-912
528
1568
656
-1312
-1760
1
1952
1504
-816
-2112
-816
1504
1952
1
-1760
-1312
656
1568
528
-912
-992
1
688
376
-124
-132
25
-188
-440
1
784
720
-472
-1376
-592
1184
1632
1
-1824
-1440
816
2112
816
-1504
-1984
1
1888
1376
-720
-1760
-624
1056
1184
1
-912
-560
236
408
78
1
188
1
-560
-560
376
1120
496
-1056
-1504
1
1696
1376
-784
-2112
-816
1504
1984
1
-1952
-1440
752
1888
688
-1184
-1376
1
1120
720
-328
-656
-180
188
62
1
312
376
-280
-912
-424
912
1312
1
-1568
-1312
720
1984
784
-1504
-1984
1
1984
1504
-784
-1984
-720
1312
1568
1
-1312
-912
424
912
280
-376
-312
1
-62
-188
180
656
328
-720
-1120
1
1376
1184
-688
-1888
-752
1440
1952
1
-1984
-1504
816
2112
784
-1376
-1696
1
1504
1056
-496
-1120
-376
560
560
1
-188
1
-78
-408
-236
560
912
1
-1184
-1056
624
1760
720
-1376
-1888
1
1984
1504
-816
-2112
-816
1440
1824
1
-1632
-1184
592
1376
472
-720
-784
1
440
188
-25
132
124
-376
-688
1
992
912
-528
-1568
-656
1312
1760
1
-1952
-1504
816
2112
816
-1504
-1952
1
1760
1312
-656
-1568
-528
912
992
