1651 2 0 0 0
1
2112
848
-1696
-1440
992
1696
-244
-1568
-376
1120
688
-592
-656
148
328
15
62
132
-344
-528
344
992
-17
-1376
-592
1376
1248
-992
-1888
312
2112
528
-1952
-1312
1376
1824
-592
-1952
-204
1696
816
-1120
-1056
496
976
-23
-592
-148
172
1
114
376
-102
-784
-228
1056
784
-976
-1376
528
1888
180
-1952
-992
1632
1696
-944
-1984
98
1984
688
-1632
-1248
944
1376
-248
-1184
-228
784
392
-312
-236
21
-132
-25
496
344
-720
-848
560
1376
-98
-1696
-624
1632
1376
-1184
-1952
440
2112
440
-1952
-1184
1376
1632
-624
-1696
-98
1376
560
-848
-720
344
496
-25
-132
21
-236
-312
392
784
-228
-1184
-248
1376
944
-1248
-1632
688
1984
98
-1984
-944
1696
1632
-992
-1952
180
1888
528
-1376
-976
784
1056
-228
-784
-102
376
114
1
172
-148
-592
-23
976
496
-1056
-1120
816
1696
-204
-1952
-592
1824
1376
-1312
-1952
528
2112
312
-1888
-992
1248
1376
-592
-1376
-17
992
344
-528
-344
132
62
15
328
148
-656
-592
688
1120
-376
-1568
-244
1696
992
-1440
-1696
848
2112
1
-2112
-848
1696
1440
-992
-1696
244
1568
376
-1120
-688
592
656
-148
-328
-15
-62
-132
344
528
-344
-992
17
1376
592
-1376
-1248
992
1888
-312
-2112
-528
1952
1312
-1376
-1824
592
1952
204
-1696
-816
1120
1056
-496
-976
23
592
148
-172
1
-114
-376
102
784
228
-1056
-784
976
1376
-528
-1888
-180
1952
992
-1632
-1696
944
1984
-98
-1984
-688
1632
1248
-944
-1376
248
1184
228
-784
-392
312
236
-21
132
25
-496
-344
720
848
-560
-1376
98
1696
624
-1632
-1376
1184
1952
-440
-2112
-440
1952
1184
-1376
-1632
624
1696
98
-1376
-560
848
720
-344
-496
25
132
-21
236
312
-392
-784
228
1184
248
-1376
-944
1248
1632
-688
-1984
-98
1984
944
-1696
-1632
992
1952
-180
-1888
-528
1376
976
-784
-1056
228
784
102
-376
-114
1
-172
148
592
23
-976
-496
1056
1120
-816
-1696
204
1952
592
-1824
-1376
1312
1952
-528
-2112
-312
1888
992
-1248
-1376
592
1376
17
-992
-344
528
344
-132
-62
-15
-328
-148
656
592
-688
-1120
376
1568
244
-1696
-992
1440
1696
-848
-2112
1
2112
848
-1696
-1440
992
1696
-244
-1568
-376
1120
688
-592
-656
148
328
15
62
132
-344
-528
344
992
-17
-1376
-592
1376
1248
-992
-1888
312
2112
528
-1952
-1312
1376
1824
-592
-1952
-204
1696
816
-1120
-1056
496
976
-23
-592
-148
172
1
114
376
-102
-784
-228
1056
784
-976
-1376
528
1888
180
-1952
-992
1632
1696
-944
-1984
98
1984
688
-1632
-1248
944
1376
-248
-1184
-228
784
392
-312
-236
21
-132
-25
496
344
-720
-848
560
1376
-98
-1696
-624
1632
1376
-1184
-1952
440
2112
440
-1952
-1184
1376
1632
-624
-1696
-98
1376
560
-848
