1651 2 0 0 0
1
2112
992
-1568
-1824
656
1984
376
-1824
-1248
1120
1760
-228
-1760
-624
1312
1184
-624
-1376
-86
1184
624
-752
-880
228
816
180
-560
-360
236
312
-13
-132
-13
-53
-132
98
360
59
-528
-392
488
784
-180
-992
-344
992
944
-656
-1376
1
1568
816
-1248
-1504
560
1888
360
-1824
-1248
1184
1952
-264
-2112
-784
1760
1696
-912
-2112
-132
1984
1120
-1440
-1824
496
1984
488
-1696
-1248
976
1696
-106
-1568
-656
1120
1120
-488
-1248
-140
992
560
-560
-720
132
592
156
-344
-220
98
98
1
98
98
-220
-344
156
592
132
-720
-560
560
992
-140
-1248
-488
1120
1120
-656
-1568
-106
1696
976
-1248
-1696
488
1984
496
-1824
-1440
1120
1984
-132
-2112
-912
1696
1760
-784
-2112
-264
1952
1184
-1248
-1824
360
1888
560
-1504
-1248
816
1568
1
-1376
-656
944
992
-344
-992
-180
784
488
-392
-528
59
360
98
-132
-53
-13
-132
-13
312
236
-360
-560
180
816
228
-880
-752
624
1184
-86
-1376
-624
1184
1312
-624
-1760
-228
1760
1120
-1248
-1824
376
1984
656
-1824
-1568
992
2112
1
-2112
-992
1568
1824
-656
-1984
-376
1824
1248
-1120
-1760
228
1760
624
-1312
-1184
624
1376
86
-1184
-624
752
880
-228
-816
-180
560
360
-236
-312
13
132
13
53
132
-98
-360
-59
528
392
-488
-784
180
992
344
-992
-944
656
1376
1
-1568
-816
1248
1504
-560
-1888
-360
1824
1248
-1184
-1952
264
2112
784
-1760
-1696
912
2112
132
-1984
-1120
1440
1824
-496
-1984
-488
1696
1248
-976
-1696
106
1568
656
-1120
-1120
488
1248
140
-992
-560
560
720
-132
-592
-156
344
220
-98
-98
1
-98
-98
220
344
-156
-592
-132
720
560
-560
-992
140
1248
488
-1120
-1120
656
1568
106
-1696
-976
1248
1696
-488
-1984
-496
1824
1440
-1120
-1984
132
2112
912
-1696
-1760
784
2112
264
-1952
-1184
1248
1824
-360
-1888
-560
1504
1248
-816
-1568
1
1376
656
-944
-992
344
992
180
-784
-488
392
528
-59
-360
-98
132
53
13
132
13
-312
-236
360
560
-180
-816
-228
880
752
-624
-1184
86
1376
624
-1184
-1312
624
1760
228
-1760
-1120
1248
1824
-376
-1984
-656
1824
1568
-992
-2112
1
2112
992
-1568
-1824
656
1984
376
-1824
-1248
1120
1760
-228
-1760
-624
1312
1184
-624
-1376
-86
1184
624
-752
-880
228
816
180
-560
-360
236
312
-13
-132
-13
-53
-132
98
360
59
-528
-392
488
784
-180
-992
-344
992
944
-656
-1376
1
1568
816
-1248
-1504
560
1888
360
-1824
-1248
1184
1952
-264
-2112
-784
1760
1696
-912
-2112
-132
1984
1120
-1440
-1824
496
1984
488
-1696
-1248
976
1696
-106
-1568
-656
1120
1120
-488
-1248
-140
992
560
-560
-720
132
592
156
-344
-220
98
98
1
98
98
-220
-344
156
592
132
-720
-560
560
992
