1651 2 0 0 0
1
1984
1312
-992
-1824
-248
1248
880
-344
-624
-106
25
-228
124
848
496
-944
-1440
114
1888
1184
-1184
-2112
-204
1888
1376
-784
-1696
-360
992
784
-196
-408
-39
-148
-456
98
1056
720
-944
-1696
-61
1888
1376
-992
-2112
-392
1760
1440
-592
-1504
-440
816
656
-86
-164
62
-280
-688
31
1184
944
-912
-1824
-248
1888
1568
-848
-2112
-560
1568
1440
-392
-1312
-472
592
488
-21
66
212
-392
-912
-74
1312
1120
-848
-1984
-456
1824
1696
-656
-1984
-720
1376
1440
-220
-1120
-456
392
280
1
280
392
-456
-1120
-220
1440
1376
-720
-1984
-656
1696
1824
-456
-1984
-848
1120
1312
-74
-912
-392
212
66
-21
488
592
-472
-1312
-392
1440
1568
-560
-2112
-848
1568
1888
-248
-1824
-912
944
1184
31
-688
-280
62
-164
-86
656
816
-440
-1504
-592
1440
1760
-392
-2112
-992
1376
1888
-61
-1696
-944
720
1056
98
-456
-148
-39
-408
-196
784
992
-360
-1696
-784
1376
1888
-204
-2112
-1184
1184
1888
114
-1440
-944
496
848
124
-228
25
-106
-624
-344
880
1248
-248
-1824
-992
1312
1984
1
-1984
-1312
992
1824
248
-1248
-880
344
624
106
-25
228
-124
-848
-496
944
1440
-114
-1888
-1184
1184
2112
204
-1888
-1376
784
1696
360
-992
-784
196
408
39
148
456
-98
-1056
-720
944
1696
61
-1888
-1376
992
2112
392
-1760
-1440
592
1504
440
-816
-656
86
164
-62
280
688
-31
-1184
-944
912
1824
248
-1888
-1568
848
2112
560
-1568
-1440
392
1312
472
-592
-488
21
-66
-212
392
912
74
-1312
-1120
848
1984
456
-1824
-1696
656
1984
720
-1376
-1440
220
1120
456
-392
-280
1
-280
-392
456
1120
220
-1440
-1376
720
1984
656
-1696
-1824
456
1984
848
-1120
-1312
74
912
392
-212
-66
21
-488
-592
472
1312
392
-1440
-1568
560
2112
848
-1568
-1888
248
1824
912
-944
-1184
-31
688
280
-62
164
86
-656
-816
440
1504
592
-1440
-1760
392
2112
992
-1376
-1888
61
1696
944
-720
-1056
-98
456
148
39
408
196
-784
-992
360
1696
784
-1376
-1888
204
2112
1184
-1184
-1888
-114
1440
944
-496
-848
-124
228
-25
106
624
344
-880
-1248
248
1824
992
-1312
-1984
1
1984
1312
-992
-1824
-248
1248
880
-344
-624
-106
25
-228
124
848
496
-944
-1440
114
1888
1184
-1184
-2112
-204
1888
1376
-784
-1696
-360
992
784
-196
-408
-39
-148
-456
98
1056
720
-944
-1696
-61
1888
1376
-992
-2112
-392
1760
1440
-592
-1504
-440
816
656
-86
-164
62
-280
-688
31
1184
944
-912
-1824
-248
1888
1568
-848
-2112
-560
1568
1440
-392
-1312
-472
592
488
-21
66
212
-392
-912
-74
1312
1120
-848
-1984
-456
1824
1696
-656
-1984
-720
1376
1440
-220
-1120
-456
392
280
1
280
392
-456
-1120
-220
1440
1376
-720
-1984
-656
1696
