1651 2 0 0 0
1
2112
264
-2112
-528
1984
752
-1888
-976
1696
1120
-1440
-1248
1184
1312
-976
-1312
720
1312
-496
-1184
296
1056
-124
-912
1
720
78
-528
-110
312
86
-122
-15
-57
-98
212
248
-328
-440
392
656
-408
-880
376
1056
-296
-1248
172
1440
1
-1568
-212
1696
440
-1760
-688
1760
976
-1696
-1184
1632
1440
-1440
-1632
1248
1824
-992
-1952
784
1984
-528
-1984
248
1984
1
-1952
-244
1824
456
-1696
-624
1440
752
-1248
-816
992
848
-784
-816
560
752
-376
-624
220
488
-102
-296
25
102
1
102
25
-296
-102
488
220
-624
-376
752
560
-816
-784
848
992
-816
-1248
752
1440
-624
-1696
456
1824
-244
-1952
1
1984
248
-1984
-528
1984
784
-1952
-992
1824
1248
-1632
-1440
1440
1632
-1184
-1696
976
1760
-688
-1760
440
1696
-212
-1568
1
1440
172
-1248
-296
1056
376
-880
-408
656
392
-440
-328
248
212
-98
-57
-15
-122
86
312
-110
-528
78
720
1
-912
-124
1056
296
-1184
-496
1312
720
-1312
-976
1312
1184
-1248
-1440
1120
1696
-976
-1888
752
1984
-528
-2112
264
2112
1
-2112
-264
2112
528
-1984
-752
1888
976
-1696
-1120
1440
1248
-1184
-1312
976
1312
-720
-1312
496
1184
-296
-1056
124
912
1
-720
-78
528
110
-312
-86
122
15
57
98
-212
-248
328
440
-392
-656
408
880
-376
-1056
296
1248
-172
-1440
1
1568
212
-1696
-440
1760
688
-1760
-976
1696
1184
-1632
-1440
1440
1632
-1248
-1824
992
1952
-784
-1984
528
1984
-248
-1984
1
1952
244
-1824
-456
1696
624
-1440
-752
1248
816
-992
-848
784
816
-560
-752
376
624
-220
-488
102
296
-25
-102
1
-102
-25
296
102
-488
-220
624
376
-752
-560
816
784
-848
-992
816
1248
-752
-1440
624
1696
-456
-1824
244
1952
1
-1984
-248
1984
528
-1984
-784
1952
992
-1824
-1248
1632
1440
-1440
-1632
1184
1696
-976
-1760
688
1760
-440
-1696
212
1568
1
-1440
-172
1248
296
-1056
-376
880
408
-656
-392
440
328
-248
-212
98
57
15
122
-86
-312
110
528
-78
-720
1
912
124
-1056
-296
1184
496
-1312
-720
1312
976
-1312
-1184
1248
1440
-1120
-1696
976
1888
-752
-1984
528
2112
-264
-2112
1
2112
264
-2112
-528
1984
752
-1888
-976
1696
1120
-1440
-1248
1184
1312
-976
-1312
720
1312
-496
-1184
296
1056
-124
-912
1
720
78
-528
-110
312
86
-122
-15
-57
-98
212
248
-328
-440
392
656
-408
-880
376
1056
-296
-1248
172
1440
1
-1568
-212
1696
440
-1760
-688
1760
976
-1696
-1184
1632
1440
-1440
-1632
1248
1824
-992
-1952
784
1984
-528
-1984
248
1984
1
-1952
-244
1824
456
-1696
-624
1440
752
-1248
-816
992
848
-784
-816
560
752
-376
-624
220
488
-102
-296
25
102
1
102
25
-296
-102
488
220
-624
-376
752
560
-816
