1651 2 0 0 0
1
1984
1184
-1312
-1888
148
1760
848
-1056
-1248
196
1056
392
-528
-472
78
132
-23
212
392
-204
-848
-280
992
1056
-592
-1632
-360
1696
1440
-944
-1984
-264
1984
1440
-1120
-1984
-94
1824
1120
-992
-1504
47
1248
624
-624
-720
66
392
94
1
180
-74
-592
-312
752
976
-344
-1504
-528
1440
1504
-656
-1984
-496
1824
1632
-880
-2112
-360
1824
1376
-912
-1760
-156
1376
880
-656
-992
-11
624
264
-164
-62
-7
-328
-264
496
848
-156
-1248
-624
1120
1504
-392
-1952
-752
1632
1760
-624
-2112
-624
1760
1632
-752
-1952
-392
1504
1120
-624
-1248
-156
848
496
-264
-328
-7
-62
-164
264
624
-11
-992
-656
880
1376
-156
-1760
-912
1376
1824
-360
-2112
-880
1632
1824
-496
-1984
-656
1504
1440
-528
-1504
-344
976
752
-312
-592
-74
180
1
94
392
66
-720
-624
624
1248
47
-1504
-992
1120
1824
-94
-1984
-1120
1440
1984
-264
-1984
-944
1440
1696
-360
-1632
-592
1056
992
-280
-848
-204
392
212
-23
132
78
-472
-528
392
1056
196
-1248
-1056
848
1760
148
-1888
-1312
1184
1984
1
-1984
-1184
1312
1888
-148
-1760
-848
1056
1248
-196
-1056
-392
528
472
-78
-132
23
-212
-392
204
848
280
-992
-1056
592
1632
360
-1696
-1440
944
1984
264
-1984
-1440
1120
1984
94
-1824
-1120
992
1504
-47
-1248
-624
624
720
-66
-392
-94
1
-180
74
592
312
-752
-976
344
1504
528
-1440
-1504
656
1984
496
-1824
-1632
880
2112
360
-1824
-1376
912
1760
156
-1376
-880
656
992
11
-624
-264
164
62
7
328
264
-496
-848
156
1248
624
-1120
-1504
392
1952
752
-1632
-1760
624
2112
624
-1760
-1632
752
1952
392
-1504
-1120
624
1248
156
-848
-496
264
328
7
62
164
-264
-624
11
992
656
-880
-1376
156
1760
912
-1376
-1824
360
2112
880
-1632
-1824
496
1984
656
-1504
-1440
528
1504
344
-976
-752
312
592
74
-180
1
-94
-392
-66
720
624
-624
-1248
-47
1504
992
-1120
-1824
94
1984
1120
-1440
-1984
264
1984
944
-1440
-1696
360
1632
592
-1056
-992
280
848
204
-392
-212
23
-132
-78
472
528
-392
-1056
-196
1248
1056
-848
-1760
-148
1888
1312
-1184
-1984
1
1984
1184
-1312
-1888
148
1760
848
-1056
-1248
196
1056
392
-528
-472
78
132
-23
212
392
-204
-848
-280
992
1056
-592
-1632
-360
1696
1440
-944
-1984
-264
1984
1440
-1120
-1984
-94
1824
1120
-992
-1504
47
1248
624
-624
-720
66
392
94
1
180
-74
-592
-312
752
976
-344
-1504
-528
1440
1504
-656
-1984
-496
1824
1632
-880
-2112
-360
1824
1376
-912
-1760
-156
1376
880
-656
-992
-11
624
264
-164
-62
-7
-328
-264
496
848
-156
-1248
-624
1120
1504
-392
-1952
-752
1632
1760
-624
-2112
-624
1760
1632
-752
-1952
-392
1504
1120
-624
-1248
-156
