1651 2 0 0 0
1
2112
656
-1952
-1248
1504
1696
-944
-1952
312
1952
296
-1760
-816
1376
1120
-944
-1312
440
1312
1
-1184
-344
912
528
-592
-592
280
496
-66
-344
-37
124
13
55
122
-156
-328
140
560
1
-752
-264
848
592
-784
-992
592
1312
-228
-1504
-248
1568
784
-1440
-1312
1120
1760
-592
-1984
1
1984
656
-1888
-1248
1504
1760
-976
-1984
328
2112
328
-1984
-944
1632
1376
-1120
-1696
560
1824
1
-1696
-496
1376
880
-992
-1056
560
1056
-164
-976
-140
752
312
-488
-360
244
264
-62
-102
1
-102
-62
264
244
-360
-488
312
752
-140
-976
-164
1056
560
-1056
-992
880
1376
-496
-1696
1
1824
560
-1696
-1120
1376
1632
-944
-1984
328
2112
328
-1984
-976
1760
1504
-1248
-1888
656
1984
1
-1984
-592
1760
1120
-1312
-1440
784
1568
-248
-1504
-228
1312
592
-992
-784
592
848
-264
-752
1
560
140
-328
-156
122
55
13
124
-37
-344
-66
496
280
-592
-592
528
912
-344
-1184
1
1312
440
-1312
-944
1120
1376
-816
-1760
296
1952
312
-1952
-944
1696
1504
-1248
-1952
656
2112
1
-2112
-656
1952
1248
-1504
-1696
944
1952
-312
-1952
-296
1760
816
-1376
-1120
944
1312
-440
-1312
1
1184
344
-912
-528
592
592
-280
-496
66
344
37
-124
-13
-55
-122
156
328
-140
-560
1
752
264
-848
-592
784
992
-592
-1312
228
1504
248
-1568
-784
1440
1312
-1120
-1760
592
1984
1
-1984
-656
1888
1248
-1504
-1760
976
1984
-328
-2112
-328
1984
944
-1632
-1376
1120
1696
-560
-1824
1
1696
496
-1376
-880
992
1056
-560
-1056
164
976
140
-752
-312
488
360
-244
-264
62
102
1
102
62
-264
-244
360
488
-312
-752
140
976
164
-1056
-560
1056
992
-880
-1376
496
1696
1
-1824
-560
1696
1120
-1376
-1632
944
1984
-328
-2112
-328
1984
976
-1760
-1504
1248
1888
-656
-1984
1
1984
592
-1760
-1120
1312
1440
-784
-1568
248
1504
228
-1312
-592
992
784
-592
-848
264
752
1
-560
-140
328
156
-122
-55
-13
-124
37
344
66
-496
-280
592
592
-528
-912
344
1184
1
-1312
-440
1312
944
-1120
-1376
816
1760
-296
-1952
-312
1952
944
-1696
-1504
1248
1952
-656
-2112
1
2112
656
-1952
-1248
1504
1696
-944
-1952
312
1952
296
-1760
-816
1376
1120
-944
-1312
440
1312
1
-1184
-344
912
528
-592
-592
280
496
-66
-344
-37
124
13
55
122
-156
-328
140
560
1
-752
-264
848
592
-784
-992
592
1312
-228
-1504
-248
1568
784
-1440
-1312
1120
1760
-592
-1984
1
1984
656
-1888
-1248
1504
1760
-976
-1984
328
2112
328
-1984
-944
1632
1376
-1120
-1696
560
1824
1
-1696
-496
1376
880
-992
-1056
560
1056
-164
-976
-140
752
312
-488
-360
244
264
-62
-102
1
-102
-62
264
244
-360
-488
312
752
-140
-976
-164
