1651 2 0 0 0
1
2112
624
-1760
-1056
1120
1120
-528
-880
98
344
3
248
248
-688
-784
816
1440
-528
-1952
1
2112
656
-1952
-1248
1376
1504
-752
-1376
196
976
110
-392
-45
-164
-360
472
976
-408
-1504
1
1888
624
-1888
-1248
1504
1696
-912
-1824
264
1504
204
-992
-344
376
122
78
392
-228
-992
1
1504
528
-1696
-1184
1504
1760
-976
-1984
312
1952
280
-1504
-592
880
592
-312
-212
-19
-360
1
944
376
-1312
-976
1312
1632
-944
-1984
344
2112
328
-1888
-816
1312
992
-688
-784
188
296
1
296
188
-784
-688
992
1312
-816
-1888
328
2112
344
-1984
-944
1632
1312
-976
-1312
376
944
1
-360
-19
-212
-312
592
880
-592
-1504
280
1952
312
-1984
-976
1760
1504
-1184
-1696
528
1504
1
-992
-228
392
78
122
376
-344
-992
204
1504
264
-1824
-912
1696
1504
-1248
-1888
624
1888
1
-1504
-408
976
472
-360
-164
-45
-392
110
976
196
-1376
-752
1504
1376
-1248
-1952
656
2112
1
-1952
-528
1440
816
-784
-688
248
248
3
344
98
-880
-528
1120
1120
-1056
-1760
624
2112
1
-2112
-624
1760
1056
-1120
-1120
528
880
-98
-344
-3
-248
-248
688
784
-816
-1440
528
1952
1
-2112
-656
1952
1248
-1376
-1504
752
1376
-196
-976
-110
392
45
164
360
-472
-976
408
1504
1
-1888
-624
1888
1248
-1504
-1696
912
1824
-264
-1504
-204
992
344
-376
-122
-78
-392
228
992
1
-1504
-528
1696
1184
-1504
-1760
976
1984
-312
-1952
-280
1504
592
-880
-592
312
212
19
360
1
-944
-376
1312
976
-1312
-1632
944
1984
-344
-2112
-328
1888
816
-1312
-992
688
784
-188
-296
1
-296
-188
784
688
-992
-1312
816
1888
-328
-2112
-344
1984
944
-1632
-1312
976
1312
-376
-944
1
360
19
212
312
-592
-880
592
1504
-280
-1952
-312
1984
976
-1760
-1504
1184
1696
-528
-1504
1
992
228
-392
-78
-122
-376
344
992
-204
-1504
-264
1824
912
-1696
-1504
1248
1888
-624
-1888
1
1504
408
-976
-472
360
164
45
392
-110
-976
-196
1376
752
-1504
-1376
1248
1952
-656
-2112
1
1952
528
-1440
-816
784
688
-248
-248
-3
-344
-98
880
528
-1120
-1120
1056
1760
-624
-2112
1
2112
624
-1760
-1056
1120
1120
-528
-880
98
344
3
248
248
-688
-784
816
1440
-528
-1952
1
2112
656
-1952
-1248
1376
1504
-752
-1376
196
976
110
-392
-45
-164
-360
472
976
-408
-1504
1
1888
624
-1888
-1248
1504
1696
-912
-1824
264
1504
204
-992
-344
376
122
78
392
-228
-992
1
1504
528
-1696
-1184
1504
1760
-976
-1984
312
1952
280
-1504
-592
880
592
-312
-212
-19
-360
1
944
376
-1312
-976
1312
1632
-944
-1984
344
2112
328
-1888
-816
1312
992
-688
-784
188
296
1
296
188
-784
-688
992
1312
-816
-1888
328
2112
344
