1651 2 0 0 0
1
1952
1632
-528
-1984
-1248
992
1984
752
-1312
-1824
-236
1568
1504
-212
-1568
-1056
560
1440
656
-752
-1120
-264
784
848
1
-656
-488
132
440
196
-114
-132
-11
-47
-156
-33
312
392
-70
-624
-528
312
944
496
-656
-1184
-328
1056
1312
1
-1440
-1248
424
1760
1056
-912
-1952
-720
1376
1952
264
-1760
-1824
264
1984
1504
-784
-2112
-992
1248
1984
496
-1568
-1824
1
1760
1440
-472
-1760
-992
816
1632
560
-992
-1312
-164
1056
976
-132
-944
-592
296
688
280
-296
-392
-74
156
90
1
90
156
-74
-392
-296
280
688
296
-592
-944
-132
976
1056
-164
-1312
-992
560
1632
816
-992
-1760
-472
1440
1760
1
-1824
-1568
496
1984
1248
-992
-2112
-784
1504
1984
264
-1824
-1760
264
1952
1376
-720
-1952
-912
1056
1760
424
-1248
-1440
1
1312
1056
-328
-1184
-656
496
944
312
-528
-624
-70
392
312
-33
-156
-47
-11
-132
-114
196
440
132
-488
-656
1
848
784
-264
-1120
-752
656
1440
560
-1056
-1568
-212
1504
1568
-236
-1824
-1312
752
1984
992
-1248
-1984
-528
1632
1952
1
-1952
-1632
528
1984
1248
-992
-1984
-752
1312
1824
236
-1568
-1504
212
1568
1056
-560
-1440
-656
752
1120
264
-784
-848
1
656
488
-132
-440
-196
114
132
11
47
156
33
-312
-392
70
624
528
-312
-944
-496
656
1184
328
-1056
-1312
1
1440
1248
-424
-1760
-1056
912
1952
720
-1376
-1952
-264
1760
1824
-264
-1984
-1504
784
2112
992
-1248
-1984
-496
1568
1824
1
-1760
-1440
472
1760
992
-816
-1632
-560
992
1312
164
-1056
-976
132
944
592
-296
-688
-280
296
392
74
-156
-90
1
-90
-156
74
392
296
-280
-688
-296
592
944
132
-976
-1056
164
1312
992
-560
-1632
-816
992
1760
472
-1440
-1760
1
1824
1568
-496
-1984
-1248
992
2112
784
-1504
-1984
-264
1824
1760
-264
-1952
-1376
720
1952
912
-1056
-1760
-424
1248
1440
1
-1312
-1056
328
1184
656
-496
-944
-312
528
624
70
-392
-312
33
156
47
11
132
114
-196
-440
-132
488
656
1
-848
-784
264
1120
752
-656
-1440
-560
1056
1568
212
-1504
-1568
236
1824
1312
-752
-1984
-992
1248
1984
528
-1632
-1952
1
1952
1632
-528
-1984
-1248
992
1984
752
-1312
-1824
-236
1568
1504
-212
-1568
-1056
560
1440
656
-752
-1120
-264
784
848
1
-656
-488
132
440
196
-114
-132
-11
-47
-156
-33
312
392
-70
-624
-528
312
944
496
-656
-1184
-328
1056
1312
1
-1440
-1248
424
1760
1056
-912
-1952
-720
1376
1952
264
-1760
-1824
264
1984
1504
-784
-2112
-992
1248
1984
496
-1568
-1824
1
1760
1440
-472
-1760
-992
816
1632
560
-992
-1312
-164
1056
976
-132
-944
-592
296
688
280
-296
-392
-74
156
90
1
90
156
-74
-392
-296
280
688
296
-592
-944
-132
