1651 2 0 0 0
1
1984
784
-1504
-1120
656
880
-74
-132
70
-592
-656
880
1440
-528
-1984
-264
1984
1056
-1440
-1440
592
1120
-11
-392
1
-328
-560
624
1376
-264
-1952
-496
1952
1312
-1312
-1696
488
1376
114
-624
-132
-102
-424
392
1248
-49
-1824
-752
1760
1504
-1120
-1888
312
1568
296
-848
-328
90
-236
204
992
124
-1568
-912
1568
1696
-944
-1984
90
1760
528
-976
-560
228
1
74
784
248
-1312
-992
1312
1824
-688
-2112
-156
1824
784
-1056
-816
296
264
7
528
312
-1056
-1056
1056
1888
-440
-2112
-440
1888
1056
-1056
-1056
312
528
7
264
296
-816
-1056
784
1824
-156
-2112
-688
1824
1312
-992
-1312
248
784
74
1
228
-560
-976
528
1760
90
-1984
-944
1696
1568
-912
-1568
124
992
204
-236
90
-328
-848
296
1568
312
-1888
-1120
1504
1760
-752
-1824
-49
1248
392
-424
-102
-132
-624
114
1376
488
-1696
-1312
1312
1952
-496
-1952
-264
1376
624
-560
-328
1
-392
-11
1120
592
-1440
-1440
1056
1984
-264
-1984
-528
1440
880
-656
-592
70
-132
-74
880
656
-1120
-1504
784
1984
1
-1984
-784
1504
1120
-656
-880
74
132
-70
592
656
-880
-1440
528
1984
264
-1984
-1056
1440
1440
-592
-1120
11
392
1
328
560
-624
-1376
264
1952
496
-1952
-1312
1312
1696
-488
-1376
-114
624
132
102
424
-392
-1248
49
1824
752
-1760
-1504
1120
1888
-312
-1568
-296
848
328
-90
236
-204
-992
-124
1568
912
-1568
-1696
944
1984
-90
-1760
-528
976
560
-228
1
-74
-784
-248
1312
992
-1312
-1824
688
2112
156
-1824
-784
1056
816
-296
-264
-7
-528
-312
1056
1056
-1056
-1888
440
2112
440
-1888
-1056
1056
1056
-312
-528
-7
-264
-296
816
1056
-784
-1824
156
2112
688
-1824
-1312
992
1312
-248
-784
-74
1
-228
560
976
-528
-1760
-90
1984
944
-1696
-1568
912
1568
-124
-992
-204
236
-90
328
848
-296
-1568
-312
1888
1120
-1504
-1760
752
1824
49
-1248
-392
424
102
132
624
-114
-1376
-488
1696
1312
-1312
-1952
496
1952
264
-1376
-624
560
328
1
392
11
-1120
-592
1440
1440
-1056
-1984
264
1984
528
-1440
-880
656
592
-70
132
74
-880
-656
1120
1504
-784
-1984
1
1984
784
-1504
-1120
656
880
-74
-132
70
-592
-656
880
1440
-528
-1984
-264
1984
1056
-1440
-1440
592
1120
-11
-392
1
-328
-560
624
1376
-264
-1952
-496
1952
1312
-1312
-1696
488
1376
114
-624
-132
-102
-424
392
1248
-49
-1824
-752
1760
1504
-1120
-1888
312
1568
296
-848
-328
90
-236
204
992
124
-1568
-912
1568
1696
-944
-1984
90
1760
528
-976
-560
228
1
74
784
248
-1312
-992
1312
1824
-688
-2112
-156
1824
784
-1056
-816
296
264
7
528
312
-1056
-1056
1056
1888
-440
-2112
-440
1888
1056
-1056
-1056
312
528
7
264
296
-816
