-1.2268418810
-1.0714517960
0.4896110262
-2.3106226976
-1.5729043975
-0.4039828785
0.0691269172
1.0769757253
-3.1486374506
-5.8876246748
5.3944158594
1.2300461184
-0.3559559559
-3.5306921853
1.7710017236
0.6918009183
-0.8723061397
1.6977147795
-1.5744280732
-0.3443046647
0.0256808204
1.1746689570
-1.5230843702
3.5894509909
-1.3554258096
-1.5105630060
-2.4430043096
-2.4687314322
-0.1259872313
0.0079588967
-4.0524451708
0.8519455683
-3.9540611589
-3.1115784069
0.5736659034
-1.8809435562
0.7610467996
-2.0522329370
0.0216752621
0.3306303931
-1.3355092175
3.7054481069
-2.7783657897
-1.0867808781
2.5141254564
5.4001189372
-2.5999776559
-2.9245637720
5.0570625209
1.7425014842
-7.5309805708
-3.7202906849
9.8731074789
2.2643732546
-1.5068143123
0.1516910291
-1.2808429160
-0.7292274995
0.1008456577
-3.5292318490
-1.0271359708
-2.9558570845
2.4159191866
-2.9733200514
-0.9584067849
0.6593692215
-1.0799579339
1.5199259700
0.2399353682
-0.5970654258
-2.6972862263
-1.2360660892
-5.0854597059
4.5241603471
-0.5321560731
-2.4069215692
0.8308592393
-4.8372190609
0.4865115108
-4.6325559135
-8.0945764398
3.5474117528
-5.5455029492
-3.3400020600
-1.6138144773
0.5102971581
2.1940788878
4.2722350776
-1.6755110809
-2.4435685594
-0.0474391391
-0.1282325189
-1.8546932245
5.1911382324
-0.2780123670
-3.5109374268
-2.4228955177
3.6683191176
-5.4174698035
2.2736997894
0.7223119828
-1.3960357510
0.0719623377
2.6024383049
1.5747458937
-3.1493139114
-0.4374071190
-1.0401087154
0.3196773919
-1.4708211267
-0.7672697026
-3.3446251975
-3.2087134418
-1.0512211174
-1.6533027997
-0.5112461658
-2.1156797925
2.1385193616
-0.4605909071
1.2003777345
1.3043068847
2.6917120387
-0.0688562072
1.4753311297
-1.1492877386
0.5922047926
-2.4715253040
3.9710726676
1.5358458249
1.4845305816
-2.7619803623
-4.1350152596
1.8887169753
0.5628695792
-2.2136426925
1.1829711226
-0.1304703046
-1.1140154666
-3.6619432314
2.3510297091
-3.8229314742
0.6768898629
-3.8024888462
-0.4144499523
2.9029300056
-5.7843331607
0.2289457446
0.6069015510
1.5163749712
-3.2382502853
2.4640091616
-3.5723950089
0.6979796172
-0.1648140558
-0.4557063062
-4.8836720966
-1.3446400814
1.6505819579
-2.8425917207
1.7444036010
-0.6849952309
-1.9762775066
-2.3432757873
0.7349523472
-0.1288813714
-0.9335981883
-0.9216561439
5.0222360356
-4.4621132114
-2.7760539734
-0.4755861484
-4.3167961481
0.3346337682
-0.6995553872
-0.3330875764
1.2581665687
-0.6473985463
-3.7186857401
-4.8258232485
-2.5191717959
3.2679548521
-0.2506279683
-3.5638641774
2.7575308483
-2.8151813785
2.1129234455
2.7315698013
-2.6192363239
0.6992816481
-4.5797523054
2.8132188247
-0.4161317942
4.0162898680
-0.8308575670
-2.5097718495
-3.3770183662
4.0769543411
-2.1114528571
2.3393675403
-3.5034944170
-1.8242773347
-2.8686584714
-1.2942184182
2.7964232471
-4.0743605987
2.0143869097
1.8808043175
-2.7953440745
-1.9008351842
1.9824417977
5.4147262280
-0.2958924068
2.0506597360
-3.1070876128
-1.7752050060
1.9840422253
-1.4491803930
-3.8488258912
-1.0390136433
1.0184995569
2.8029422414
3.2864856151
-4.4852818284
-2.7340747823
-3.6094563921
1.4332119258
0.8739158376
-2.3187068590
-4.2260388562
-1.6831579094
2.5717893408
4.2420574017
-1.6785004296
2.4543376998
-4.0933263371
2.2665857664
1.2562444574
-5.3369134872
-4.0360781457
5.2659170274
0.2666701370
5.0430305943
-6.3432226135
2.7287756208
2.1335856002
-2.5170487075
0.4608977815
-2.7351948487
-1.7077296158
-0.9592264908
0.2751470228
-4.3547952938
-0.7848436862
-2.9167530565
2.0951238363
-1.6501502922
0.0151830937
-5.1084134127
-2.0523778548
3.8935401584
0.1247971173
-3.1139636359
-1.1896950571
0.3684147040
-1.0646825563
-1.3090376692
-2.5549914005
1.2215338047
0.1454177794
2.4922284789
-2.2410252562
1.1356615764
0.3476998253
-1.2049563681
0.4910094796
-4.8467802834
2.2401567130
1.3628729858
-1.4850783708
4.8801041491
-0.2289759570
-1.9042026900
1.3953953048
-2.1026816842
-2.7346197441
-2.9092850044
-2.8262975248
-3.5501935476
4.3924502284
-1.9840151305
3.0782435413
1.3043703131
2.0352934903
1.3112013331
3.1219924491
-2.1473982772
1.7578469949
-1.6993652060
-1.1359453176
-1.6600514080
-4.0055633336
-0.0436420633
-2.0143011441
0.0118121237
-0.9063656863
-2.0328501182
2.2473103842
3.3183019220
-0.8004481100
-2.8465801453
-6.2231518552
-3.1995390420
2.7471850029
-0.8277752266
-3.4367684460
1.3523953732
-4.8547575501
0.6070044286
-2.9436938766
-3.5279329342
1.1668545202
4.3173343384
-1.5912316633
-3.0071129856
-2.0484781990
-3.9017203522
1.3738487482
0.5767869506
-2.8421004663
-3.7619697352
-0.8242260876
3.0570299908
0.8681731561
3.4819722269
-2.2708616496
-2.9565008317
0.5779172258
-0.0697503099
-1.4269299616
0.5677376745
1.3043346398
-3.4825723120
-1.9528039896
-0.5419005919
0.7564544324
0.5118540101
1.0736867835
0.5477835163
-2.4151910246
-1.2863413848
-2.7400787287
-0.3252929135
0.5030229759
0.4718168398
-0.7935826925
0.0312958139
-1.3897132056
2.5111766063
-2.0292290420
1.0699560327
-1.7599333143
-0.2255582785
-5.9535005092
-6.6669466555
-5.3830744656
5.2266431533
-3.2874346583
-1.1456560742
-4.3309718018
4.9203309443
0.2668302405
-2.9673429390
0.6451622285
7.3249624282
-1.5459666683
-0.8451270995
-1.3795197889
-0.3041192537
-0.3359022988
6.5500357078
-0.3925469405
0.5799198014
-2.7742189788
-3.2186526349
-0.4310342716
-0.5548733730
-1.2483719820
0.8631408736
-0.0662546635
0.3792701890
1.4214612271
0.1088932807
0.4936554999
-3.4456167070
0.7865436039
-1.2560589299
0.8410114351
0.8921745076
0.1422896644
-1.1204865763
-3.3350275659
0.0478030780
-1.5326795704
-0.9006129576
-1.5252974707
0.0563071904
-2.4534726221
-0.8863871145
-0.2419902126
-1.2117132185
0.5411993495
-1.0139389864
-1.6433795289
0.7880228411
-0.8821761576
0.7667207387
-0.1525148892
-2.1035524341
0.2083449671
-0.9319525967
-0.9451906524
-0.6055780340
-0.0676211913
-1.6826132577
-0.5492130691
-1.2823409796
-0.6063606558
0.6658841143
-0.4565557781
5.4330920733
-1.5941039335
2.4740743387
-0.8902026077
3.5278581074
-1.9293123559
0.0443202781
0.7960280842
-0.0935371936
4.7126370806
-1.4122220770
-7.9403860537
2.3111301560
2.7582937666
-0.5100727620
-0.2262331650
2.8296701321
0.5845831220
-0.6365827141
-0.8421841554
-2.4703457766
-0.8290546879
1.2928661984
-3.1148142246
-1.0391891730
-3.5257493075
-1.8135004890
-1.5869036674
0.3632740140
0.1835223510
-1.6942915802
0.2463479185
0.0437961271
2.3001304377
1.5831019842
0.8145377583
3.9690297619
-0.6629994692
0.2458148082
0.5676636661
-4.3394848207
-0.3249627572
-0.6195622009
1.5612660126
-1.6175461341
-0.5234232287
1.4517547788
-0.4554779312
4.3955361917
-4.8925160936
-2.0953317715
-0.4714630275
3.0144541452
-3.0262351960
-0.2749968654
-0.6637130815
-1.1805056681
-2.4148062076
0.9688854991
-1.8446509229
1.0991454524
3.3065057899
-1.8256919711
-1.1597718503
-0.6471335826
0.7551410712
-1.8546501206
0.8724893871
-3.3570133430
-0.2825085789
-0.5638597622
-1.1763325136
-2.1895839840
-0.2337196220
-0.7540589203
-1.3240793919
-0.0587264767
-0.9854429020
-3.5837726835
6.1795665114
2.4692387812
0.2693070050
3.3548925046
1.7230437679
-0.6248854737
-0.6047824509
-0.7921602869
2.9544964945
-0.6530569825
-3.8313720279
2.4261471389
-4.5959415954
-0.2575730339
-2.3104784789
0.4827401920
4.8776188337
-0.9509682040
0.0311189198
-2.4695363330
0.0731769133
-3.8704305369
0.5518936829
1.6675483676
-2.9287903133
-0.4187452473
1.5803174842
-1.4738641891
-0.7764160650
-2.0747190665
-2.2932281819
-0.3193821890
-0.6408992809
1.4016565357
-1.5433517927
-0.6474144208
1.5213947889
2.5534503713
-0.4383855654
-1.7028697274
-1.8610786531
0.1189954206
-0.8252641693
-1.2559510101
-0.2316916454
-0.6438085631
-0.5994268179
-1.9022661138
1.4223858801
2.6537190832
-5.1660975346
-0.5763465839
0.5583824458
0.4384549478
2.1412606455
-0.1566324283
-2.2418253584
-0.5904946677
-1.9806404437
0.6695290888
0.2691204989
-1.5067971572
0.7156930495
0.3068482672
0.5391066694
-1.1767177007
-1.1526188220
-1.7707687589
-0.5360050102
0.4560946102
-0.7956016086
-0.8215782468
-3.8133870962
0.5032936909
-0.5473350058
-0.1600107106
-1.1366360736
-1.5916070180
-0.0477009034
-3.2397047446
-1.0060705730
0.4263380984
-0.0337735098
-3.4696641968
1.4269804441
-1.9376268694
0.3329597275
-1.8046855293
-4.6151885636
4.6801279555
-8.0013077395
-1.5150619189
-1.7729138749
1.5916291446
0.3773528361
-2.0058327065
3.9239463356
0.7173128047
1.9421392171
-3.2477253483
-4.7736115844
-1.9509919686
-5.0376552194
-1.4340329850
4.0244721856
-1.3221519862
-0.2186095594
-0.4834889537
-2.2338995879
0.3837422698
2.4527727161
-0.2007081210
-0.3175915167
-0.3405866193
6.5563774048
6.4502099927
0.5890600587
2.3588697198
1.6667979418
-2.9527606574
-3.5515137830
0.8976430436
3.4373440422
2.0090529609
0.4963568530
-1.4244283166
3.6741235453
2.1337856108
2.8760451189
0.4406938601
2.6216834402
-3.9872986657
-1.6701256992
1.4051679731
-0.0405153168
-2.2530697759
-4.6123270113
3.7416581178
-2.9020845961
-4.2566978239
-1.9548450770
3.4322610636
1.4742771827
-2.4310724417
1.6658735215
-1.7350750376
2.4147275961
-2.8842324442
0.9851127587
-0.4860462106
1.7774963315
-0.5472340117
-5.5931197646
-2.6794509517
-0.3428764605
-3.1977362047
-2.0555396773
-3.4750149496
-2.6489549037
0.2801989712
-3.5052956655
-4.3331812899
2.5363579920
0.5992059921
1.7426523529
-0.2839776445
0.9503861643
-0.1422446821
-5.3130778849
-1.5500702753
-0.5153784471
-2.7059975827
-3.0909238003
-1.6876556868
1.0997376327
0.8845802521
-0.9930926115
1.2060727806
-3.5526604864
1.6645538299
-2.8357692035
-4.1740393591
-3.9126535071
-1.5557788002
1.9020865144
-3.6369394307
-3.0540486356
-4.1355334292
-0.0801159225
-4.3418952420
-2.8790491045
-1.1469029801
1.1559684640
-4.6760697579
1.9024255734
-0.1212541515
-5.2783733669
-2.6562535636
-3.0498962601
-2.2691429609
-1.9055264235
-2.9850721179
-4.3247200305
-4.7631617647
-0.5186783058
-1.1886984030
-0.1861472722
7.6905081584
0.7673146033
-5.4076663583
-0.8268991620
-1.2191747217
-1.9678429699
0.7266205175
1.0578760419
3.0798922367
-0.9300644582
0.1321240538
-2.3247092026
0.6055305488
0.1027318606
-4.5119521254
-2.1226751450
-1.1260190729
-2.4857450301
1.4728309964
3.0383958334
1.1428898007
1.4769411681
-1.1984034876
-0.3298987557
-2.5091095751
-0.8060466714
-1.3511976468
1.6885741726
-4.1535753940
1.1147126314
-2.9340372950
1.7188250467
-1.6816591071
-2.4946577924
2.1871855012
-0.3624510969
1.2420821060
-0.3035290524
-0.8239222012
0.8635257218
-0.7448915136
-1.5920074375
-1.0832660917
1.2077290162
1.7796000136
-0.9526601423
-2.0975711338
-2.0079133547
-3.7908599785
-2.3958973700
3.0946771611
-4.0977692103
-1.2859093591
0.4670860515
-6.8452606173
2.2494121382
-1.0573626410
0.2469518907
0.3003804199
1.7955767499
-0.0376839983
-0.0750229557
-2.6684021092
0.2373624349
-1.0760469805
0.0863353118
-0.9295385987
-1.4417235957
-0.3587372058
-0.3904546334
0.0853850776
-0.5962505417
-0.7224460707
0.0366995061
0.3321216774
-0.3420146420
4.9084459497
-1.2170110829
-1.4917002835
-1.1575453350
-1.0851849323
-0.3493747337
-1.3143648299
-2.0766795694
-3.5942991725
0.1846474603
-1.1831466603
-3.4053518068
-3.5745417377
0.4513353403
-0.0189384522
3.4519449453
-0.3688583159
-2.2106009346
0.5089072818
1.3575155732
-0.5872234808
-1.8082525539
-0.6576612846
-1.7893091124
0.1807868146
0.7479519859
-0.6155819057
-2.0136162082
-0.2203009304
-1.5521281916
5.4782507891
-1.1631340462
0.6340857630
-0.5415952107
-0.9779924385
-2.2608415721
3.5313618085
0.3250751233
-1.4402240591
3.0508221239
-4.2690526516
-0.1908841334
-1.3459804883
-0.5553290251
1.2100603079
-0.8758321944
-0.3004559904
-1.1535554181
-0.9055474848
-0.4795516290
5.3023867950
-0.9447462213
-0.1015237042
1.5054931933
-1.3390711592
0.6430358074
-1.2902163897
-2.0704607505
-2.2064984062
-0.2324226289
0.7808388096
3.5646065046
-2.7399942768
0.3531004698
-2.4357509934
1.6874403905
0.1782998809
-0.7604770245
5.6340338773
3.4684002051
-2.1137895384
1.2648264820
-0.4453516021
-0.3642221280
-5.0297524207
-1.2691580108
-8.0393783853
-12.0173979887
-0.6337892284
-0.8538428542
-1.6007798261
-1.7080721732
2.3318094447
-4.3413309487
0.5515691968
-0.7227974761
-3.2747016944
-2.1829875679
-0.1827504618
-0.2028544561
-1.8640045990
0.3524948434
-0.9816184017
-1.9332525304
-2.8665488234
1.1007619139
1.4922732997
-0.8504496324
-0.3810371192
-0.8430384475
-0.1494357764
-3.8144885888
-0.7132716821
-0.0576893550
-0.0512884452
1.1403463313
-1.6773175009
-3.0784784484
-2.2799322517
-0.3623219502
-2.0680244735
0.2535923373
1.6532503844
-6.6241283821
-0.0769855769
2.0753693424
-1.0165007428
-1.0913810458
0.3759897081
-0.2552336962
-1.5634706443
5.4507503484
-1.9208528744
-1.9586448614
1.7485895082
-4.3803632542
-2.0379596609
-1.2888945844
-1.4466908478
1.6975160870
-1.0430358082
-3.5134987688
-0.3174432317
0.2182439156
1.4398706486
-1.1458302407
-0.8714523598
-0.0327303542
0.1898525280
-2.1920270648
0.2170151918
-1.6507778099
-2.2450628686
1.2370200975
-2.4851221526
4.3607917133
2.8179893902
3.7299972256
-3.9509241105
-6.6778368057
5.5719406961
-1.1063234770
-0.9498339269
-2.3278648325
-1.5692205257
-1.0588744449
4.9170687121
-1.0504225751
-1.5523735729
-1.1637315724
1.0866607457
-1.5964360658
-1.6695091163
-5.5052694150
-1.9622503002
-2.5672167270
0.0438272668
-2.2915954601
1.7085851881
1.0244496928
0.8397713867
0.1433736161
2.2430076868
3.1181553954
0.9642795118
-1.0847339102
2.0077641726
1.0437207121
2.6723192924
0.0384814383
-4.1218052176
-2.6567180498
1.2743026607
3.1116556861
1.6893064583
-1.4626617783
0.9821884335
1.6600725004
-1.7583025816
-4.7894122057
0.7478084209
1.5698725956
-2.0001467754
-3.0015416719
-4.6482369230
-0.3204912501
-5.5754216341
2.4076344097
-2.7271096957
-3.2224364060
-2.3417194897
-2.8001927460
-1.5167143615
0.5151060839
3.2463435237
-0.6441014456
-0.5243537132
-2.1143401284
-3.8174216941
1.2277475851
-1.4648209092
-2.7051215777
-5.3401475774
1.5978054988
-1.0990589665
-4.1334112319
-1.6854231833
-5.8249932092
-2.9967248686
2.9253871682
-0.8401960092
1.5232727537
-1.8765002805
-2.3619792185
4.8540853303
1.0029796123
-1.8004440751
-3.8202120336
2.3030207949
-0.8555619960
-2.3312173535
2.8899243324
0.9361054750
3.8496744430
-3.5172643941
-3.2632227337
-2.4413106717
-3.1114952204
0.1423067888
2.2232621718
-4.3422862099
7.8475471470
-1.8861281054
-2.6183341872
-2.3542200457
1.3814368922
5.7225100418
4.1890251419
2.8614732459
-1.6475979508
0.4984509820
-0.5938214451
2.6983406141
-1.9015342789
-1.2997119716
-1.6172059258
-5.2139940944
2.3186226937
-0.9646957086
0.8938266465
-2.2574656403
1.7539803733
-1.9113375507
-2.3843039876
-2.4850219481
0.6713285735
0.5774408643
-1.5670799050
-2.8299228012
0.9725131847
-3.2119768975
1.6248051934
-1.0734950044
-4.1604419390
-2.1169100520
0.1921707997
-0.2987371903
0.1423747503
-2.1264638882
0.1126463131
0.3095797909
2.5970495084
1.0333588962
4.3445228270
-4.0346266077
-3.8316381193
-3.4485857577
-3.0592753528
-3.3685922129
-1.4949763419
0.4183801681
-1.2205574180
-1.9729392778
-1.0764264105
-1.0991897218
-0.9408301481
-2.6659202695
2.2671651736
-1.3608070353
-0.9650318961
-1.5309373939
-2.2353140406
-2.3152123957
-2.3841288690
-3.7676911372
0.2023743713
-2.5226009734
-1.9409945428
-1.4180636524
-2.3353814101
-1.6640549081
-2.1121269225
-2.3343666899
-0.5622466433
-3.6151788415
0.6711968285
-1.7627048384
-1.5806157965
0.6199635667
-1.4132896976
-2.9067279934
-2.6823763251
-2.4541642881
-1.1543464142
-1.9412168604
-0.6803412013
-0.8392399163
-0.3316635814
-0.8109538962
-1.8715676264
-0.9231341559
-2.4772422369
-0.8214420399
-1.2841539939
-1.0569674888
-3.3752377321
-3.4821197998
-0.1479265728
0.0077092705
-3.3834305250
-1.7784167677
-0.7112117408
0.2352462230
-0.5413300500
-0.2107654921
0.1237991456
-0.6652130156
-3.2147328868
-0.2575595621
-2.5525567471
-1.8599925105
-0.4196239210
-1.9593179754
-1.6901553170
-2.0174038783
-0.3899000204
-0.9101223527
-3.9260506340
-1.8360670517
-0.7612026434
-1.4868697117
-0.7939057953
-1.2000726164
-1.3682842351
-1.4223077606
-1.3165816974
-2.0496726032
-3.4133173841
-0.4437087690
-4.3061270725
-0.6949906288
-0.4338817591
-1.0742910333
-4.4688105865
-1.2875064209
-0.3994444334
-1.0029006006
-2.3476305349
-1.4587551937
-1.3595621139
1.4218988229
-0.9713297905
1.9381741222
-1.8007283895
-2.3322791331
0.7687451028
-3.5160128972
-0.5384307228
2.5698892848
-2.9583577487
-2.8399914134
0.3246657468
0.2240707898
-2.8889098095
1.3388732914
3.9936462316
1.8256809416
1.0141928339
1.4752063493
-0.0563156144
-4.3325867289
-4.8033977867
4.3174795191
-3.6613136214
-2.1754157345
0.7454843725
-3.1045094409
-4.8263197433
-1.7973960052
-1.5655179973
-0.8813537546
-3.5774404194
-0.9597572181
2.0870272703
-5.6572628525
0.3677769352
0.3002682103
-3.4213513220
1.9838010783
-3.2063595146
-1.5034244114
-4.0730369460
-3.4421533141
-1.8114381484
-2.8611317296
0.5319151480
1.6612524734
6.8961185684
1.1159972280
3.6539141298
1.9212454367
0.6377779072
-0.6284016851
-1.9690612077
-1.9893362560
2.9838834378
-4.1944254913
-4.5816631876
-5.4474337760
-2.4760817633
-0.2960525587
-1.7383576182
-0.8176231402
1.0806589190
1.0038074574
-0.6682059045
0.6587975412
-1.1747402200
0.3190190546
-4.7771047903
-1.1143543225
-0.8023369787
0.1021910989
-0.9162839250
2.5596903278
1.8372487228
-1.9081288996
2.1799252010
-3.1798074094
-1.1937382842
4.0210776263
-3.4722663088
-2.4726476115
-0.3328795855
-4.6094615082
1.8555722219
-0.9087848509
-3.4596654953
-2.9340267629
-2.6485272211
3.4682163666
-3.1217226965
-2.5553683372
-1.6987921360
-2.3518582521
-0.1416400093
-4.1027930762
-4.2782920466
1.7960722866
-2.6835766797
-0.0774063119
1.9966757367
0.5203540777
0.9725965868
2.1554527389
1.0210636438
1.3411049076
1.5578482361
0.9211638229
1.2513038592
2.0005571391
-2.9793400721
2.6124633138
-1.0829746269
1.1859111540
-2.0845512740
2.3537431507
-2.2674844201
-0.2341799590
-0.1919342573
-1.0981949536
-1.6029707885
0.0191026001
-1.4192570628
-1.5833536181
-4.4261308677
2.4790039451
1.7380427265
0.4059060943
1.7001935312
-0.8079972461
-0.4994726206
3.5836701478
-1.0140514601
-2.7116263716
-1.3604684485
-0.2595290718
-4.0928838293
-0.0176297204
-5.9798594158
-1.2562450207
-1.6337200940
-2.6766559207
-1.0717620633
0.9687284262
-1.5105214974
-2.6603093561
0.5781999407
-2.6555566814
0.6377522385
-1.2075886447
-1.7262609981
0.0596415159
0.2414206227
1.2461399550
0.0746520461
-0.6982148831
-1.0751180797
-1.4289577549
0.8803569897
-0.7882165458
3.0997645723
-1.5790190398
-2.0944955753
0.6410255866
-0.4389866407
-0.9054526007
0.5182957365
4.3828121868
-1.4626809359
-0.4109226082
0.2502389008
0.4832379486
-1.4232559571
-0.5137576636
-0.8445271186
-1.8026916358
-0.1618576420
0.7965042862
-0.5460282796
-1.5799538151
2.2472257987
-0.3693954885
2.9607339900
0.2768886965
2.6995019085
0.1605959717
-0.2277292903
-0.6994577888
-0.6633759528
1.7738007753
0.5053163533
-0.0245225220
-1.7790147556
-0.6823906940
-0.3703692105
-3.2224281317
-1.1134813697
-2.5703848504
3.1806359101
0.5248480474
1.2077385212
-1.4539153914
-2.6073064482
-0.3788007779
-1.2161080574
0.4070080023
-1.9352145839
-3.4325102150
-0.3290489268
0.9790363822
-1.0408729444
-0.8004137106
-1.0512357974
5.5526276252
-4.3489977461
0.8965228663
-0.7290922216
-0.5400633335
-1.5834492731
0.1122999424
2.4103241780
-1.7065360620
0.0251817759
-0.5659411452
-0.9289648311
-0.8873283019
0.0334582041
-0.8040560073
-0.8119820123
-2.8394909288
2.9699615367
-2.8894207902
4.3202812049
-4.1196148118
5.0131248180
3.8289616356
2.2816132463
-1.3848621327
-0.5522054643
-1.0962347662
-0.2382066700
-4.6161979871
4.4643180855
-4.2643568862
-4.0287352324
5.8150876919
-3.7632514351
-1.9238407900
1.7699525706
0.4535325094
-3.3461420604
-0.9217181396
2.9030170269
-4.0508322254
0.2012322854
-2.5982337038
2.7658330545
-1.4264771617
1.9838412895
-0.2338771675
-1.0577512916
2.3497857851
0.6097546501
0.3503917066
-2.3565123777
-0.5086534464
-0.5835158059
0.0637612245
-3.1948116232
-0.1370363441
-0.2002160447
2.1612541569
-0.1012982236
-0.6893163189
1.4635939184
1.3213753265
-1.5019010410
-3.7386689322
0.3438144890
-2.3513867276
-0.9112719036
-0.5557975437
-2.2417077267
-2.6832761048
0.5092331020
0.9586959951
-1.5189143196
-2.7665016821
-3.0919161997
-1.8368157851
0.0676544539
-0.2458845479
0.9112606894
1.8895718196
-4.6932204192
2.2487183581
-1.3142255577
0.8858275883
0.6233825078
1.8267579826
0.9284728501
0.6381279755
-3.0139842879
1.0791969292
-1.9512926137
-2.6332957747
-1.8099096572
-1.5650232159
-1.2837637085
-2.9862479982
0.5754908484
-0.4964590124
0.4270361368
0.3347808824
-0.7202582741
0.2779574706
-0.5130852496
-0.3452020675
-0.2625848048
0.5560194608
-0.7961489059
0.6160652453
-0.0286999687
0.5365859502
0.5390215296
0.0151826793
0.6026089830
-0.0480796171
-0.5355240003
-0.1085439689
0.1790871266
0.9181033138
-0.2938847011
-0.8563678078
0.2830595417
-0.4141215576
0.8636862143
-0.4779000543
0.0555320614
-0.4777399402
0.6367978454
0.6792447593
-0.7819293140
0.6473611123
0.6547204092
-0.1718432756
0.7967107163
0.6472799630
-0.8559064832
-0.8383871346
-0.3760030507
0.0885069651
0.0674891966
-0.6161927489
0.7762988886
0.8593961042
-1.0371775608
-0.5000671426
0.7962692194
-0.9448707093
0.7993794448
-0.1729028080
0.6759870355
-0.6013344420
0.7724819117
-0.2288130582
-0.9317670533
0.2227523370
0.9726979269
0.9697138344
-1.1380424940
0.0668544515
0.2700223319
0.0902715503
0.8925832485
-0.2666504481
0.6866740743
0.1589759975
-0.6060451777
-0.7001802434
0.1151159177
0.6356193416
-0.8835687415
0.8607213555
-0.4501323268
0.6017460127
0.5366757977
-0.8639664300
-1.4281827460
-2.9305703184
-0.7472204322
-1.8059580921
-0.8011383502
-2.6073425223
-1.5745110197
0.1889231079
-1.2563865414
-2.3174204171
-1.8595579500
-2.4196957763
-1.6172727239
-0.9148599061
-1.7438371915
-1.3403083676
-2.6562896618
-0.7724688153
-1.2638754993
-2.2376038856
-1.1918378336
-1.0450788944
-2.5080949386
-1.2953271072
-1.6202672009
-1.6972297815
-2.4549785766
-0.7621161539
-1.4339077272
-1.1946930103
-1.2563450864
-1.5975048707
-1.1006636565
-2.8221422407
-0.3515334607
-2.6060298585
-1.2178368957
-2.4007160742
-0.0152224608
-2.3646600105
-1.5809393367
-1.8586742163
-1.2555665776
-1.6295519270
-1.2193592305
-0.9654771454
-1.8281830867
-1.2925503945
-4.8798254834
-2.5231437502
-2.1415723629
-2.5797914028
-2.2192691769
-2.3537908033
-1.6696413238
-2.2620020940
-1.5536015128
0.5674184255
-2.5826701072
-5.5770596417
-1.8834003055
-1.1573219030
-1.0094513841
-1.6214747308
-2.4029139030
-2.5954682017
-3.3327160583
-2.1703866750
-1.3796720888
-1.4873212271
-1.9887784758
-2.6924552746
-3.7312126362
-0.7956209797
-1.8894742218
-1.7229366091
-2.4619445325
-0.5140225190
-1.5718945183
0.2602987326
-4.3045918247
4.4342771914
-2.8971037265
-1.9948828354
0.4062395629
3.4574025248
-2.2559495136
0.4990776565
-3.6701338888
-2.5629860830
-1.2329105515
4.9767202182
-4.7343398970
2.1805402016
-0.0202401357
-1.4903997291
-1.3766404824
-0.6070638974
-1.6386025707
-2.9351495863
1.2046542175
-1.7002469281
-0.1085360365
-1.1712141110
-2.5919638741
0.1468393464
4.8022932157
-1.2170771847
-2.2828034594
-0.9165009014
-0.0293946697
-4.4941890463
0.1791917237
-2.0840688119
2.2662047867
1.6549857626
-0.0320284918
-1.7282410402
-3.4774395368
-0.9168246464
-1.2926607837
-0.3244846074
-2.9959537633
-0.4215632086
1.7088324377
-2.6197599930
-2.4346457849
-1.1023132293
-2.0603656686
-2.5824569842
-0.0475943622
-0.6131251458
-1.9634209050
-0.8775995221
2.2680893668
-5.0367559329
-3.4944357700
1.8080592807
2.2958854878
1.9815818120
2.7065203711
2.0983828492
-1.8820888799
-0.1983262494
4.6870687377
-1.2785907229
-4.0312589763
0.7619149334
-0.4898194989
-3.1618968963
-2.6070081682
-3.1107345210
-1.4659181843
2.6040297408
-3.3725627725
-2.7955412130
-3.9248735450
-4.7484884476
2.1660627357
-3.0589938950
-1.8072238443
-3.1520312092
2.0872672284
2.3487492646
1.9416628839
-0.6534032267
5.1477424293
-2.5492414437
-1.5023869990
4.3890997927
8.9687715131
2.9140631952
-5.0866989250
-2.4591819087
-2.4795487502
-1.5982237001
-1.3776135338
-4.1309793762
-0.3838308460
-1.2944172173
-2.9025147184
-2.1905355661
0.7432751783
-1.9762958028
-2.1093279092
-2.7516754338
-0.6411342878
-1.7004335831
-1.3938781420
-1.0970671278
-2.9147084114
4.2483113856
-2.5172825069
4.0531881875
2.1522839917
-2.2993911022
-1.0489453428
-2.4298715424
-1.0067317824
-0.5901823155
-2.6502349977
-1.7145563416
-2.1671526909
-1.2601588002
2.6117365877
-3.0280482968
-0.4724804245
-0.7226447445
-3.7490747717
3.4868276206
-6.0827427794
-1.0970518892
3.3101237037
1.6079007211
3.8139905403
2.6504700662
3.4007029204
-2.8430397154
-0.0001738885
-1.5840684635
-2.0884565492
0.8396800450
-0.8908642705
-3.8697028700
-0.6048069137
-1.6749028814
-0.6561904219
-0.9571841577
-1.2675605313
-2.0204486064
1.4755671085
-1.3580846843
-0.5530733945
-1.2362534737
-0.3535524082
-4.3615223978
-5.3552754097
3.9486154653
-4.0029734855
-3.4217328457
-0.2657333212
-2.4464495505
-0.2901401035
-1.1197158387
-1.4822074303
-3.6025847862
-2.3919748440
-2.1472876367
-1.0160044165
1.9671366525
-4.3897838300
-1.4700110502
-3.1476304467
1.2243756704
-5.5962242486
-1.6574119623
-4.0665064808
-1.2291073919
-0.6744919692
-2.4146529347
1.0268274580
-2.3173173315
0.8889257900
0.4194477909
-3.1149279350
-0.3152486192
-2.0922911211
-4.5225163505
-0.6431029486
-1.0969141939
-3.0264124833
3.5745796826
0.3032437054
1.1773483043
-0.8826560600
-1.9752982748
-1.3575197823
-3.0021144787
-0.3300180863
-1.5583450420
1.7287500734
2.9075448756
-1.2111665473
1.8106556771
3.4640973665
3.5316105584
3.3003323809
1.3119855001
0.7023875412
-3.8918901141
-3.9290587380
-3.6704480379
0.3541493588
0.9573735919
-2.3318528607
-0.9515078011
-3.3427438008
-3.7444798111
3.5715980773
-0.0366894204
-4.4965132819
0.6431779917
4.0455032104
2.7571786539
2.0562188353
-4.3342645811
-1.0575259095
-0.7686567228
2.9992867162
1.3454913205
3.2441806814
0.0423268905
3.9858562609
-0.9666826668
0.8092984932
-1.2350956641
-1.3780033075
1.2892210130
-1.3392341292
0.2650920412
1.1565806112
-0.0656002296
-1.3328749482
-2.7690914845
0.1416967163
4.1868551673
-5.6261882023
0.1648598579
-0.3695464125
2.1146664065
0.4735454260
0.7175381670
0.6352056640
-3.6783659064
2.1681803915
1.2611310444
-5.0675075875
-6.4863625827
-2.1869081160
-0.5606110722
-3.7137856717
-1.2405777012
-0.7217704902
-2.6737611168
-2.3218798490
4.3129091693
2.2136661359
-0.4749356982
1.0956499634
0.8788940149
-3.7715400843
-0.7787200743
-0.7910333474
-0.2458338824
-1.6830492348
-0.8517614400
2.2651030621
1.0887113023
-0.8764193193
-5.5867232647
-2.0179092778
-2.1307866773
-2.0687374801
-2.7274929234
-1.8894371408
-2.5538078976
1.0758168238
-0.7555435863
-2.6106593458
-1.0265261109
-0.5016545683
0.5795570925
-0.0387691875
1.9880274141
-0.7107083912
1.7292079347
1.1250280611
-0.8321229514
0.5344589169
1.6047514807
-5.2563902663
0.1752986874
0.4301751302
0.7405829625
-1.7408580596
0.4625712808
-2.2490457464
1.2707099794
-5.5622018331
0.1325629258
2.8608606406
-4.1615695514
-2.9983485500
-7.0801187922
-2.4395037720
-3.8426959952
1.1905681581
-5.0084976956
-4.3036917967
-1.2112794635
-3.6625161788
-2.5212766320
-2.6773295722
-0.9579045630
4.7358037746
2.0830447120
-2.3255090918
-0.4782584945
-0.4831912752
1.2582764748
1.3221238174
0.4929034937
4.7240735317
1.8068042820
2.6526199780
1.4889916143
-1.4656406473
1.4076209148
-0.8735353631
-4.7312161026
-0.5860699594
1.3077775665
1.8509985635
-3.4461776476
0.2272996911
0.4824202700
0.0658772950
1.0714408697
-0.8127205607
-0.9829430643
0.6356171305
-5.1568301574
1.9914335827
2.3738444278
-2.2560989269
0.7679315887
1.3830928350
-1.4685652099
0.4797081199
0.0028501492
-0.4932212466
1.8524302983
3.3271434301
-4.1071472023
0.1042742966
1.2145410423
0.5748027648
1.1664558600
-2.3476120526
2.0428931434
0.5986194933
0.7472560161
-3.0882984582
-3.7252091767
-1.9192777780
-1.8484367547
-2.1878340457
-5.1699217467
-2.1972089634
-3.7557834393
-1.4579687211
2.0183667154
-2.2558217501
-0.5853313335
-0.7419023130
0.6280611164
0.2471756218
1.1229535242
0.0700087142
3.5877202995
0.0275150302
-1.1819303829
0.7512217416
-0.3498252362
0.0818082635
-1.7463473756
-2.1267853623
-0.1865728916
1.8135064456
0.8340884752
-3.4834189474
2.3379056601
-2.0614940033
1.1097952238
-2.3396869109
-0.8187397952
1.1546434905
-0.6956926787
-0.6795564597
-1.1782185809
-0.3471074720
-2.1622014079
0.4745336097
-1.5742215807
-0.1820885015
1.7541828614
1.7787772016
0.7010130802
-1.3844104117
-0.2642693812
-0.7051075717
-0.3246884606
1.9646537022
-0.4730311857
-0.6345620490
1.0776806618
-0.5045715326
0.3459006046
1.7768333720
3.1011366210
-2.3099890949
1.5643833740
-0.9110873542
0.2488438057
1.3018483785
-2.1945441831
-1.3265634254
-0.0207787630
-0.3934617150
-1.1147961087
-0.3081172274
-4.3250947026
-1.8970959972
0.0909487166
5.2156090503
-0.3023174644
-0.9367522334
-1.0374939032
-0.3185520005
-6.2853691841
0.7661716844
0.7111968903
-0.3462815422
1.8876824758
0.1707177903
-2.7033494833
-0.1890648555
-0.9931691715
-0.5903811701
-0.4550647584
-1.5516851553
0.2249897939
0.5575453750
0.1484199683
4.0133334487
1.8528006149
-0.6864966274
-1.5251654151
-2.5041230307
-0.3834928369
-0.5800449325
0.5665724003
1.0969886437
-1.0432206543
-0.3075378314
-1.0284992674
0.8824537441
-1.0338107311
-1.5814879124
-1.1363321902
-0.9891622270
-1.2624797822
-1.9506120878
-0.5366200824
0.3549420276
-1.0062019471
0.7003926128
-0.2198843362
-0.6284896292
-2.6916199421
-0.1873415127
0.6499635566
0.2018915061
-0.5804284581
-0.0328117613
-0.7179602822
-0.1495352515
0.1239267013
0.1894787436
0.1191078758
0.2222645453
-2.3499695495
0.0639652625
-0.6834641513
-0.4643494794
0.2098235563
-1.0450736889
-2.5014047676
-0.2962227442
0.1709449313
0.5838840460
-1.2753469016
1.7335593255
-1.1635382148
3.2731191893
-0.3728963049
1.3024707362
-1.3916267328
-1.0733681809
-4.2154988589
-0.2211221944
-0.5331344408
1.3360791391
-0.4890449256
0.2474651492
0.2194691772
-3.5111635256
-5.2304248485
-0.4098894532
1.2218910085
0.5916328150
0.5068017704
-1.5986024490
-1.3049285222
-2.1887263427
-1.0729218231
0.3701544721
0.4167426828
-0.0926968290
0.3006308302
-0.3173675838
0.2694795628
2.3441116777
0.6631421975
2.7916744700
-3.9697696024
-1.9015954845
0.8761157085
3.2046420215
-3.8409534244
-1.8559643792
-4.3404586148
-2.4437446400
-1.7747587796
-4.5588993372
4.4063486662
3.2015804299
-2.3961056547
-2.1616669817
-2.0281306224
1.0037593832
-0.8828887260
3.9610563360
-0.1478397762
0.7966921396
-1.3413631787
-5.0521137020
-1.8648411911
-0.6675831673
-1.5020276989
-0.7287848212
4.4002553531
-0.7390667118
-0.2826342978
-1.3104481007
-1.4907926975
-3.1278075590
-0.5663764711
-2.8314858338
1.4238445710
-1.8730854708
-1.5342788533
2.0613939095
0.7918522986
0.4776447338
1.7117424381
2.3679401436
0.7360324000
-2.6219265762
-3.0457796500
2.7962564749
-0.1239099418
2.4694138888
-0.7923243562
-2.4732623031
-1.1544423035
-2.3539715100
2.4890151534
-3.6051173439
-0.7271117332
-2.6997682951
0.6385475567
-2.3771495820
3.1852346146
2.5591145656
-1.9902801402
-2.5154568445
-2.6242221938
-0.0197837656
-1.3780961170
-2.4447299525
-2.5207257943
3.6982437875
1.6269407514
-1.6224263169
3.7889608473
0.0470247377
-2.8842918370
-0.1767392892
-2.6408446136
-2.4019338040
-1.4477419265
1.5626214612
2.0708889773
-3.2592170928
0.1522138217
0.1264933365
1.4336838362
-2.1226934413
-2.4202196714
4.7355195716
1.4102147632
-4.1747648630
-1.0813461245
0.2263736684
2.7767962128
0.2691464918
-0.6202616197
-3.4110692566
1.2246807095
-1.6282982351
-0.2398336277
0.3634318235
-1.0213224793
2.1680907285
1.6495580176
-0.2480673380
1.6755432336
0.8493042426
-0.2514222985
-0.8685970406
1.0940817643
-3.7592937063
-0.1474856613
-0.2575698722
-0.8958428679
-3.3127497480
0.5370643549
4.1870770716
0.5426943084
-1.7261718689
-5.5333189088
-2.3000191603
-2.8386522514
-4.7742645920
-4.1345922509
0.0868606859
-3.0021996864
-3.3359921350
-4.4303540182
-1.5573334671
4.2178058124
-2.1790930250
-2.0654106736
-6.0021699397
-2.3272661447
-1.1145322863
0.1802791414
0.5818010706
-2.5454266994
-2.4079807808
-1.1276398637
4.0190988904
-4.3078165820
-2.9475962700
2.2259891580
0.6836277602
-3.4346407720
-1.8648692344
0.4723873815
-2.0828595585
-5.1063018974
-1.4687395018
-0.1737742350
-2.9852744069
2.5694940453
1.9180534968
-2.0432872160
1.0935673158
-4.7929298213
-0.2186268772
0.5042623577
-0.4544763868
2.6642187503
1.7365868186
3.0511049966
-1.7735522236
1.7313544597
0.0028776774
-1.9537172666
-2.2706667902
-1.9222324260
-3.7485137284
0.6170849322
-1.2376774986
2.7510581911
4.3547875604
-0.1422814569
-1.8269163663
1.8223380167
0.9985639804
-3.0683362767
-0.2438357053
-3.7359689119
-4.6500835181
0.9326087890
0.0668655729
0.5910500536
-1.3561116126
-4.3222537175
1.2797453201
1.1378236917
-1.0555181374
-2.9852583742
-0.4031813219
2.4081324879
-5.6386593088
-0.1893561645
-0.9681061670
1.2806306015
0.3352339918
-4.6597711887
2.7708129448
-1.3960599208
0.3355720218
-1.7929772880
-1.8926988638
-0.8424037711
-0.8185557058
-1.0156975501
-6.2660390003
-2.1635331228
-2.3025913767
-3.3740867690
-1.8796115938
-0.2850626185
2.0773234987
-1.7716483271
0.1536611507
-2.5291957445
1.0184565267
-1.3233848154
-2.1955073815
0.7899850289
-2.6978756786
0.4514044009
-0.0501835616
-4.0053540462
0.2254487103
2.7548387018
1.1617781597
0.7524493506
1.9132807691
-3.0877155747
0.0807073154
-3.7228100547
-2.8206376188
0.2931939887
-1.1740963805
-0.5304232504
-1.6712971483
-1.5727991763
-1.3136566285
-1.5318325647
-0.9098040858
-4.3159237657
-1.7592830107
-5.3730476340
4.3920978055
-1.3862919498
-1.6924200383
-0.3784292288
-2.2314119295
-1.8526472567
-1.5458574925
-0.1139023879
-2.7098304101
-1.5508615239
-2.0623983879
-2.1941503478
-2.4584794139
-2.2467534708
-2.5991210352
-0.7688472013
-1.8142228809
-1.1585847849
-0.3175614341
-1.4963217813
-1.5290122892
-0.1848076743
-0.9523557923
-1.4635912538
-1.8869097260
-3.0555246903
-2.1373962490
-0.5687297671
-1.4533775092
-0.9096949489
-1.4890883692
-1.8730887179
-0.1810376399
-2.1599423142
-0.7467216075
-1.8973231002
-1.8759964823
-0.7855535563
-1.9491304918
-2.1533270817
-1.8817122030
-3.0348876354
-2.6495418206
2.4945027621
-1.6747551838
-0.3543723580
-2.3893209656
-6.5035599460
-0.9690505542
-7.5609302500
-0.2938368090
-2.1924711038
-1.0376296248
-2.1458615479
-2.9000047294
-2.1211084588
-2.4458386838
-0.7316501661
-1.3777561471
-0.7715751969
-1.0666835460
-0.8246394028
-0.7005832825
-0.9788595414
-0.1257665780
-0.9860891094
-2.9336826334
-0.4655531710
-2.0034053499
-0.5073033661
-1.8926599518
-0.7558050642
-7.1782887926
-1.2185454175
-0.1046149789
-3.3810381029
2.4595532325
0.3506019162
-3.9123448160
3.8504883665
-2.7067059844
0.4169217942
-5.0033825106
0.0365148724
-0.6308378613
-2.0614041694
-4.7503781900
7.3550287656
1.9677119550
3.3240224478
-0.7920792262
-2.4238853078
1.5556177802
-1.3639332666
1.0584938630
1.3535921955
-1.0918961798
-1.9472519701
1.6381309718
-3.1062034379
-3.7682944381
-1.0512678423
2.1905393777
0.5338810197
1.3210431911
-2.6364865050
-0.0143849863
-1.4343102589
-4.5876624848
2.5212550800
0.5638486969
-0.3918528733
-2.0058172199
-4.6797265001
-0.5143465222
2.3529670789
-2.5790269913
-4.4968252680
-1.9085286881
-1.2928140998
0.0043407372
2.7911526942
-0.3350143571
-5.7180959360
-0.7676012897
-3.7502799654
1.1788196708
2.6102277542
1.1728455113
-2.2701170809
1.8480125966
-0.0741607290
0.3486788512
-1.0686962143
-0.2406121426
0.7708116451
-1.6663395914
0.5741249300
-1.4504864926
2.2604219995
0.1237508588
0.4920255348
-1.6115442487
-1.7802489848
-2.3933834766
0.1348749487
0.1204704471
0.5536168477
-2.6672234948
-1.6493845295
-0.4307280116
-2.1078925033
-1.1308648140
2.6213212253
2.4808548381
4.8811103106
-3.1007206755
-2.2049269525
-2.2410869126
-3.8207357721
4.6170395804
0.4331455917
-1.5041896248
-1.2186811047
-1.3902669566
0.2746119826
0.6295910189
-0.1588649207
1.1831092932
0.0827809335
-2.3304004006
-1.0739286600
0.2987311099
-0.3508991161
-1.1131511796
-0.1166225970
0.0718511269
3.9045966844
-1.8564997198
-1.0779691361
0.6867601649
-0.0090880097
-2.2829857621
0.4915617767
-0.7034088983
-1.9871469595
-0.2223150078
-2.5373694325
-1.5669346759
1.5489611563
2.7569230447
-0.1996234400
-2.3535119607
-2.1104862172
4.1018130613
2.7129624563
-2.1243875336
3.6666158133
-1.9805473422
-5.2470125804
-1.4743411748
1.3070853264
-0.2675414274
1.0271767838
-3.8190975790
-3.7974223323
0.9874030542
0.4244355691
-1.4589534398
-1.6464515900
-0.5146475068
3.5958578752
0.2763106266
-0.6275315448
-1.0265560090
-2.0301643305
1.0003893245
-1.4575993013
1.0937243017
-0.0794476693
-2.0450230425
1.1607425532
-0.8826079933
-1.7223125988
0.8219537985
-6.4139494658
4.1002828325
3.0497699871
-1.6067654521
0.8006349321
-0.2249797696
-3.8403502911
1.9390117077
-0.6097538248
-0.7285152184
-3.3849095976
1.0043845078
-5.0457449426
-0.4326944634
-2.7519628366
-0.9705814842
0.2503310971
1.4894207694
-2.1984200228
-2.4411145718
1.3424498234
2.3635615622
-1.5946708599
1.3096741946
1.7771660690
-0.9365792693
-4.8816768016
-1.6079698241
-2.6968277613
-1.1721261326
0.8669493908
-1.9081666590
0.1901654050
1.1602327996
-0.3337118347
0.8352555048
-0.3972467092
-1.0645414974
1.6419574801
0.1143959215
0.5306473423
0.3962652854
-0.0882950320
0.3488014361
-4.0077108184
-1.3806134644
-0.3380864590
-2.4220361334
-1.0944183243
-2.7349025935
-3.0325462863
-1.6156025641
-1.0547210914
-4.1199095817
2.1316784610
4.4122890744
-1.4198986793
-0.7335726523
4.1322672330
-1.4180460093
-2.4896932427
-0.6988457385
0.5900684434
-2.0959471517
-0.2418149462
-1.7954587626
-4.4239644416
2.8317194144
-2.3689302727
-0.3318361416
2.9581108536
2.6713115068
-0.4699086030
1.8137449413
-0.5460110472
-0.5209061679
-1.8608320659
-3.7590751158
2.8717340234
1.0589109078
0.6710684409
-2.7326694742
0.8288320708
-0.1679323938
-0.4640935047
-0.0283019838
4.5666568456
-5.5722606814
0.9942872855
-0.9298421730
-2.4275185028
2.3926787799
-1.9477668156
-0.0359784795
0.8500277812
-0.2273534819
2.9046604425
4.7585370769
-4.3115638564
0.3911523709
-2.3224705302
-2.4130465175
-1.9366616635
-2.2168202620
-2.0025249205
-0.2420495906
2.0035027312
0.0103764432
0.0327524615
0.3729007147
1.0922077344
1.1138879813
-0.5139247788
1.9292263860
-1.3684723970
-1.2167873430
-2.7052939924
-1.7805790959
-0.8275658239
-2.4719217403
-1.7403786343
-0.4804333243
-1.7679042910
-4.6364675766
-1.5316290932
-3.6683840547
-0.4243414507
3.7776918843
-4.4605644460
-0.2660677346
0.3368843066
-3.2709634379
0.8416359957
0.3409376998
0.8668113924
1.8068915538
2.3635233792
-1.6365138536
-0.6916647261
-2.8361887670
-3.0876571757
-2.3750535143
1.5503400198
-3.1525517140
-1.5121550882
-0.7008607726
-1.4360111058
0.1439864466
-1.2761373117
0.3499699988
1.9282295209
0.5270021810
0.4805750891
0.6789000310
1.3673747326
-4.8604623624
-0.6894405585
-2.0812769731
-2.4076176420
-1.9662812237
3.2582570394
-1.8750608547
-2.5855545757
2.5260890997
-1.4488470326
0.8428234171
0.1617978100
-0.6420542059
-4.7637571999
4.5346295984
-3.6836387978
0.0998730038
-2.2820353137
-0.9688646689
-1.5868943843
4.1573220360
-2.4369686499
0.5272485733
-0.0764530547
0.0812515288
-2.0269070967
-3.2751754499
2.0962370983
1.5867566148
-0.9619418582
0.0374957207
1.9273322085
1.8156812838
-2.3713320920
0.1865916056
-2.8111685068
-2.2131044409
-2.3919998820
-0.1050839910
-1.1649375158
-1.7579308178
-0.3948486738
-1.3442481603
-2.7695904313
0.2017747051
2.2423281648
-2.1409761209
3.2013908879
-2.6953319564
1.3763885432
-0.0326657967
-3.7730190956
0.0531208943
-3.2014004165
-1.2634992795
1.7962035175
3.1242801749
0.4565394422
-2.5135811517
3.2995096824
0.6490885918
-1.1866519438
1.9941553942
-2.1447217647
-3.9425128277
-2.0655671056
0.8692669275
-0.2486160951
-2.5224642971
0.9404917122
-1.4772586863
2.0178920529
1.6704453205
-0.4571911215
-0.5460323590
-0.1693869917
-0.5575056820
-2.2958749641
-1.2969682810
-5.5806687786
-0.9323471470
-0.9267235846
0.3479530699
1.5397355278
-3.3585996017
6.1693385953
-2.2482314823
-0.2079165777
-5.8158705529
0.5538933372
-5.1356933850
-0.4650502643
-0.5908880168
-2.9924503027
-4.0080255095
-3.7130396774
5.3698266704
-0.6505601363
0.7282365986
-0.4536291114
1.5109001388
-2.8907761607
-1.3500018176
-3.1685336107
-2.2470176712
-0.2901186668
0.5003686347
-0.2458762799
-3.0448427945
0.1023598493
0.4056419076
1.3707543688
-2.3167275345
1.4913873770
1.4488849728
-0.4793274557
-2.3601738565
-0.5124428953
-0.9229625122
1.0929208931
-0.4818954264
0.9501653593
-2.1433077527
0.5218884539
0.6416743942
0.6449187391
0.3507906958
0.1977495158
0.1010649586
-0.4105305004
0.5878254360
-3.1257220401
-4.1174248218
-3.8689399985
-1.2939367913
-4.5513026865
-3.0915657135
-1.6091389007
-1.1115132695
-6.6776531934
0.3936066486
0.8964565540
1.3343334309
-3.2063397376
-0.0029207510
1.5745063552
0.1294060256
-0.3451443789
0.3399879185
-1.1247460940
-4.3886022348
-4.6327316127
-1.2729142237
1.3587188203
-1.0372625667
0.7078059369
-5.4454421081
-5.4436601210
-3.5716333514
-5.4485828210
-3.5576237737
1.6631989636
-2.3275640833
2.0998359043
0.7210214834
0.0104934817
0.7235503007
-0.3404724669
-0.7276652699
1.6898710969
0.0348659454
-5.2522270522
-3.7636689129
1.1536876082
1.1508927388
6.3677169393
-4.6718018009
0.8812580690
-2.7505925782
2.3256478663
3.1402062088
-1.1257724438
-2.2987618753
-2.5443624798
1.2703446923
-5.1919953171
1.7222845479
2.6130987073
0.2888973266
-0.7748320870
0.8358380121
-3.7013132622
-0.6455867586
-4.0076610033
2.8056745762
-2.0906556116
2.2497140832
-2.1665467937
-2.4590249830
-1.2847978820
2.1134407497
-5.4670095132
-3.2744077859
-0.5567892688
-5.5613414913
-2.6209979396
-1.3968979838
-1.7096665735
-0.4511350457
-6.5598125284
1.5262598690
-1.6951073281
-1.5646115805
-2.6550421398
2.1365201062
0.6314870556
-2.7454188277
1.8403231761
2.2032986562
0.2008183994
-1.1842351923
1.2674073593
-1.5670057414
4.0597331712
-2.4588580177
-1.3512251996
0.6462606478
-3.2696600623
2.4373667754
-3.5780564496
-0.2499883126
0.2331022554
-1.0734456743
-0.4343235655
-2.2685122618
0.4987136369
-5.4868147427
-3.9348187550
2.2954556165
-4.8866121981
-1.5971374821
-2.0910760010
-3.6165252938
-0.5553760749
0.6619854070
-4.1965537961
1.3064087940
-3.5440009064
-0.6693993848
-1.1637922463
-2.4984771258
0.1580304124
0.8689991317
-0.3231110224
-5.2907094018
-3.2254158310
-0.5189260759
-0.1881320989
-0.2631315927
0.5983478000
-1.7879279730
-0.4875060583
-3.0254642625
0.9044332878
-2.4610276235
-0.8476633484
3.1117850485
2.3454030444
0.4399667200
-3.1339709669
-2.3828153156
1.1445936345
-3.0263562029
-1.4866442237
-0.9504449893
-1.0863205902
4.1038527879
-3.2869046933
-4.1266113418
-0.5274094922
0.5346621110
-0.1893318807
1.7780802163
4.2542327873
1.7182010340
-0.9233959069
1.9508370037
-0.9092931123
-0.9452534732
-0.8239798664
0.3029347342
1.4832489204
0.1956723321
-4.8091819298
2.7354865038
3.5602738108
-1.6045307216
-0.9453148315
2.1066521741
-2.8136040803
1.5842166503
3.5846153315
-0.1469035367
-4.4382825233
-1.0152916202
1.9725191419
-1.4366128915
1.7301182694
-2.0759683676
-2.9699518005
-1.4578457488
-1.0433236456
1.3546911023
2.7913303333
0.1109316423
4.1091394492
4.2365729355
-1.0342178784
-3.7836300911
2.0421277126
-4.3335676840
-6.0824024378
-7.4124659263
1.3189216621
1.6516799665
-5.4283003760
-1.7245666657
-3.9359804840
2.7863803476
-2.7134598765
-6.2025066730
-1.4275658975
-0.4948430288
1.4168433027
1.0726391118
0.8740735690
-1.3999528708
0.5238384830
-2.5383967309
-1.6566264624
-1.5966499697
1.5338072653
-2.4888907607
0.4618753144
-2.1464772284
-0.1662301951
3.2117355482
-0.1829012722
2.0129710896
1.7118179467
2.8701822934
-5.6490161439
0.8314094092
-0.4537916402
-0.8345871922
-0.8109215017
4.3041241769
-5.1321817123
3.0027760162
-1.7382044485
0.0243428160
-2.1599433855
-2.4051847272
-1.9808800258
-2.9442192263
4.4537688825
-5.3008497912
1.4942552303
-0.3584275650
2.1489597766
2.4796373775
0.5360753485
1.5953915334
-1.6016240255
-5.8475906001
-3.1823179113
-4.0876829986
-2.8125271524
-2.6446370264
-2.6613519995
-0.3309712743
0.9537060351
-0.9286274532
-1.8682367603
-1.1658561482
-3.0814853098
-1.2505253637
-0.9853674693
-1.1561890023
-1.7865410623
-2.0518808701
6.0892462463
3.2376978538
-0.8995415564
-4.2784192485
0.0288110233
-0.3060485690
2.3095097874
1.0637575158
0.7026014410
-1.5236861989
0.1705421941
-1.5984871047
-3.4862479724
1.9818333918
-0.7200994506
2.9339192628
2.0065788902
-2.2564759384
-4.2888479589
-4.5030324877
-1.3178745084
4.8777309274
-0.8385893304
2.3358522747
-3.0918867255
-2.0390137374
-4.0505821524
0.0821479466
2.5543658777
-0.8437146913
-1.7600515849
0.7725676005
-5.8562961247
0.7380056632
-3.4732703626
-1.2267242420
-0.8486665238
-0.3610333822
-0.8619158968
-0.1481217090
2.2088440730
-2.9021916606
2.1195921548
-2.7296670062
-3.2997861603
2.4846856377
-3.6706450121
-2.1891833107
-1.9431227764
-5.2193621138
4.7817905409
-2.0080705726
2.0013424998
-0.4459628015
1.8306805545
-0.6967634171
-0.5967948633
0.1499759810
-4.1695475415
-3.7391609312
1.5316662462
2.0837790672
6.9203051390
3.4285271726
3.7014502393
-0.7852651162
-2.4342010899
-0.9896282463
-3.7241794503
-2.2327365382
-3.3912401453
-0.0188585507
1.2801761392
-1.7858170025
-3.9717692691
0.7220733587
0.1963997038
-2.6537698681
0.7590508634
-2.6675230668
-1.5881882834
-0.1058185828
1.2494075337
0.6263445929
1.0649441136
-2.0518711197
-2.9649811000
4.9987384155
-3.4780697104
1.0922464454
0.8004329525
-3.4893309829
-0.9993509503
0.3960362383
-0.8431586775
-3.1781530374
-1.0374117016
-0.2418379724
4.1308150979
1.1532838350
-1.4821112179
-2.5592760103
-1.9477630519
-1.4852212845
-1.7750687040
0.6173259990
1.2612195224
-0.9210635790
0.1260878785
-0.4034998117
-0.0410279514
-2.0098577975
-0.5518866767
2.1705834996
-0.3620360043
-3.3476490040
0.5434155251
0.3617848843
-1.5212357324
-0.0870019159
0.8319771417
2.0741249663
-1.2215924901
-0.8729031980
-1.8310790051
0.1748577049
-2.3412671062
3.6462701737
-1.4238440887
0.4236539068
-2.5377741440
-2.6252767563
-1.0216057750
-3.2955647302
-2.5004546281
-4.0212844272
-3.3392473819
-1.6038452614
-3.6987929309
1.8278273503
1.9548477366
-0.4489276255
2.1226299272
3.6981072591
-0.0929062864
-1.4370084960
1.3966106260
0.3256854808
3.0221352981
-5.9503445451
-3.9612776613
-0.1224478017
-0.7221355207
-5.5198283164
-1.8137888387
-0.1845312516
-0.4077940390
0.2944143049
-0.6371712269
-0.2644594550
-0.8161107201
-0.7001494930
0.8722511092
-0.0581772987
-0.7784527492
0.2827801716
0.3840784547
0.3553693496
-0.2616645166
-0.2240649437
0.2838939776
0.7794015359
0.2169109192
0.2028948985
-0.6122323891
-0.2068120266
0.1436599454
-0.1721805022
-0.0228727298
-0.6035969127
0.4659375057
-0.9114467593
0.0582929988
-0.4499063324
0.0613186447
-0.9193003738
-0.7162415398
0.3354082642
-0.1404341696
1.3222702706
0.8950475244
0.3791887768
0.0123177975
0.7283129902
-0.0134894806
0.3248100791
0.8061697753
0.7089016288
4.3551871380
-0.4069726147
0.4324263528
-0.6238464111
0.2830542518
0.6639625190
-0.8482431874
-0.8900775347
-0.8360816370
0.0722496603
0.3810272308
-0.3727445466
-0.7351250226
0.7068160176
0.9727337957
0.9578088093
-0.9706188914
-0.7044808844
-0.7220146128
-0.6981640536
-0.3256732952
-0.5574000766
0.4857384069
-0.5340944132
0.3906117466
-0.9009908075
0.1983741562
0.3884672942
-0.7338191497
-1.0874982944
-0.2600222211
1.2961927599
-0.3677084858
0.6089591188
0.7308906633
-0.9195032506
-0.8319657455
-4.1232219009
1.4982496451
-0.5377242160
-1.4453512590
1.2396601644
0.3683758722
5.7548128043
-0.8837786106
-1.4215130849
4.6597932057
-7.5485039510
-5.6662609038
-3.1025302510
-5.2009331619
-1.5935696401
-1.8785135648
3.5356380845
-1.4687568924
-1.9678266577
-0.9024755736
-1.2834025622
-0.8365758159
-1.4735102576
-1.1239658982
1.1794432723
-1.9994997149
-0.2551881585
-2.0035442074
2.1615286190
-1.3084657225
-2.0535360316
-1.6079346011
-3.2081640778
-4.5179369474
0.2779521334
-2.2214725049
2.5708054495
-1.6872246662
-1.6642043017
1.1324935639
-1.5103387757
-1.8893287349
0.2624935786
-1.4840227659
-0.5801323300
-3.2565846993
6.5067087519
2.4686904776
-1.7356083605
4.7459633651
2.3698642383
2.9804474161
-2.1095284663
-2.7556601068
1.3374154110
2.2576391300
-0.4517238994
4.0316896823
-8.3263977474
2.5960683096
0.8315720312
-0.8443991499
-1.1833623887
-2.7867643735
-1.9069156617
-3.5314412653
0.2508839512
-0.4330302832
1.2086125061
0.0580290496
-1.7490008729
0.2611214242
-2.1649406157
0.9912016305
-0.3493979477
-3.9249137944
-3.2895258415
1.8672573940
1.4416103782
1.4800710825
1.9105559148
-0.6679818814
-2.3982619599
-2.3790093577
-2.1714878108
1.3224228913
0.9049152349
0.0905530379
1.9349251879
-4.1064195763
-3.1330495346
-3.8652047729
-0.5647951701
-3.0422399973
-0.6870961298
-0.2142123469
2.1656997023
-2.9971022375
2.2289661877
2.6224987449
1.3773405830
0.9947135279
0.9893271968
-2.2862026834
-0.7345711711
0.5561922989
1.3820008739
-1.9909560133
-4.1952050965
2.1866973770
-5.5478636046
2.6987457279
-3.1684713041
-2.2693824714
-4.3362843711
0.8498170661
0.8451542607
2.5180585092
-0.7279549345
1.9281645635
1.9053611755
-0.6951248144
-0.1053771117
-1.4631047266
0.4884977380
-2.2220896228
0.2196885695
-3.8926064988
-3.4880320827
-2.3496906915
2.5506273737
-3.6453507630
-3.6253937096
2.2450044576
-2.9910138671
3.1431425480
-0.8166559429
-3.8734385767
-0.5400536117
3.1638395852
2.2917487452
2.9009993567
-0.6030151731
-4.1447309812
-2.6732909511
-2.2715953626
2.3654345151
-5.3034014701
3.6719291628
-4.2895019799
-1.1877687263
3.4929929534
-3.7575780788
2.0516821009
-0.5394904870
-1.3223743085
-2.2002574532
-0.3398791984
-2.0578188840
-1.2726233877
-1.8180501662
0.9508877345
0.6647888524
-4.3591198704
-1.1133926746
0.5467685128
0.4746209914
-0.5087151468
-1.1545051665
0.7375633338
-1.2732908398
-0.0231767164
-3.0495416241
-5.1422847498
-0.4461387976
-0.9149311517
-0.8590565199
-0.3733205111
-2.6690110743
-0.4990592634
-0.6203137626
0.5371508999
-2.0535449176
0.0211716274
0.4039335424
-0.9177419571
-1.5946926991
-0.8387207724
-1.3242542224
0.8703453827
1.3504995382
-1.3725623676
-1.8635833975
-0.4616667678
1.6056726102
-0.4916184360
-2.8821201024
-3.0129393376
-0.8446102038
0.6736782877
-0.9093699870
-0.8167049395
-1.8645112100
-5.9870568366
-5.0266893039
5.2025543415
-1.8435907164
-3.3514138986
1.0494611624
-3.6621379357
0.7680601344
0.6852368956
-2.3131143064
-0.4954631648
-0.3850294158
-1.4859723397
1.0421017353
-2.1730093638
3.2033338023
-2.1631072091
0.3737463928
-2.7425744063
-0.0737670703
-1.9556540689
-3.4911617896
-3.1541326330
-2.0845417511
-1.6305300677
-1.1025787585
-1.8818355411
-3.8932897609
-1.4681450381
0.8509666826
-0.8920911695
0.5894594314
1.1035513822
1.4532880531
-3.0795256149
-3.3408507032
1.8328966848
1.5018872088
2.8202862482
2.6945587923
-1.3748993567
-3.5817461102
1.6524627910
-2.1915811214
1.3380145504
-1.8105854050
1.9441511147
-2.3005309855
3.5882927244
-3.4901687188
-4.0213660912
-2.2284409113
3.7790515698
-0.3143158380
1.4352193748
-0.2186013870
-0.8055413522
-0.2551235325
-0.5231251056
1.4879616532
-0.3065042798
-0.1155653227
1.0354863361
0.4547945432
1.5290848695
-3.3910586611
-2.2673448769
-2.3362770896
3.4314292230
0.5422303352
-3.3298112338
2.4127330826
-3.6678172048
3.4206695463
0.0614233746
-3.9552397587
-0.2783741912
-5.4905848421
-2.0807800711
-4.7796334810
-2.4944891756
-3.0985022388
1.7971299235
-2.9586754244
1.5551717871
1.1547586014
2.7940233510
-0.4206690671
2.5837130785
2.4880579455
-2.3211185439
-0.6432579027
-2.2768405716
-3.2765790359
-1.7685071445
-4.7321429020
-5.6672144627
0.1152052377
-1.4641821899
1.4404636247
-2.2335916477
-2.0660101606
-2.4477233897
0.9044022743
1.5523493223
-3.9894873523
0.2405209283
-1.9634930858
-3.6155724872
-4.7443744666
0.2526416151
-2.0961443767
2.1366647841
2.0506141847
-0.4209205856
-0.1611513862
1.5023548362
-2.3008003085
-0.6613508454
-0.9316560893
2.4887327842
-0.4232685289
1.2163499679
-2.2065582462
-3.2468582558
2.0349094506
-2.3698183197
-1.0797361709
4.5205889779
-1.7942321197
3.2228895144
0.3949171197
-2.6311869613
1.1133647692
2.8433674973
-2.3220850380
-1.5602178651
0.7297935191
-2.0258877026
-0.8410986160
1.2483777573
1.6637645480
0.2582763111
3.0220914347
-1.1263947890
3.8649771635
-1.4827272560
-3.2523897293
0.9738171333
-1.4563246236
-1.3378635123
-4.6233842701
-1.9481367190
-1.1835013548
-3.9215740080
-7.3954720942
0.4369501312
-2.5969379549
-3.6083857490
-3.4701013996
0.7323616063
-0.6444355056
2.7611681041
-0.0118765550
2.2536069722
-3.3482362252
-0.9581452984
-1.3635076981
-2.7291320730
0.3798553799
-0.1404580752
-1.9749521318
0.7505817019
-1.0305461958
-0.3075726879
0.7726408359
0.1355200634
-1.4236479739
1.8230548745
-3.3357143552
-2.6477885594
-0.2878258516
0.7102816683
2.7375766479
-0.0572974240
-2.6524689390
3.4872200426
0.3387467522
1.0135599142
3.0384194547
-1.5526742366
0.8250175704
-5.2097999067
-0.9200951611
1.2978895742
1.0033474367
-3.9553237006
-3.3989792089
-5.5294236373
4.5430662823
-0.3559907546
-0.0272948693
-6.4300819446
-4.0959718094
-1.2125116602
-7.3075243482
-3.4029851795
-1.8826336451
2.5549662958
-3.2438184069
1.5458019006
0.6163674410
2.9039249497
-0.1824475475
-7.0127436265
-2.7496384144
-0.4015725872
-2.3633613414
1.2077350733
-2.9413125611
-1.1375315646
-5.0098394516
-0.4592958205
-2.8255011548
-0.2755563445
-0.6075156940
0.8269775053
-0.2624674827
0.5349168200
-1.1440130576
0.9190882195
1.5917197775
-2.5584941392
-3.9792897564
0.9033389873
-0.2545301934
-0.1063876714
-0.4442709091
1.0294086311
1.5483716318
3.2243854577
-1.0561659950
-5.4080100683
3.8677657358
-3.4521634613
-3.2573105035
-0.4168754160
-4.1032509399
1.0133060424
3.3365748147
1.8490714572
-0.3798313849
2.5185918114
4.8752293193
-0.9654504638
-0.4360729086
3.1647258870
-1.5434709090
0.9149474531
-1.5508017183
-1.8862739336
1.0117639953
0.6941639309
-2.6689939827
-2.7154989925
-0.5002357635
-3.7926585256
-1.4745139979
-1.5337353759
0.1846787451
0.2900348784
-0.1646945708
-0.0939436436
-2.4732693961
-1.6014921747
0.0401631778
1.9376231709
-4.7390650066
0.1534403367
-1.1419448507
0.0646104260
-1.2664164811
1.2284470212
0.3370645628
-0.2651390538
-2.3030082542
0.1163773398
-0.9458261273
-2.2009795519
-4.0415000787
1.1536008884
-5.5693948202
1.1101961065
1.0668141207
-0.9080950461
0.4961512407
1.1038916339
-1.2229222143
3.6707976128
-1.9409367662
-4.9256927979
-0.6957818612
-0.5426920171
-0.5572268370
1.1907944380
-3.9850449469
-1.8153433909
-4.2770897993
-0.3735429339
-2.2436651259
0.1484539849
-0.2813237827
-0.2717998427
-2.7785011659
4.9663976583
-4.4429356344
-3.3426399907
0.1565387612
0.3604980468
-2.2272011386
-2.2157251378
-0.7008024554
-1.7617266467
0.4153880950
-5.0767484389
0.4447780250
0.0355338350
1.9354589026
-1.8686343705
-1.1504100874
0.2314130729
-2.3131941404
-0.7151563648
-1.4567870929
-0.6710618459
-4.6911947755
0.1832813149
-0.6150358957
-5.8692099629
2.0093143186
3.2859584734
-2.0299074011
1.0353485008
-7.2791327967
-3.7357425845
-2.0729363714
-2.2353630445
-1.5567099684
-1.4619858753
-2.6389950606
1.8365466697
-3.3516897098
-1.4309761872
1.5933455443
-0.2241724657
-3.4658860102
-1.6515862804
0.5719783451
1.4004726506
0.8825218687
-1.8739652939
1.4015283457
1.3138522314
0.4393614161
-3.2675584162
-2.3530019060
-0.1277803731
-1.8596689169
1.3907109822
-1.1080644853
-2.5319476667
-4.1036047855
-3.4235790237
1.4988337619
-1.7762780300
1.2470765502
-3.0772608979
-2.2917213646
-2.3100563220
2.7131876646
-3.8774042108
-1.1254859309
1.6763835833
-3.3553004162
-3.3335911962
-0.4259803147
0.1349301659
-0.1906755923
0.8640198814
-3.8975481867
0.5400867433
1.3553184535
2.9538212070
-4.3945699440
-2.6574531927
-5.2788008562
-3.3536096433
-0.9515993329
1.2608855231
-1.9875156127
-2.9343739388
-2.4647868394
0.4583091719
-2.5880634833
4.7605117442
0.7886994648
-0.5835317219
1.7385165079
-4.3498083527
2.6743602206
2.1329174773
0.4434625799
1.3558222147
0.0594060588
0.5453620933
-0.0743058757
2.0884716639
-0.7857363828
0.0624837880
0.0580981645
-2.8016166314
-2.7053536694
0.3759408193
4.1921095172
-2.0746885386
1.8988533133
-0.8161061793
-1.0259757787
-0.4752765878
-1.9491817627
-1.4615725937
-0.7749321535
-4.0642988820
-0.0844952633
-6.1116280221
0.4344197030
-2.9841370851
-0.7557115616
3.9232977488
4.2670812789
-4.9761605471
-0.6929328303
-2.8090101886
-3.2430077812
-3.0320294859
0.7087139076
-2.9958969114
-0.5877610217
-0.7387810781
1.5535734907
1.4136271400
-2.8653601065
-4.6866960147
-1.9992761201
-0.0941667363
0.9812215234
2.2749177896
-2.3862783775
-0.1722704490
-5.1224496796
1.1924008843
4.0161649605
-0.0909992472
-4.3812993564
1.7209003032
0.1927276919
-2.0093552025
-5.9874665814
-0.3749124563
3.9530284443
0.6298399704
0.1693105176
2.7961762532
-4.5425430626
0.1678549104
-2.1826846521
2.0938879500
-1.9511478944
2.8136416449
-1.9326171004
-2.9316002451
3.1588155213
-1.8652079060
-3.1969405142
2.6773551095
0.7030527796
-0.1721829211
-3.0151240961
-2.3646393335
-2.3558265556
-2.3031314607
-0.0315895463
3.2732757836
-0.6848310325
-3.8522883312
-2.7646472222
2.6857201319
1.9290816644
0.0010460038
-3.0977750250
-4.2434628195
0.9974632712
-2.9537356358
0.6449833308
1.8153426348
1.0856951428
-2.6471258589
-0.7297248594
-4.4024430764
-2.7692565872
-5.4341517927
5.6880364957
-2.7583457573
-1.3189823062
-1.5112902729
0.6404352668
3.4717323485
-1.7296074121
-0.7764586849
-1.4998194783
-1.2865623102
0.1320249764
-1.6315589996
3.1213945678
2.2355712945
2.6171950257
1.1535768906
1.1612715534
-2.1633808456
-0.9143450247
-2.8346288252
-0.8559410166
2.2653822852
1.8502866363
-0.9595667145
-1.6185721419
-1.0712810377
-0.2642174009
-0.0485370722
-1.3839239299
0.4090038735
1.8762008505
1.7609479814
-0.8677049536
-2.2362630157
-5.4853641580
-1.3008238851
-2.3291555672
0.5849244019
-4.3948555441
-2.9456429708
0.5145610237
1.6816363941
-1.0207681923
-0.4687083100
-1.4600575036
6.6274093088
-4.7525803836
-5.5158758881
-2.9718586239
-0.7730835513
-0.8121576656
-1.1626468455
-2.4683893705
-2.9483383303
-3.0985818997
-0.6018840381
-0.1381492453
-2.4837267528
5.5215025582
-4.8885756862
-0.3600993921
-0.0927585496
4.3767555871
-2.3928941298
-0.0956519713
-0.5448431089
4.3644826587
-1.6067232503
0.6671973381
-5.9715103108
2.4358909563
-1.1237863913
-5.4618511370
0.5362302284
1.9638916843
0.4789872233
2.2648016516
-3.1934982303
4.8442856724
-2.3235000244
-1.8451071351
-3.7397577232
0.5254284824
-2.6406248156
0.2498078154
-0.9652968682
1.4612415728
-1.4131140994
-3.6673814542
2.9595614737
3.0423469800
-1.4922260715
-1.6499883242
-4.4118667907
-2.5488266440
-4.6041669350
-3.1943043914
-1.2756224191
0.2105988133
-3.2835471481
1.9744443271
-0.3598495232
-0.1961679608
-0.8183568638
0.1094476878
1.3052076443
-4.7617782968
-4.5606772987
2.4692960837
-0.8147854031
4.8092267073
-2.0887893586
-2.6929630809
-2.9426559941
-1.1792416385
0.1933722754
2.8363396671
-4.0297693870
2.7482587476
-2.2200223372
-0.0674105292
-1.8275125710
-1.8120954681
-2.8694782887
-0.0536220633
2.7100797021
-2.1555060523
-2.4907900779
-1.6077418438
-1.5041256851
-1.0339480257
4.3485345501
1.9603121751
-0.7191519384
-3.6386208609
1.0026512679
1.9222188448
3.3511152882
4.0728720789
0.5439938543
1.5685674431
-4.2194531665
-2.8367251110
-2.2213237279
0.9571459352
-0.9349871280
-2.8376559127
-1.6659459534
0.7350585809
-3.6233193054
-2.2789514353
-5.0624783079
2.8928338503
1.5517122160
-1.1803912872
-0.4191162815
-3.3088879292
1.5530589385
-3.6904604791
0.5134249946
0.4693666440
-4.6189907239
-0.1121718134
-1.2661465864
-4.4601334787
1.2211667954
0.4921740830
-2.2578405780
-2.6359288517
-3.9070086254
-1.4646382176
2.0108112973
-1.6778839143
-0.6458071183
-0.3299278941
-4.3185674387
0.2432790567
-2.8170739990
4.4460928389
-1.7578218871
-0.8841110756
-6.8358838777
1.9853744634
-0.0610765321
3.2968087756
2.0674229689
-3.2655466922
2.7514541495
-1.8861737981
3.1454768508
-6.4049190917
-2.0058771850
-0.2438655206
-0.4005386240
1.7135433575
-2.0589819094
-2.3104465064
-0.5426578657
1.7082284260
0.0449305876
1.7425643134
3.3812352087
-0.5457943951
1.3599731580
2.4040912832
-7.1269191435
1.0884352471
-0.2563248270
-0.8777131744
-2.3278423476
-1.7704077794
-0.3824072637
-0.1789848247
-0.9758953639
-0.4166067974
-0.9744660075
0.8314105790
1.2570641950
0.2581468310
-1.1927821458
0.2802322309
-9.7684717664
3.5410307110
-2.0242505929
-0.8999082404
1.2596834770
1.7376011839
3.3189341218
1.1387543557
-7.8093378036
5.9388831998
1.2092558795
1.4143850624
-6.6578852029
-0.2462250656
3.4628869226
3.9816740809
0.9839248448
1.1875055294
-0.3461890799
-0.6930304905
0.7717088633
-3.6086617062
-3.7120390519
0.7615702604
-3.7172874464
-0.8105647049
-4.3549052460
-3.7523428379
-1.4877422238
-0.0102358410
-1.5772199915
-2.8028265816
-2.6790048462
0.5633362621
0.2298410955
-1.7709735527
-0.1222433826
1.6855166569
-2.1560665407
-1.1379634977
-3.8424220757
-4.3666687458
4.3220228190
-2.6181974184
-0.5962538356
-1.4717944980
2.0628280517
6.5973621211
1.1605403919
-0.8109836700
0.6560387905
2.0009212649
0.3880754768
2.0079798581
-0.7559354139
-2.5576787863
-2.2475592122
-0.1987198915
-5.2984499409
-3.9816694760
1.5769032981
-7.1179541767
-0.9008059830
1.3574590055
1.7997388370
-1.2020162993
3.6075755205
0.8996806173
-0.8849171398
2.0008121237
1.7389948674
1.2581902028
-1.0315461069
-0.9466046755
-2.7155654347
-3.7432423155
-4.4091709598
-1.4920785896
0.1011210705
1.2973960545
-5.4004828917
-1.3719445410
2.8177042384
-0.0882786367
-2.1192017664
-2.4730440099
-4.9265709726
0.6596428310
1.2499512483
4.6489271889
4.7528865886
-4.8733322455
1.9967664603
-1.6964855287
2.7432934284
1.5461137498
-4.6193142102
6.1668028517
-3.3203794390
-1.8445361958
-2.4287637039
-1.0857993998
-2.5302168567
-4.0981254624
1.1970386009
1.4411368594
-2.1480259399
2.4683913651
-2.3066858786
-2.1855354749
-3.4910014237
-0.4051345416
-4.6923890478
-5.2039266474
-1.4390920834
-1.8833181460
0.3068936024
-3.3802996315
0.6984894772
-0.3254383447
0.5498851553
-3.5078923167
-2.4392537214
-3.3460458237
-4.7935783063
-3.9913470980
1.2761207558
1.2741893720
-5.3032163074
6.2688951281
-0.0728721919
-2.5443213779
1.6933039998
0.2311208443
3.7531219501
0.2520788664
2.2999720415
-2.8366955805
2.4567334839
3.9703677166
-3.7852946974
1.7761627871
0.2266223245
0.3133217452
0.1360798690
-2.9099577930
3.3165392095
1.8100097394
-0.4347487977
-0.2665255244
-0.8319050236
-2.7961966292
2.6330672429
-0.0185550593
3.0201266793
-3.6549731627
-4.4632350553
2.0597588593
-2.0585881539
2.8975225444
1.3339284277
0.3424090786
0.0088755171
-1.7055581585
0.5160869169
1.0883766592
-0.7696937461
0.7289540583
-6.1422888236
5.1962183462
-1.5906306575
1.5041174399
-1.3661791497
1.9062110567
-1.1318583937
-1.8741716705
-2.7410677881
1.2448199993
-3.1815978497
-3.5805864775
-2.1527688404
-1.8541207608
-3.9871573144
-0.5994952061
1.1759020202
-1.3172959222
-1.4874324618
3.2156484215
3.8914131569
-5.8671645234
-2.0177306974
-1.5816878338
-0.1313640088
-2.8633738958
0.5027623040
0.6940685945
-0.2742271259
-3.2883632515
0.0760244478
0.9621789079
1.4751548319
2.2311181550
-2.9770788458
2.2947486136
-3.3826103484
2.4264296363
-2.6883877664
-1.6889028437
-1.4722641421
4.7333017448
-0.0508852027
2.2685800242
1.2757551787
1.3600532662
-5.5129424035
-4.7495033360
2.0470589923
3.9268039549
-6.1685029877
0.3148902708
-1.7558206802
-0.1208801812
-2.3407289969
-2.1886065019
-1.3345372398
0.0913207875
1.6096866185
0.6623426983
-0.4845086513
-1.5944029091
1.6473886369
-0.4066446172
-4.0907102902
0.0926705846
-0.4016495401
-0.8391157987
0.9256264993
-0.1614188395
-0.2097607153
-0.5569569881
0.6003120187
0.9014459621
-0.1465705517
-0.9200729204
0.7169152592
0.8788902249
0.7437747136
-0.5972188815
0.7931358081
-0.1152758561
-0.0659953955
0.0110422420
-0.6399328136
-0.3482732542
-0.2023811565
0.3450144073
0.2347154876
0.1243308164
0.8187068549
-0.6803140822
-0.5091782614
-0.9074797001
-0.8787056936
-0.1868973124
0.8671055159
0.3999011874
0.9355305010
0.5524291324
-0.5524479159
-1.0142681426
-0.5989267007
0.7451348088
-0.0509477723
0.5369730945
-0.9590213590
0.4121672215
0.6766660407
-1.0515410943
0.4497679307
-0.0092215271
0.7757655471
0.8883393812
-0.8405382427
0.2932982847
-0.0764753232
-0.2625306357
0.3870802628
0.3700663437
0.2360255840
0.0227615620
0.1470210433
0.7512523371
-0.1802465883
0.8051939589
0.8955521323
-0.5694151645
0.5715345342
0.8854474877
-0.8483569192
-0.5694783495
-0.2157702363
-0.7839157607
-0.2739266897
-0.6324718476
0.2410944488
0.4862613218
0.6790764712
0.8849947853
-0.3460498936
-0.5339123789
0.2445329898
-0.3956189726
-0.0741987300
-4.9658568972
2.2845417221
-3.8819470936
-0.7100559756
-2.4845308284
-0.3339092353
-2.7564716302
4.5762678668
-2.2615310342
0.5537685666
4.5433960219
-1.5638319943
-6.6424926947
-0.7651444021
2.6311770983
-4.0433009215
-2.6045930978
0.8509708792
-2.1953872944
0.4229589662
-0.2756459345
-1.4465167333
-1.0404698199
-3.1400993460
-1.4534930450
0.3987308211
-1.0197638321
1.1663264208
-1.1760018803
2.3697993282
2.1969116000
-1.9124288752
1.3222760009
-0.8188112276
-1.1222007506
-1.4194874573
-2.6316153721
-0.3263054365
-1.1965356632
1.6738524702
1.2027511839
-0.2743721830
-2.2818194080
0.5191806147
0.2099993160
-2.8353377192
5.3207386302
2.0123609414
4.1705657037
3.7547013036
0.7562241097
-2.7281876374
-3.6885025656
0.5853465209
-4.1145696986
2.1141060647
3.0186001419
-5.9061152034
-1.8974531116
-2.8848779639
-1.3908193448
-1.7647094717
0.8312494125
-1.1660057564
-1.6493286729
-2.3963338232
-5.1470271106
-4.0811941872
1.3438286958
1.7791558684
1.9307561002
2.0036733413
1.1506154242
-2.2116661272
-1.5401263125
-0.3020369440
-2.8968291252
-1.1871566207
-3.9302976308
-2.6695994240
6.2044824418
0.3583407077
-2.5505169405
-3.0823790311
-2.9631522961
3.0817067308
-0.5171109281
0.9328427997
-1.1675357036
-3.7475984065
-2.1417114557
-0.4341628758
0.8612493352
2.7358205182
-0.9788618018
-5.1376618811
6.0894010926
-0.9294109642
2.8949421535
0.2323035264
2.0732485691
1.1666181215
0.8166670803
3.0024702277
2.9196300466
3.1526955345
1.1943319130
-2.3806486326
1.7940737336
1.2958430121
-2.8568301534
-0.4833616114
-4.3388621759
-2.1587637381
-0.5475426786
-0.4643244634
1.8876434100
-3.7021503450
1.0055781979
0.1101617383
-2.9388522874
-2.5037515354
1.4430774883
1.1919962267
-4.0172763314
-2.0198248345
1.0397820291
6.3357437804
-1.1992139939
5.2776180789
-0.3616920197
2.1048338047
-1.4003448425
-4.8750608114
2.8744100338
-4.3949463815
-4.8922464588
3.9935485659
1.1509995385
2.3463003484
-1.7621276696
-1.2118875842
2.4344465106
-2.2337574990
-1.7160382769
-1.9455144098
0.6338295616
-1.5767754134
0.6340045387
-2.9627802244
0.6687881480
-1.2745885292
-3.1502502194
-0.0038389992
-1.3223814714
-2.3487396030
-0.2283270745
-0.1385595019
-1.1944916231
-1.6962760575
-0.3532041768
-1.3460805146
-1.6411174124
-1.3861473107
-3.0834107963
-1.3368694224
-1.2554478294
-2.5398866172
-1.0673020447
-1.2344140257
-2.0823453999
-0.3138377363
-0.9885369406
-5.9523520645
-4.5796708539
-0.3704543502
-1.0221674257
-0.6055120128
-0.7396232189
-0.5974517551
-0.5643402601
-0.6702371285
-2.4995145276
-1.3034341137
-2.0065534809
-0.4442139949
-1.6780944276
-2.3511190579
-0.9162269318
-1.9722946426
-1.2317435741
-0.8970152364
-0.8279120297
-0.0512402514
-1.2194169591
-1.8314369317
-2.2207458712
-1.3731372380
-3.1020266436
-2.0674338697
-2.6741151835
-1.1206623366
-3.6818535371
-2.3758954600
2.7359835105
-3.4077059733
-3.5197686696
-1.1595338143
-1.4143090395
-1.9677165946
-1.0624660838
-2.1915768808
-2.4050821133
-1.3007820811
-0.4747083475
-1.5399641898
-1.6441339688
-2.8093746303
-3.1950999747
-0.8256743552
-0.7153951378
-1.0110648623
-1.2794463590
-0.8568066249
1.2052313267
-0.6810082500
0.0789110604
-1.3305947812
-5.0383841061
-3.1680254554
-5.8941682067
-0.1608886834
-2.7190607767
-4.1951706375
2.1079643378
3.8611313044
-4.2027676454
-0.0083162324
0.1155177950
-1.9773573738
-2.2513230278
-4.6037230799
0.1426690193
-1.4689992161
2.0371872323
-2.5786697086
-2.9498132081
-3.0400333855
-1.2445962246
-1.9944904323
0.3206577521
0.9223931358
-2.7804400812
0.2039685617
-1.1111698277
-2.2642546308
-2.1354673595
-1.8548344453
0.9292912074
1.3998800167
-1.9009174698
-0.2541311723
1.5237428638
-0.9962118148
-1.8577730079
0.8646694641
1.1363840708
2.5357625729
-2.2232844060
-1.4418303610
-1.7595775453
0.9826172297
0.6238860856
-3.3394725675
-1.9547430541
3.0262506803
-0.3714932924
-1.7702248234
-1.4324614910
4.5934374906
-2.5269698959
-0.5379356238
-7.4184657864
-3.1080851013
0.2087188308
-2.3617252867
-5.4217141192
-0.7409088250
-3.2902790002
-0.4019625715
-1.5907017364
-1.0361012788
-1.0245290371
-2.7179502341
-1.4773904365
-3.4087007045
5.0789657391
-0.4101891520
5.5810432694
-6.4201416602
4.6810855455
4.1548635166
0.6468600753
-1.9982440798
1.2040322876
6.6236037494
-0.9703080968
4.3086317621
6.0760310010
2.8328460422
-4.4918838151
0.6282564679
-0.3331829363
-5.8758265067
-2.3047296041
0.5099546526
-1.6114008024
1.9227523928
-0.5377030244
1.8754918273
-0.6078381191
-3.8785678509
-2.5164891479
2.3081024044
-3.6191542444
1.5553657727
2.5965445102
2.0383173695
2.7916071531
-3.9527889424
-3.6660958630
-2.3826681293
-4.2952973741
-0.8939854347
-1.4236613025
-0.7984066948
2.0616314175
0.3242185077
-2.2351022459
-5.3761641943
-1.3068955695
-2.4357779589
-0.9463292298
1.4167825234
-2.0239227881
0.8144786358
-2.2303741750
2.6410909096
0.1861015857
1.4884985065
0.3078570839
-3.3743128385
-1.9937929394
-2.0857543087
1.3550924638
-1.5967778618
-1.4510962363
3.1281899086
0.0663050036
-3.1422643574
2.2404803432
-2.8766693647
-4.2341400849
5.6903005690
1.5727457263
0.7939389568
0.6581797358
1.6818632501
-6.5182979829
-4.1209954321
0.1556729097
-1.7048198467
-4.8363330962
-3.2409311778
-5.5382302085
-0.0210937892
-2.5495372776
-2.4856046124
2.2090176557
4.0828262077
-0.8575142173
-1.7029613007
2.3478748114
1.4119736545
-0.1123807302
-1.4979389293
1.4667258159
0.9650601604
1.1373752221
1.8544954131
0.5992098011
0.9769208460
0.5519314747
0.7982877314
0.4264503411
1.0265112041
0.3111539647
1.5702807143
2.1926924139
0.9781893240
0.5142134792
0.9977690784
0.4867393621
1.8543185865
0.1608643693
1.2033737407
1.4995624140
0.6825996147
0.6135869919
1.6145656499
1.6036925163
0.2425496556
1.0440380568
1.5250054923
1.3054478359
1.0576515239
0.1808851565
1.0102748075
1.5457475233
1.1365804113
0.0837986105
1.1643297502
1.4367741024
1.1399291576
0.0139295355
1.7130480785
0.0281641838
0.2060531717
1.1055819263
0.8675246531
1.2947412258
1.2134609367
0.1628842868
-0.0488564956
0.7082416439
1.3906856193
2.1805285178
0.3286528174
0.6674893175
1.9647751350
2.3175409299
1.9585320933
1.3971454532
0.6551611710
0.9975431687
0.5275368324
1.2817201749
1.2493400508
0.1781611137
1.2759918780
0.2776745969
0.4300657520
2.2076050947
0.9292053320
0.6382906438
1.5816898812
1.2417471872
1.7246601612
0.7657927533
0.8066739864
1.1009960963
1.8619100422
0.2014125765
1.6885463057
1.5129052375
1.0536697531
