-0.9334173186
-0.3910256501
1.8785744170
3.0773515730
1.1591999208
-2.5512197608
-1.5768660295
2.4570269389
0.2665390026
-1.3739193656
-0.3028379568
-1.0507047409
-0.0995602010
1.7594754513
0.8945961441
-3.3618476651
0.5997869788
0.9695519347
2.0634881404
0.6780699519
0.3219380741
-0.3883539836
1.8913424180
1.8159658870
-3.3613380385
-1.8965702508
0.4542483253
-1.5694585408
-1.7344086529
-2.0804990547
0.1338220313
2.5632967753
0.0792092375
-6.8031278126
0.4833089219
-0.8778087665
0.5826624053
0.2350075317
3.3288410536
1.9207536652
0.8783380587
2.7940291756
0.2409352006
0.0472826807
-1.8473673261
0.3201073482
1.8926651595
-1.1278089475
-1.8167578376
3.6189739046
-1.6434515674
-3.0881628920
-1.3661710304
-1.9421485492
-1.5898401428
-1.9245932537
1.4926111154
0.5163009605
1.7547822350
0.6448517761
3.1148291764
2.4763351617
0.6937976581
0.6878352664
-2.2600934967
-2.1018331219
-3.1536038714
1.9028596883
2.5584815944
-3.4189586310
-2.4767316969
0.6437855326
3.2132529110
-1.0966983928
-0.0645862757
0.1183933695
-0.9265283266
-0.5643547864
2.4890786723
1.9790239320
-4.1840027023
-2.4684835794
1.2999577777
0.5836382580
0.0242936098
-0.6839256881
-0.9716492238
3.2049272576
-1.4479570804
-0.5725824722
-0.3179471635
-0.6660962662
-0.4861033803
0.8029012396
-2.4194639308
-0.0728242959
2.0197820334
-0.3699546886
-3.5653205665
1.5600609414
-0.1008031862
-0.5977911311
1.3520068186
3.6683768530
1.4103947366
0.7257497615
-1.8667514698
-3.3422671744
-0.4304697930
-3.0808945679
-0.9260103171
1.5039052194
-0.2982276266
-1.2292840468
0.9819912814
-1.8438955853
0.2079463060
-1.7903110395
0.2620587589
-0.7135482711
0.4944045230
3.9965972988
0.7450109453
0.9694883807
0.8837631981
-1.5252382720
2.2834713059
-0.6013549590
-2.9208256284
-1.6793051965
-2.3376315182
-0.8802029096
4.1754902073
-0.0369044630
-0.4233134670
-3.5065801960
-0.6939261042
-0.9396880755
-3.1911747741
-0.9022475457
-0.8338548998
3.1906795853
-3.1619671905
-0.2312014864
2.0048272814
0.3146284369
-1.3604692810
-0.7874071690
-2.9532287959
-0.5059520208
0.4361729138
-0.0341292986
-3.8811017375
-4.3262111635
0.1274933705
-1.5651084828
1.2473013096
-0.3249947728
2.5546290346
5.0678677397
-0.2978175718
-0.2763423897
0.2487844572
1.0533911153
3.0840659557
-2.4336628933
0.3950700948
0.2036551894
-2.7916982461
3.1630422847
4.1417774482
-1.1089929601
-3.6829796967
-1.3689218643
-2.0381842335
0.3076854920
3.1720412966
0.0009666983
0.5392295629
-1.6693849990
1.2244327136
1.6414182930
-3.1522885142
-1.4283726800
1.3452376428
2.2829876234
-5.6198728735
-1.1808872638
-2.8747008317
-1.0923175772
-3.5620071260
1.9172744000
0.6184340956
-4.5395583932
2.7624839153
-1.0750648300
1.1351935016
0.2290354490
1.3934932104
1.2080699278
-0.4930674782
-1.5097429922
-1.6498103389
1.1828498042
1.0682341682
-1.7426291094
2.0941907811
-1.9599624171
1.3875891763
1.3390152143
5.5998521842
-0.3866703150
-0.5210112373
-5.4399424359
-0.4993111130
0.0733002820
0.7567958702
-0.9041577044
-2.5144377130
1.6884058291
-2.6443202432
0.8007874647
-0.9356436919
1.2525880697
1.1765844352
1.7332598694
-0.6371355018
-1.5616575997
-0.2462255287
-2.1732751798
-0.1743971689
1.9555996973
-0.3180746929
-2.4860088234
-2.6990752955
3.0311175685
-1.5586604290
0.1304303359
-0.0221239778
2.0791165360
-2.7329644376
-0.6866476454
1.2792552325
3.1914520348
1.8176163517
2.4708150340
1.1571736773
-0.6766346918
-3.4269124307
-0.9216070492
-8.8613568938
0.7095444416
-0.9741310440
-2.3191589500
0.1876926598
2.0621054395
-5.2950206934
-1.6990035441
-1.6889735286
5.9161310838
12.4400971407
-3.3809821562
-2.2063842036
-0.2353194294
-0.1906923933
2.7121120633
-3.8889501407
-3.0199265802
1.9262141262
-0.5855808121
-2.0695746127
4.3017299462
0.8455375476
-0.4398949112
-1.0050004353
3.2315616506
2.8684823811
0.1703387575
3.0770002382
1.3780628097
-0.0265585858
0.3056209185
5.0174621227
3.3209784163
1.6330273842
-4.8708765031
0.5600692040
-1.5801648769
-1.9758948637
1.6288028656
-1.0365665862
-0.8912655526
-0.7296196091
-0.7942528727
0.3651982204
3.3404320784
-1.6184014409
-0.9675120965
2.0423103651
-4.0690445441
0.8503025617
-1.1179341686
2.3016671560
0.7898475364
-0.3294749087
-2.3590065653
1.0128724680
2.6085353288
-1.0268014040
-3.1368953684
-1.1065022351
-4.9121255340
-1.1158823696
-1.0485172926
-4.2343787055
1.9735530480
5.5917000570
2.0025240670
-4.4257466651
-0.3603947187
-2.5858778978
-7.4205356383
1.2633312352
4.1981231815
-0.8944536149
6.2992914351
-1.1702861852
-0.5562661908
-0.7180270075
-0.1059096539
2.3474540011
3.6749815396
-1.8842684949
-4.2602559368
1.5778641622
-4.4812894734
2.7396883983
-5.3459162741
0.6556312732
-1.4912503366
-0.0680007893
-1.7810304593
-1.1535178222
4.3816458952
1.2390402977
-1.4056171906
2.6669965526
3.0201264652
3.2341902191
0.6609276441
5.0366955037
-1.0545554554
-2.8152294264
-1.5676658156
-0.3852562645
2.9656967078
1.6547661490
0.5586558761
1.2066026594
1.7857098032
1.6778309967
0.0283034930
3.8829730126
0.9092029349
0.2867164762
2.4502532183
-1.3053148512
-0.9521027229
0.8943147620
1.2013759053
-1.8691019520
-1.7259899088
-0.1315908099
1.1820754890
-0.2184708219
-2.4706252590
-3.1306879610
1.9647339422
2.2183574057
1.6635170994
2.4809554037
2.6693346694
0.6943444675
-2.2160724056
-0.4315525410
-5.1632969641
-5.2469952337
1.6423161796
-1.5722564420
-3.2682412141
-6.3354734847
-1.9160929239
-2.1636628412
0.9033118231
0.7160484574
0.9053292599
3.1086622333
4.5574931118
-1.2016230725
1.9039911154
-2.4963166908
-1.0712387604
-3.6342041854
2.2353782055
0.2566512713
1.4949325904
-1.2649747068
0.6135705176
2.8137470310
-0.0454373657
-0.5079205840
1.9179020653
-0.3945086039
-3.1424721709
-0.5140405127
3.9226805740
-1.1718779778
-2.5371610664
0.4664049824
-3.4585242470
1.0826961151
2.0242151588
2.5074366750
2.1849102860
-1.1626334159
-3.8763487121
1.8012892107
3.1378187106
-4.1127813127
-0.3271033839
2.0264706035
-3.9040004993
2.5730868732
-0.3277399205
1.6339197897
-0.3036248038
1.2220415696
-0.5037214007
0.7542698853
2.5201507123
0.0765309017
3.0614111596
1.4566389003
-1.3368215939
2.5422140586
-2.0514780911
-1.0974399768
-3.5808428566
-1.3713801393
-1.2974816917
-0.9231848489
5.2856832485
0.2263321300
-2.3089585835
-3.7866821861
-0.1133141727
-2.9051521468
-2.6439530683
2.0528982908
-0.8698959252
5.9562445657
3.1670171854
0.2206456643
1.6339897425
-4.6349668835
3.7417802484
-3.9938528124
6.2671564910
-0.0746165304
-0.0529370620
2.3770137447
1.2084244126
0.4690527408
2.2535167567
-1.1595667774
-1.9479861307
1.2401601704
-1.7661414420
-1.1669129673
-1.1183100496
0.6052638394
0.9746143712
2.4439080454
0.8694654822
-3.0186192449
-1.5905749694
2.5264481987
2.6821331807
-4.6636143269
-3.0659629342
-3.9767682598
-0.9763649302
-3.3283005088
-7.7307569524
3.9379924099
-4.1276704505
0.0883089756
1.3605454889
-1.0274360613
-6.0997283585
1.8120513094
2.9984509092
3.5930579292
0.8349006946
0.6056994973
-1.0334498914
-0.4445815464
-1.4745146095
0.2596687314
0.6360768160
0.0326508440
-1.6075221417
5.4122211276
4.0326748820
-1.1343524424
-0.6777947726
3.3247708585
1.9234576315
-0.1727190760
1.3414147293
2.0594628561
0.3152668858
-4.3085389683
1.7281380195
3.9989316503
-1.7827005356
-3.4381040932
-2.8020346021
0.7902759912
1.1679894583
-0.6430067270
2.9025810851
0.2960768309
2.8796861790
0.6868815750
0.1751531297
-1.2338524859
-3.6840578946
-0.3601781051
0.1883722325
0.2434907097
-0.7518838769
-1.7892877952
-2.6748794383
0.9511279956
1.5791500354
2.8858478700
-0.2623654711
1.5267868775
0.9366916266
-2.8818874989
-0.9293635368
-2.8447820632
2.3192306602
0.1840336435
-3.5125915626
2.0253766247
1.3939784151
-2.9409185341
-0.4984218690
2.9613397322
4.7300942876
0.5095420031
0.9221420767
-2.2712102660
5.6484876938
2.0656274287
4.4174608149
1.0988742197
-6.1732165695
0.9239342289
2.2446824188
1.2680821909
-1.7969212803
-0.6215767682
2.9161478969
-2.7485371905
-1.2384953553
1.8539528193
-0.2769846051
-1.1466785634
-3.8137786747
-0.2130101077
1.8065304786
1.0088514115
0.0304476641
0.8887641347
-0.9657506277
-0.6801903498
-1.5525955937
-2.6136555779
-0.8020436151
-3.0341676610
-0.0489335277
0.8331147996
0.3158684262
-2.1141259191
1.8416544797
-0.5643397105
1.9443803894
-3.1907257113
-2.8072219519
-0.5203185365
-0.1209780020
0.8659903695
-1.9674117684
-1.8542686255
2.9101863592
-0.3373618194
1.5988618884
0.6653172208
-2.3651610393
-0.5645604302
1.1902812664
0.2845485914
2.8216566186
-1.4138713134
1.7067365249
0.3337017744
2.8443410284
-1.4269938603
-0.8163536980
0.7542662017
-1.0442486102
-2.3910979679
-0.0366383252
-3.3811890698
-1.7797781050
1.4250925882
0.8689882695
1.0023949659
2.5904212293
1.2370406019
1.8375722488
-0.5909830486
4.0316496495
1.5669002986
-2.0953590781
1.7069600875
-1.4395092062
2.8146407431
-0.1979933519
-1.2812332235
2.4065472470
-0.6331480566
1.1769812324
1.6849396496
0.3173811676
-2.9664068602
-1.9642147253
1.6609132374
1.6522967763
4.0185102880
-0.2620008309
2.4435159770
-2.5695019094
1.0940125011
-1.2667516166
0.8579498332
1.2297382365
-1.2367457825
-0.3092956989
0.6509765983
2.5390714065
-1.9353708606
-2.4966822560
1.6966040557
-0.5930279932
4.1215786902
-0.8452600034
-1.8434129497
-3.5543535304
-0.5505358994
2.3544280482
-1.2396756417
0.1797024984
0.4554478655
-1.2323236889
-1.4749173813
2.4927395090
3.6178429406
-0.8642671449
3.1018110152
-2.2805897011
0.2106967267
0.0634819892
2.4599811584
-0.9364586327
-0.5535533940
0.8930268380
1.0660445439
0.2652249213
-0.9859851017
-0.9629485013
-2.7914302559
0.3403809504
-1.1987808339
0.0369387711
-1.1317960515
1.2362029769
1.9944640068
0.7168627502
-0.9099151381
1.1161698678
-1.8721432790
-0.3598119515
-4.0517029664
-3.6953905092
-2.0258782750
-0.8678854296
0.5982916972
-0.3783884997
0.8360330686
0.4455096098
-3.3104225409
-1.6470862031
-2.9446523815
-2.3524125307
-1.4200727434
-0.1089171670
-4.0974261210
0.0153751924
0.2312227948
1.3735662964
0.0937701712
-0.2834898269
-0.2829804977
0.3846712268
0.5608860833
-2.4101864826
0.9061549482
0.0776380462
-3.8864159109
1.1405278976
0.6499261107
1.6380421262
-0.4957207665
1.6404310234
0.6207439770
2.5033994838
0.7086151368
0.6089959911
1.5185207970
-0.6406799910
-2.0415299899
-0.9541050497
0.4663792091
0.7967085201
0.4169131584
-0.9170250437
-0.3327806729
0.8494449568
-1.7030054040
-1.4934675312
3.1360163838
0.7797160682
2.0851848417
-0.9083203679
-0.9555587808
-2.5291182310
-0.1925468347
-2.7921300714
2.1289447240
1.4951154067
3.3371318088
1.6432598988
-2.4284216788
-1.8362882948
-5.5125938910
2.7106329246
-0.6413860144
-1.9050481677
1.4448712059
1.6990351755
-0.5785940337
0.2692093106
1.8979773286
-1.8299250742
-2.5551294835
2.3271717918
3.4837553652
-7.3779059449
-3.1984785887
2.0078042406
-1.2818496298
1.6046508212
-2.6807170177
0.1555564921
0.6358417303
-1.9799553756
1.9679036280
0.1739532694
2.3391130516
1.1741362045
0.5379143131
2.4448261668
-4.1850933782
-1.3967923745
0.1633184886
0.7092538746
1.5110101015
-4.3050736305
2.0053871665
-4.2830311336
0.6338693880
-2.5584491402
2.3928393797
2.1470592174
2.3882180149
4.1138216207
-3.8282998035
-0.9802388518
-2.5800174404
3.5677987036
-4.3239611711
1.4376718742
0.0016576522
-0.8771582384
-7.9015868200
5.0338089439
2.1814363160
0.8489823268
0.9289720950
0.0386628709
0.0688124239
-1.5243480152
0.2128518636
-4.3881318194
0.1622807710
1.7593005537
4.5130533271
1.9125684284
4.4951472239
-2.5924975245
4.4120633206
-3.6820194937
0.6181263320
6.6783204398
6.7749665576
-0.2840505834
2.3563480261
4.3186458289
0.4793577438
-0.0025502975
-1.5986349808
5.7492664246
0.7158491576
-3.0446828079
-1.3489903894
-1.9303224958
6.1194255650
-0.7049740399
2.6039228986
-1.6134404098
-2.6731106960
-1.8429484961
1.1502601919
-0.4175121883
-2.0555623459
0.0281354817
-1.2949888927
-1.3230237933
-0.7932866474
2.9631989665
1.2125535619
0.2548945654
1.2533737301
-2.0537631530
-0.7920581934
-0.5611290786
0.7875700394
-0.9810286718
-1.4457612494
0.6326966744
-5.3381397578
-0.6608574681
1.0721033395
-0.7939240076
0.9319682048
2.9025342049
-4.6337292932
-1.3240470069
0.3812735493
-2.8101986275
1.3517374395
-2.7328871616
3.4601666447
2.0740857120
0.0059461098
2.1454383399
-2.1954486230
1.1837133027
-3.1248366174
-2.7644452324
1.1005460519
2.3434202175
2.4275646996
3.9589519899
-5.2148662329
-1.6240140293
-0.5615465444
0.1699487379
-0.7455982230
-0.2024689246
-0.0000310730
4.6060487640
-1.5463221856
-1.5690535719
-4.3786240021
-2.1688312440
0.0374449554
6.4913556184
-4.0426655673
-0.0763405844
0.2344540890
2.3702990358
1.1249855152
-0.8530602272
0.7701689197
-1.7133168457
-2.1568886480
-3.4498953054
0.5804920304
-0.0102284778
0.3392301604
-0.7012850411
-0.2976530888
-0.4113552275
1.5380548678
0.0456423046
0.4166270870
3.1590157049
0.1308233278
-0.8955095649
-0.1082967155
-0.7715009235
0.1588016226
-1.6452590502
0.5753681122
-2.6739883800
-3.4082266707
-0.3491030235
-0.0675129263
2.0553632247
0.9187780159
-2.8026331145
4.1282752858
1.1888251726
1.1551491286
-3.4824590394
0.2973925903
0.8808651813
0.4559323989
0.2501829823
2.7253383730
0.7401261452
1.2169494436
-1.5573932875
0.3696134346
-0.5217466671
-0.8378517177
2.1527971039
-1.2512368718
0.5487360510
2.1386812238
-1.8933120076
2.0408955377
-1.7857669896
3.8199402617
0.2318524911
0.6264721438
-2.2121726910
0.4358900615
-0.8623817146
-1.7235474387
-0.8965660359
-4.4854354288
-3.8985108231
2.6031500422
-1.2544087064
1.2596292921
2.6566229270
4.4168037803
1.2579297631
-0.3323629102
-0.0189166309
4.7058961344
2.0805085569
-1.3904322337
0.3700076509
-0.9263819967
-3.3501870468
0.0163165703
-0.8518405945
-0.2652559973
-1.2531842293
-0.7297253386
0.5690346526
-3.2623677365
0.0006936699
-0.3914232757
-2.3669435360
1.2936774674
2.2321385625
-1.0809805537
-2.1515176216
2.8970189166
2.7094625096
0.6418877217
-2.7844551240
1.1299125880
-1.4133168388
-0.9310631803
-2.7580994909
-2.4524965094
5.7345491149
1.1518250823
-2.3446915769
-0.2132059011
-0.3248465452
-0.3341235595
1.9039521754
-2.8232382259
-2.2319755934
-1.6844935063
0.3749822096
-1.4313534195
3.2478727835
0.0670034747
-1.1350561338
-0.2188945064
-2.5076735269
-0.3210028234
1.1940003657
-0.1471746211
-1.9261353221
-2.8815110380
0.4553411771
1.7036275383
0.9789109273
-1.7266337935
2.3269208203
0.6039266199
2.3843455011
2.5304464769
-2.0792415440
-0.0793128701
-1.2986273989
1.8124704568
-0.5979080041
3.0408514937
-0.7675978911
2.3137332311
0.8883686846
-1.4106448263
1.7650576546
-3.3982495900
-2.3082706735
-0.1973597954
-0.6309977642
0.9245560370
0.9048578072
-3.5222524044
0.9638430956
1.7466843728
-1.5829007041
0.0189309779
0.0115289263
0.3230201070
-1.1276186782
0.9283440193
0.6049513461
1.6433149887
-0.0273937313
1.3128998008
-0.1951482640
-2.9247295503
-1.2358126896
-2.3127451891
1.3979894789
0.6982606153
1.8050659901
-0.2367540930
0.5904555214
-3.7298190688
-0.3102751711
-3.3300132949
-0.2781933166
-0.1399564097
0.8169747392
0.7091240902
-0.5215019602
-5.3230118908
-5.3052755995
2.5322219740
-1.2215838026
3.8593366689
-2.7931900432
-3.5735934784
-0.5082426236
-1.5599025832
0.0535842839
1.5354343012
1.8893730257
0.4872769816
-3.0534844921
0.9831742107
-0.8610372432
-0.0485768373
3.3287461834
0.6301751754
-3.2514685607
-2.2893594516
-1.3909245065
-0.5189284483
0.1704916476
0.4535310778
2.0995577861
1.9540153463
-1.9844034541
-4.7026455874
-0.6023569344
-2.7083552419
0.8649149749
-0.6344906010
0.7536051019
-1.5387016717
-2.5640865723
1.7076730000
-1.6836885674
-0.6587895986
-0.5998757885
-2.9910636455
3.7913575386
1.5755984979
0.6646062601
2.1036843691
-0.5162068719
-2.7221586589
-0.5793788169
-3.2336885102
-1.7029751527
2.2031493496
-0.0532108310
1.1554153673
2.1046940861
-1.0090325597
2.1718529346
0.6295995949
-1.4395973630
0.1667677732
-1.7224909761
0.4116701930
0.2102688894
-0.0575744372
1.4653180531
0.8052008453
-2.5233334757
-0.8965141755
0.8950512113
-0.8941235266
2.7674140789
1.1075101416
-2.3384594608
-0.4427017556
2.5993735349
2.5021160232
-0.2259587763
3.9706911518
-1.5108136583
-4.1153230557
-2.5090556566
-0.2557938859
-0.1366514083
2.5380167467
1.6168363479
-1.6150562820
-0.7336513347
1.8792805352
-1.2992484668
-0.8386267264
-0.2697407228
1.7508570039
1.2211409825
-1.9559944131
0.8243403892
4.0595899972
-0.1778810969
-0.6712789366
0.0511267164
0.5748286380
0.7163181817
-1.1309447580
-0.0756689580
-0.6887014329
-0.3126104309
1.8563794362
-0.7823610105
-0.8565141599
-0.2817340926
1.1778171938
-1.3642254182
-1.2863019571
0.6515649542
-0.1461790149
-0.2395419687
-4.4783663786
0.6304883654
-0.7835859399
2.4385300686
-0.8934203067
1.6691006151
-0.8208054770
-0.0171786111
-3.6421066503
0.7968265540
0.0286213757
1.0171559759
-0.5525388878
0.5795238069
-0.0294967876
0.6921283751
0.1808977822
-0.5642063264
-0.3362018074
-0.7029730490
-7.5760755246
-0.7192516785
-2.5933757955
-0.0008522779
3.9344921983
0.6037615891
1.5875410667
0.6619800946
3.2959628892
-1.0920684095
0.0652697702
0.6385791835
0.1944789188
0.9595304170
-1.8732020624
0.4494567782
-1.2668263282
-2.2930018688
1.8704255800
-0.6736848399
-2.0982052779
0.7852925459
-0.8999530086
-0.2948651603
2.6682008616
0.9668392792
0.2681015843
-3.8589836977
0.1741664701
2.3359382788
2.7550896968
0.2385875793
-1.4102606492
2.2655287420
4.4426464393
2.4235387480
-0.9282957312
-1.6661552845
1.8724727733
-0.8915609080
2.5886551921
1.9292527154
-0.2906070090
-5.1799023189
0.2935470887
-2.4488341059
1.9786768321
2.8220782600
2.5801096316
-1.1429820759
2.0024586988
2.5030110431
0.4384840950
-5.8580656937
-4.0682543511
0.6268903076
-1.0148378364
-2.2452266821
1.0378173249
-1.1825332804
0.4584668007
0.4935230025
-2.0789049644
-1.7593376652
-1.3265971190
-2.3583477122
-3.2349020164
-1.7836370425
-0.8655022531
3.1116310185
-1.3528623399
-2.0163742174
-3.7784159641
-1.6413705820
3.0321843366
1.0867171833
-1.7244856362
1.5545997353
-3.6153191129
-2.0766242559
-0.8880902570
-0.3762745605
-4.3772674469
-1.4134157647
0.1567982676
-3.2881334893
-3.4992600231
4.1401147601
1.2273576137
1.2292309329
-0.8012463409
3.1604338037
0.3699090253
-0.5731181692
1.1899186593
2.9743772078
-0.5449046940
0.3638846810
5.1110061165
0.5943525962
-0.6666258107
0.5475216632
-1.8846660924
1.4437395311
-0.7794603979
-1.2525069047
1.0746919005
-0.7355832446
0.6281958572
5.4917512895
0.3237404802
-2.1827539960
-0.7177069394
-2.2883475149
0.1039496670
2.3268734346
0.0772477420
0.9905822521
-1.2270367766
0.7029027514
0.0812729279
-3.2881443380
0.0780945993
-0.1247347798
-1.5094467504
0.5406112919
1.9347287129
0.3602507080
2.3370882200
1.4637408051
0.6151194616
0.9082618300
4.0409440644
-0.6155381975
1.7040358426
-2.3138192126
0.6985225416
-0.7021223300
-4.9378157039
6.6378920263
3.1991159132
-3.8908626132
0.2759497246
0.3869486615
1.6048577208
0.4671725416
1.0456310647
-2.6656782782
-1.6358601729
1.2440192428
-3.8834849388
1.3825925730
1.5996329485
1.8078186412
2.3948070150
-0.2367945186
1.0278869410
0.9109612130
-0.7816907448
1.0325615559
0.6730383493
1.5994048547
2.0659500760
1.3140419404
-0.1058522407
-3.4622269624
1.2081434596
-0.1713991645
-4.5775042519
-0.7759977792
-0.4772162300
1.7064493926
-2.3546765594
-2.0849211400
0.6609709327
-0.9142756816
-2.7364694129
-3.2430421125
2.1301610433
-3.5181545889
2.3824689960
0.0645966028
0.4874523485
-1.4354055826
-0.0823575268
-1.5401416733
1.9764434335
0.6497219143
2.5326209241
0.3656028883
-3.2127999813
3.6148684447
-1.2015333863
-0.3703357189
3.7348268308
-1.6974610887
-4.3044382688
-0.3592460514
0.5803005131
-0.7093608159
0.9547043672
-0.5857239582
-0.8419924066
1.3438842130
-0.4430235157
-0.1306503653
-0.2969183813
5.3664132607
4.6439574005
-3.1077665342
-1.5463218352
-5.3377515275
3.4879990383
0.5294475636
1.0660777810
-2.0211871482
0.9193711844
-1.1895809611
1.5840808511
-3.5578500370
-0.6709237073
0.0530058383
4.1713614064
0.2797076675
-0.0677200344
-1.5263056514
-0.5611575460
-0.5832762328
-1.1020929332
-0.9460466644
0.2855140995
0.7191851316
3.5419442642
0.8818133434
-0.7379894555
-2.5531448860
-1.1696404738
-3.7357554064
-0.0250337761
1.9763055939
2.3295339088
1.1490825732
-3.7677642067
1.3695206849
-1.1810049685
-3.5691191920
-0.2268606843
1.4187725702
-1.5031264616
0.3703011408
-3.7935889638
-0.0639753391
-0.5072859593
2.0753958993
-4.4255931479
-1.9812863136
3.3682779940
1.4090149093
1.1591959632
-0.0405108165
-4.6289241050
-0.5860817372
2.6748302343
-0.7140230760
-1.2748267887
-1.9633406894
1.0137441408
1.9604739597
3.2755291277
-5.6940847351
-5.7472355447
0.9253356862
4.2707632506
-1.6786136757
-3.1027790452
-0.3850518457
1.1641635897
3.6491864052
1.1363029080
-0.9417078133
6.4237941195
-0.2441377557
-2.0561376864
-0.5911255162
-2.8797378711
0.8108862650
2.7819998553
4.1545565433
-0.4391475789
0.2299646248
0.6880064499
-2.1224559402
-1.1924192949
-0.5042891874
-1.8916327790
-4.7527721786
-0.6605085540
1.0726553970
0.9369545869
0.1516797605
-1.1333108785
1.8785413256
-4.3389659505
-1.0940687788
-0.0673905709
-2.2186089195
1.1500565531
-4.0861616610
1.4456447854
1.2031907629
-0.5371117597
1.0534748675
-1.4668011882
0.1038035950
-1.9670831946
1.7487160278
-2.7634933089
-3.9412827835
-4.9810058448
0.7873498987
-0.1666945038
1.7407856039
1.2531976776
0.2028121876
-4.3400564655
0.2016300492
-2.5344420224
2.7579565865
-1.4369706631
1.5375618906
-1.4221945671
-0.5055039108
1.1613614805
-1.1892545612
-0.0811994458
-1.9447934239
1.5689060301
1.4310097411
-2.4724465139
-0.5363896949
-4.3591890938
-1.1675718285
0.8843946808
-4.4259029868
2.2635192874
-1.9716338638
-3.7740637668
0.0761769501
-1.5344520967
0.3739828452
-0.6118103744
2.0344668721
6.4514366006
-0.3433728671
0.7256911543
-0.9445307473
-1.5870553290
0.1575923468
1.9999012140
-4.9468559556
0.0199794125
0.4097115888
-0.2969248263
0.1119357626
2.4296981215
-0.7574886936
4.6936571915
-4.1314498928
-0.3753903089
0.9337686015
0.4453179702
-1.4010448393
2.2962601874
-2.2539242121
-0.6966505528
1.2939455663
1.2399345762
-0.1035496172
2.7820768424
1.9167712995
-0.9786009118
3.7514509296
1.7588496406
1.2301540436
1.4757414664
-3.8537071010
0.6809673926
2.8570930974
0.2082093215
-3.8349745777
3.7520442432
0.4172145211
-2.4197765438
-0.8943719497
-3.3861255732
2.3343584608
0.1716980128
3.7723594590
2.0737149281
0.2628286265
0.6117525101
1.3606686572
1.6396064729
1.5940864757
-0.5077131642
3.4893977784
0.6076868187
-0.3675949961
-0.3859829059
1.3700837805
-0.4073904638
-0.8139898312
-1.3811633849
-2.3717811632
-1.7513044549
1.4972250349
1.5388887858
0.3520793142
0.3392934395
0.3044347405
0.4312021610
-0.2886124938
1.0019736372
1.8870346626
-2.0437892044
1.6992022755
-1.4168427774
2.0899250061
3.3689750107
0.2868626942
1.6849776966
1.7548504137
-2.4566983778
3.0135947831
-1.9684529495
-5.0278006631
0.2738111709
-1.5169209434
-2.6141314281
-1.1371707690
-0.5493379836
-0.5679987703
0.0412046225
1.6754325869
0.8027811508
-1.8239287145
1.1805919258
0.8209672931
3.1336313793
-0.2624053139
-0.0398030459
0.4116928059
6.5027363668
1.8547363309
-1.4701379833
-0.7580344254
-1.3298223560
-1.0763220190
-0.4255853079
-0.5641973778
1.4559794693
1.3847617262
-0.0304169926
2.9277684062
-0.2868165717
3.9882764631
-1.6937416063
1.1194242210
3.0290630578
-0.2899290223
-0.0482098648
-1.2419237941
-1.3878407543
1.8184421288
0.9068732263
-0.6050705453
-0.2885757993
-0.2832674209
-0.7639999048
2.8779868160
2.0044021270
-2.9981779709
-2.6779570410
-0.7724643393
-0.0574041052
-0.8459290672
1.5234441139
1.2290938932
0.2727927678
-0.6327445560
1.3781476859
-1.2580225046
-5.3738791120
3.8134709138
-0.1405174521
0.2973155423
2.4884216846
3.5402702317
0.7732390411
4.0550523849
-0.4236596793
1.6324074679
1.2122724497
-2.4159583580
-2.5417549064
3.1553690458
-1.3703442569
-0.8543849925
-1.8174731693
-0.6497830045
2.0028570097
1.3111329677
-1.7355533289
-2.7822024820
-2.6325161629
-4.3140271966
1.9032245864
-1.5357491659
0.7178585330
-0.3913446297
-0.6357711593
-0.1065524568
-1.2788990613
0.6348254058
-4.3446892512
1.3940431459
-2.3463077652
1.1448821069
0.1102629206
1.7251072009
0.6717553549
-1.0799323846
2.0771533157
1.8502166280
-0.5639181834
3.7761139594
-1.5115151966
-2.8707064334
-0.4081250451
-2.0137340373
0.0155657149
1.3020826919
-1.8162809629
0.7140911299
1.9135873579
0.1716923927
-1.6444138017
1.5810468146
0.0048908768
1.4653570770
4.0821922370
-1.5376774896
1.9788381127
0.3923504597
-2.8943010470
0.7687183499
-0.6744437909
-2.6976300315
0.1471522572
0.8492969538
-1.2172211363
-5.1473160266
-2.4493946494
0.8283215484
0.7768681542
-1.7379447252
2.2577038747
3.2817711598
-0.9010797638
0.2675977260
1.4489029234
2.9382498500
0.1849394680
-1.2153797810
-0.6362236293
2.2675124409
1.0947293464
-2.0365852546
-0.8369934311
-3.5002270710
-1.2851821977
1.6789034603
0.7543963085
0.7020535071
-1.9910487531
-1.0648292923
-1.3843799433
2.4250884301
-0.6446812266
-2.3776344220
0.8117750224
-1.2802460801
-3.2587084255
3.4533398486
1.1685415010
-2.2640920713
5.5817287634
-1.2929530855
-4.0961519282
-1.0613189372
-0.4819574017
1.8037959560
-3.9229621824
-2.0720216439
-0.5268958210
-1.7719243710
-0.9279486081
0.5784317143
-1.3412493709
1.5256251924
-1.5056376016
-1.3388326943
1.1070763083
-0.3694897378
-0.8849143175
1.8467080533
-0.5131501088
0.6644871642
4.2821532987
-1.7507725834
1.0760036036
-0.8927115982
0.4492721022
-4.0206722957
-1.2310583803
-2.7746867328
0.2168878773
-0.2545849797
3.1985986510
0.3707498502
-0.0428525296
-2.2144925275
0.9272434579
-2.2897150687
2.8895383275
1.7645540948
2.4164917874
0.5878493850
2.9737633994
1.9229233734
1.4893226072
-0.5927825401
-0.3362286251
0.3801934308
-1.7535024330
1.0604104365
2.8774003325
0.2188119265
1.2142976090
2.7922588464
-2.5572748610
0.7975587166
1.0085179915
-0.0469520577
-0.6604617510
0.0393414477
-2.2732221261
2.1000240972
1.2548894751
-0.8431717958
-3.3548790346
2.9370435206
0.1058630830
-2.7454478649
0.0349992696
-1.5665962729
-0.2116970188
-2.0682121870
0.8480166840
0.1039784627
-1.6749477644
-1.4895146950
1.2456768821
0.0851528278
2.4650571574
-0.3025427119
1.9084793621
-1.3391796503
0.7528639118
-2.1421193914
-0.9682441354
-0.4797144555
1.9594961690
1.3543115669
-1.2805422437
-2.2558344107
0.3186159512
0.1784333046
-2.2179557944
-1.5671354198
0.8827645899
1.7550015673
-1.5290880234
-2.8827352829
3.2715975676
-3.6740341544
-1.3890286397
-2.7691178586
2.6493292144
0.7913533654
-1.6019899345
0.4709079075
-1.4667905984
-1.8261324140
3.2757080755
-0.1358546741
3.4481058912
-1.8641149281
0.4997179433
0.6356941299
-1.3388081163
2.7783841332
-2.0930413247
-1.3555162590
1.0510833929
-1.4056581579
3.7304959652
-1.5650700621
0.9929983016
4.5073075539
1.5594226812
-0.3497817434
-2.9425528549
-0.0957800723
-0.5720999392
-2.4097517215
0.0301781836
-2.5928481906
-3.9824164542
-1.6838646931
2.0794819329
-2.4979542586
-1.2205406971
-0.7182790475
-0.5805959275
-0.6915293621
2.4407266867
0.7811166201
1.6561353728
0.8189319239
1.7925694932
1.3443062367
-1.2788323349
-0.2279824383
1.4674343987
-1.3833546295
2.3147116681
2.4917397993
1.5024141935
1.1321699076
2.3562481851
0.4854624048
0.6418398397
-1.3104762199
2.2741863626
-1.2652425285
-0.0865896299
-1.4276138515
-1.5130350930
2.1188558923
-2.2408464232
2.4696636175
-0.3005928064
-0.2267650907
0.0296665849
-3.5552573906
1.3213541880
-0.7519502691
-0.6860556417
1.1613324738
-2.6424728753
0.7891904023
-0.0983763559
4.2681937879
3.7156790041
-2.4851958194
2.5585481544
-2.2765521108
-1.4546202378
0.2002637742
-1.7221249154
-0.1260607100
-4.1572025313
-0.2217879533
0.8700852081
1.3475504196
-0.8733302434
-2.5090452513
-1.7193300478
-2.4520637300
-0.8686298637
1.7474734403
-3.7770143382
-4.2434999320
-0.8362612030
0.6247567660
1.6416155392
-1.6061008237
0.2683384363
-0.8839347080
-2.4381172685
0.1959020420
-0.8562727519
1.5662452728
-0.1621556643
-1.9032253609
1.8078320984
-1.2889324205
0.2989596593
0.6952139394
-0.5740062019
-0.2662985105
0.6887931537
0.4153420176
0.3711832885
1.2272888972
0.6025239727
-0.0343209464
-0.8675226966
1.8911558452
1.2741027793
-1.3083090642
0.6065470610
-0.6820062293
0.6804623260
-2.1385417452
5.1815455215
-0.0879906686
0.2953605814
-0.1150298779
-1.1961903070
6.9212336260
-1.4760249301
-0.4628525435
1.9208596095
0.5104706302
-0.4663480622
-0.5203537939
1.3666713501
2.0232973513
0.6367858083
0.2652554825
1.1414731420
-1.2842066112
-1.8325791220
0.0021275169
-0.1777310786
-3.1331852459
-0.0103165116
-0.3197879774
-0.2528112022
-0.1793200230
0.6298578916
-2.7851527625
0.0405083992
-1.1191697778
0.1083783209
-1.3194343358
2.8395275154
0.2977481559
-3.1765630109
2.3777052258
-0.6412829594
-2.1035091190
0.7577309494
0.1358379371
-2.0493189094
-3.2105111896
0.5302988124
3.0399187250
0.3482151984
1.0517320596
3.4278412852
0.1172169334
-0.5823437762
0.2376315243
4.9534823629
2.3284714721
4.0671688545
1.1994968909
-0.7038551889
-1.6048643489
0.3610982426
0.3114048478
2.0285300201
1.5626776249
1.5725167093
0.2237240148
-5.2765775001
-3.6541670109
0.3787798923
-1.5561391000
-2.9376331935
0.2646145668
-3.7260569749
-1.7190276852
-2.0616621507
-0.6302576797
-0.2768806548
-2.4093003700
2.5020208222
-2.3916274797
1.0552990578
2.6813517871
-1.4830439660
0.7439945898
-0.4401796562
0.0703646398
2.9178247539
-1.8418265794
1.8628728925
0.9639879358
0.4513485408
0.6353823001
-4.4902041265
-1.4242341081
-0.7041035806
1.5858388937
1.2395509222
0.4297827850
3.6919923761
0.3225839252
0.3213870829
0.1996479562
0.0268975131
-1.0834018888
-1.1249816066
1.1526635776
-0.4158251717
-0.5889712928
4.9162009342
-3.1260717810
-1.4319862912
-1.4331827092
-1.7133350907
0.8669856693
3.2661870282
2.6610175031
-0.3009833569
0.8511736672
-0.7432748322
0.2803147603
-1.2682040519
2.8616387961
-0.9809453491
1.0059419902
-0.5346066109
1.2674066352
0.4868615807
-1.8364143775
1.6520868469
0.4044147352
-5.7558248820
-1.8009280929
-2.4147229251
-3.8787500281
0.1389575535
-1.7665499145
0.1015320922
0.1888128872
1.5593545427
-0.0657346182
-0.1695577882
0.9453418740
-0.1489876614
0.7026076999
-0.7761274433
1.6443378326
0.3674886806
-1.8486370349
-0.9484682622
3.5084670537
0.0485236351
2.3481427113
-1.8753870175
7.1638653000
3.5836254876
2.3144600888
0.5692077522
-1.3417788253
-0.2170568362
-0.5500607694
0.0872858782
-2.4025984454
-2.6064088170
2.9189173781
-0.8266358356
-2.5903448721
-3.6336910239
0.3004533897
-1.6824145909
-0.9165429233
-3.6574283058
0.1033138817
0.2777371791
0.6943789713
-1.8459449863
-2.4322402719
0.0615624203
-2.1201087715
2.4017811499
4.2998105609
3.8031761827
0.1713086277
-0.2301525664
0.5753596830
1.7593407812
-0.6229189105
5.2109440344
-2.0310490908
0.0850871300
-0.1941626849
-2.2165095047
0.0526941710
1.8121107722
0.5928336914
-3.7410961511
-1.1120666786
-0.3028588252
-3.9896278718
-2.6515731357
-0.6670257670
-2.4569171820
2.7025824947
-0.3557727866
0.7852539366
1.4353137244
-0.7786326301
-0.5290677910
2.0904543779
1.7342319384
1.6256434857
-0.7542113084
3.9782451535
-0.4925011921
-5.8548627986
-0.5092362981
-2.1018540940
-2.4148415209
-3.1769944380
1.3987053218
0.0346081490
4.3604637219
-0.0543137286
-1.7484502002
2.6442251461
2.8185549839
-1.1433555663
1.6743716388
-1.8024488309
2.8355157302
2.2888067226
3.0996406775
1.0766092001
-3.6532792458
0.2006665283
1.4396250068
-0.5701908502
0.2280221285
-3.6289081253
-0.5683415578
-2.4190096031
-2.1168807460
1.1351994975
-2.0030156645
0.5552193764
-0.2780717254
-2.1454528216
0.1760459674
0.7993144757
3.3995399235
1.7781941909
1.2717703789
4.7287365122
-2.2222016633
-1.4633320997
0.8659813270
-0.9913395327
-1.6855658016
3.3595752555
2.1389359585
-4.8678880358
1.8730846827
-1.8111272441
-1.6160147645
5.4763678592
-1.3112053266
-1.1131960746
-2.2892244057
-2.9647507185
-1.1713319967
1.8088546634
0.1691150999
0.7654164035
3.0321167820
-2.0955403283
4.1956681262
-4.8043673101
1.6692833116
1.1802796439
-1.1242022213
1.7465847241
-0.0423123667
-4.9980382967
-2.3863043363
-2.4138853722
1.3286416869
2.3713081726
-0.3177155149
-1.9990582402
3.6533076727
0.6889707675
3.6487465395
4.8208565276
-0.5128271992
1.5202665875
2.0278060266
1.4748882185
2.0432939458
0.3816261290
4.8829877481
0.3275156725
-1.8387295706
0.8116869166
-1.8691987241
-1.1441901519
-3.3334169657
-1.4141804479
-0.4182215004
2.1626032549
-1.3981256797
-0.9768644011
-0.8055097052
0.5207927271
0.3801017326
-4.2190747220
-0.1506007723
-2.9100065139
1.5515240278
-0.4583217725
1.1354813392
-0.9647667645
2.0452389668
-3.3289162238
1.7380969710
-1.3298067959
2.1540904962
1.6609128873
-1.7794172954
2.8145600332
2.5360039917
-1.1641641279
0.6416115395
2.4749941981
0.4511866774
0.6512034341
-0.1352039093
-1.0513107497
2.7459250829
5.1823298674
-0.1719879197
2.9329444267
-1.6838078504
-0.7624296429
4.9262106627
0.5465235980
1.0977320087
2.1592966896
-0.8722521205
-2.9414008728
-0.9859802756
3.5878840317
3.3204942286
-0.7571384131
0.8440921206
5.0868994664
-2.8030839435
2.9478746490
0.4281321679
0.4292017608
-0.4428767190
2.5291272759
-1.3112241077
1.3653007027
3.2983256140
1.7910356805
-0.6266084609
-0.0761183407
-0.7856835441
2.8124981290
-0.8220059104
0.8724379255
-1.1440854150
1.5363764372
0.2189155209
0.1912055029
-0.9084521760
-1.0980977572
-0.2698445098
-1.1540722763
3.0824977136
-1.0808957460
1.2619718701
0.0011228467
-1.9343947427
-0.9689264809
-1.4388889197
1.0129346059
-0.1532238157
-2.8389674278
-1.3406074755
-0.5685931521
1.7003200502
-1.2781149019
-1.1839671971
-4.3513758816
-2.0056202685
-1.9647294953
-0.6045114656
3.5418751398
0.1657037958
0.6909132936
0.2045763443
1.1939348164
2.7682790358
2.5111617029
0.3952271153
-1.6154251280
1.7234078962
1.1895746142
-2.4440068928
-0.5614350007
3.0443341178
1.9881728197
2.2554790711
-3.7224600373
-2.8333651261
1.4435693660
-0.0198586265
2.6367061300
-1.8899247298
1.0498342010
-0.5144871677
-3.4155594604
-0.4574009862
0.4538648269
-1.1494349894
0.3885661325
-0.1775722853
0.8971375871
0.9249347443
-1.1627746015
0.7659529830
-2.4802935999
-0.8173457501
-0.2100393122
-1.8459520382
2.0682343625
0.7177294193
2.4377055898
0.9085599694
0.1113661304
-1.4827016004
0.7753626186
1.8536441009
0.3041109775
3.2692317805
2.0627016895
-0.5225544309
0.4295012779
-0.5597318393
-0.0886745825
0.2132748910
-0.7269977714
-2.1008566667
-2.2234166854
-0.0509884954
1.3166233472
-0.3333094902
-1.2831746926
-1.0977577484
-0.3661734628
-1.4742149632
0.7102772885
-0.4021273026
1.0504819524
0.5086672013
-0.4092160414
0.6233224349
4.5704398583
2.7286002503
-1.0114788297
-0.2321019484
-3.5262972727
0.5186290639
-1.3408697976
0.9784297697
3.3913088709
1.4263942810
0.7116276024
1.9369144632
-4.3027575373
-1.3819281634
0.0667220295
1.9690405498
1.3969913728
-0.5683208050
-3.0020889053
-2.9253655025
4.5354052393
-1.3215784006
2.2274340737
1.0597563291
-1.7864610548
-0.4253692039
-3.2050770074
-3.1050250747
0.7925645476
0.9556183460
-0.1451184336
-1.3002475742
1.9640312483
-0.3600512557
-0.1820398247
2.3695892979
-3.4817172745
0.0901501084
-0.9192729869
-0.1335012586
-1.1846116650
1.8658941435
0.1664372122
1.0319910119
0.3399393333
0.3971303809
-1.8988313341
-0.2955703814
1.4921866193
0.7721298666
-0.2844823728
0.4644629039
0.5161061845
3.2390166799
-0.3755791743
0.1576450055
-2.1719612944
0.4870393806
4.8411944068
-2.7421814728
-1.1837501765
-2.9363097218
4.7804538956
-0.2131096747
-1.9912472144
3.1025390168
0.9511363156
-0.7186864850
1.3324235101
-2.4916290217
-2.0311936284
1.5823790252
-2.5396886750
0.2284902693
1.7959578329
-3.1773619530
0.4992308944
1.4691472706
0.8129560378
0.2117818163
-0.2840672620
-0.9364149225
0.3415625396
-0.0588655676
-2.7679718808
-0.3719006453
-2.5811615121
-1.3019110581
-2.2360535433
0.9496757769
0.0324410353
0.5933493812
1.2597859021
-2.7100997421
-0.2550746447
-1.8197831369
1.4261047272
-1.4491900153
-4.8208717711
-0.3653663311
1.3165175571
2.6472700342
1.9463082966
-2.4114801619
-0.0453010979
-0.5505935768
2.1686122540
-0.7392257505
5.4238913608
0.5132151097
-0.3699865989
-0.4849462479
-0.8357048207
-0.7560190943
-0.7685778333
-0.7492842798
0.0715962870
0.4469546309
-2.2096653679
-2.2876406621
-0.7376827317
0.2898668342
1.9641978490
-3.1955392281
5.2576592624
-0.7412515903
-4.4944655983
-1.0510005828
-1.5658567037
-1.3827417870
-1.8635752695
1.1277544393
-1.9735514551
-2.8557888668
3.2164619968
-0.0509197191
2.5351381990
-0.9522366588
-2.8298857286
-1.4803807212
2.3001750256
-0.7804994979
3.7920355811
-3.5365408409
-0.9720112756
0.7073478631
-1.5787385418
-0.7263907149
3.3586215794
5.2701039569
-1.9005425390
1.4758306963
-0.8106562060
-0.9693244707
-1.4517887011
0.8957247882
-0.9943927241
0.0040922314
-1.7680608416
-0.1062439304
0.1352867760
3.3534251505
-0.8250547501
-2.5595931599
1.7316941012
0.7165621812
1.1973684259
0.8406583569
-3.7515442233
-0.6707186601
0.3043585766
2.6370703739
-3.5027815417
-0.9726923565
-2.5292157657
-1.1081376173
1.2183411531
0.1764682834
-0.3205830743
-0.6705486340
0.0952577183
0.5369240466
-1.8578420930
-2.7765452555
-0.0210214522
0.9828336241
-0.3886410738
2.0892140891
0.0159139333
-3.6142565558
-0.1453824902
-3.5506488834
4.1164933976
0.8450432078
-0.7074851473
-1.1319570974
1.5533677928
-0.3565025241
1.7944284714
-2.1871214584
-1.1568392740
-0.0608157209
3.6360643837
-1.3144495527
-1.1219854022
-0.3016844255
2.4845925236
-0.8904228002
-0.4318270805
0.4557362698
0.0601563852
-0.4807000659
0.6746361280
0.1481295634
-1.8648231398
-2.5260697959
1.5034794616
1.1856259360
0.9703728559
-3.9437607526
-0.2323535440
-1.1921380411
-2.3588979519
-1.5823288197
-1.3914854499
0.5255947071
2.0325801009
-2.2660491681
0.4740219264
-0.7722578244
-0.1723988312
3.2417338070
-1.5261673220
-2.1136608613
-0.4184469553
0.7910708692
-1.6690979295
-1.0509178575
-1.9705593661
-2.5156007653
0.2116034755
-0.2988037591
-0.4567247467
-1.1422817924
0.7445535912
2.3622191734
3.2003708229
-1.3907134924
1.6886454264
2.3634232767
-2.9463714862
-0.5061397712
-0.5271263673
-1.6604927624
0.4241246545
0.5919064348
0.5277650665
-0.3533523092
0.8258211250
-1.5442999745
-0.0928465918
-1.2476494396
-1.0332390415
4.7191017523
1.0407034359
-0.6386692351
0.2663442676
-1.5669802018
2.7830652437
-2.1863492734
2.7808148822
1.0956402403
-0.0627430248
-1.5046601053
0.5297683558
0.0673453559
-2.0378181338
-0.2097055113
2.0266268670
1.9476315921
3.0760963169
1.9467820793
0.1014991484
2.5481711462
0.9416027367
-2.0449912023
-2.2325288803
1.1280991176
-0.6314700057
1.0460800444
2.9356290580
3.8033636407
-1.2264380304
-1.4884513580
0.4883412036
-2.4567028916
-1.2457674081
-0.8759891485
-4.7356240587
-0.4907080043
0.7347911453
-1.1332070936
-1.0885677678
-0.8523858764
-2.4585562101
3.4040781309
-1.9193159595
-0.2270705976
-2.2021180636
1.8666331288
3.9029743447
0.3617330083
3.0095585013
1.7743583453
-1.3131200571
3.2290243641
2.0243414741
-3.5958700971
2.1245190814
-4.0973147530
0.1829565592
1.9819371256
0.6592525890
-0.1307926810
0.2942318036
-2.3197564371
-2.6317895565
-0.4971955434
-1.5948810042
-1.0413041330
1.3462360427
-0.1657246720
2.2134434669
4.7425503664
-3.3889963924
0.5042217327
2.4435245316
-0.4256974084
-0.0723158404
-0.5308220325
2.5314376177
0.3614284058
-0.0861434301
0.6914439147
-1.9022006387
-0.6410569429
-2.0223849146
2.6077633674
-0.5580808975
2.0363841718
1.1423514033
1.7198426913
0.1856939063
-0.1521757995
0.3969938737
-2.4052003000
-0.4150018450
-1.9231027296
-0.7844219075
1.1899913861
-0.3666039198
-1.7734462035
-1.5340769840
0.7872646220
0.2849864545
0.9164134342
-1.9136731084
-1.6106181511
0.5030509844
1.6518809127
2.0328589940
0.2804855362
0.1782292690
2.7195863862
-0.3362832653
2.7904881884
1.0141954202
-0.8030767467
0.5421810400
-1.7198276889
2.1586472701
1.1124635328
-0.6961911928
3.4342979715
-1.1215320885
-0.5492700060
-1.5396020829
-1.3754764720
-0.8116615625
-0.5176268148
-0.3124651079
-2.5480621530
0.2727345334
0.9999716123
-5.6604426325
1.4761858408
0.4878349227
0.5693833412
1.3872059384
-3.3862766679
0.1888817104
3.8677893728
4.0528401844
-1.5994614877
0.4128874867
-0.2371847421
2.3515030291
2.4822077440
1.8283236645
-1.3091575396
-2.4583353618
-1.7059337822
2.5177609471
-0.6231962198
2.3056774883
0.5209369767
2.8636052738
3.3770766715
2.1787420707
-3.0849718042
3.3233461369
-1.8142076802
-0.2922828732
-0.4065400995
2.4270079674
-4.9644152803
0.1341446769
-0.1475545655
5.0748752344
-0.5286355319
0.1402503907
-1.4174497752
1.2771722587
-0.5393473802
0.3375701286
-0.5481582669
0.2377318608
1.4084619144
-1.6643438690
1.7510215558
-3.6472145108
1.2140334084
3.5168114064
-0.2933179194
-3.2676491723
0.4529670108
0.5141524381
0.7073589295
2.8065460285
-2.9378869776
1.3657046797
2.3370070907
-1.3791024203
-0.5720456614
3.0038859682
-1.7957704173
-2.1435754992
-1.2573164228
2.9718518680
-3.5976031166
0.9432869002
1.2718874286
-2.3097009690
0.3375019241
-4.1716295444
1.5630325332
4.4635857865
0.4932345368
-2.0251777375
-1.3293022572
-2.7325203079
1.5951673700
2.3730400871
-0.6286889218
-0.6123552858
0.2390953488
0.3958281706
2.3197313109
-1.7179590368
2.9517698095
0.8191415064
-0.7587006344
-2.2683738839
1.0805963304
-2.1102183983
-0.8609368635
-2.4914550886
-0.6936218812
5.6644528895
-0.3130641647
-0.9336809818
-0.1405321483
0.4696484831
-0.0085857176
-0.4937131548
0.1708734902
1.1653618897
-0.8842878134
1.2769156837
1.3363127926
-0.3853843276
-1.0829375505
-1.0534036341
-0.0762266726
-0.0568425964
-1.9745544931
-0.7200687200
2.5439497423
-0.4197531562
1.5823740284
-1.8208082420
1.5280952581
1.5345189553
1.1236834541
1.7337745250
-3.9247005918
1.1409793318
-2.4220795148
-1.2051397032
3.4902578992
-1.0375160093
1.7143419272
1.8938410328
2.6115374172
-4.6524178751
-0.8069087870
-0.8843309232
-0.6273483782
1.6236683250
-2.0546059578
3.9182649921
0.7682635236
-0.3323580664
-1.3103761647
0.3755750922
-2.8189377957
0.0174596801
-0.4554347827
-1.5839576163
1.5143500378
2.0537672834
-0.6022712866
-0.6752285342
-1.6721911211
2.3484594032
0.1402869095
-2.6364014206
-1.9380031931
-0.5658591290
2.0141853751
1.3524825102
0.1613549445
3.1011025391
-2.9871421878
0.2033573214
1.5461729247
-1.8496939574
-2.4355527245
0.4386433677
-1.0053402128
0.3124472570
1.8883429892
-0.0801839816
0.0441898636
-0.4427926435
-0.2752339311
-2.9166790124
0.4779229328
0.5236712956
0.2169162884
-1.5573158304
0.8719915311
0.9870231982
1.6952647367
0.4465685133
0.5872911935
0.7887209747
-1.2061794920
0.3187283846
-1.2479425251
-0.5338497292
-1.5251183855
2.5932807287
-1.2306275399
0.9469845519
0.2346101966
-1.5576724926
0.5588274258
-1.0706687013
-0.1331554691
-0.9279143075
0.4566834515
-0.8660052874
-0.4838514102
1.0343609603
-1.1771370226
1.8562810599
-1.6366714883
-0.6704778494
0.3422476030
-0.3046216268
0.3621198481
-1.1076460557
-0.2630108557
-0.0503200537
1.5252896879
-1.8493160427
-2.4692389399
-0.6764490054
0.1565927921
-0.4418166799
-2.3807278606
0.3021931729
-2.6420287433
2.6060354711
-0.3318150550
-1.2485309922
1.2927800263
-3.4853052555
0.1791837564
-2.1523953203
3.4917626933
-1.3761529426
-8.8453997800
-0.8573570894
-0.1207672452
3.2442725878
-4.5872951505
-0.5520000907
-2.7951432165
1.4015041862
-1.2451934688
-0.5356951652
-3.2927745803
0.7485619543
-0.5424715049
1.0874262975
-5.2501649887
-1.5071186048
2.1485198938
3.0160123865
3.8325129230
4.3298783822
7.0373954008
3.2872132960
1.8167135904
-0.3537123006
0.2230348305
0.2549701232
0.7485972854
-1.3840429725
-0.9203012173
-0.5325695782
-2.0640329515
2.1148304104
-1.4284154208
2.1290754434
-0.1898595009
2.5724787229
-1.3746046662
3.1366585254
-6.3442744681
0.0271722900
5.4753624693
0.6371879447
5.7764767945
-1.8540950617
-0.2763905405
1.0053051006
-3.9496534073
0.4673086772
1.6962001627
-2.5514555263
-0.5624273348
2.9495628763
0.4979937817
-2.0181885895
-0.9397100671
-0.4142438083
-0.4801882194
-0.6398843236
0.5952275451
-0.4101670793
-2.0663384518
-1.0658935105
2.0106397421
-0.5029528636
-0.6923321913
-2.4247820141
-0.1335081295
1.8192227438
-0.7866371467
-2.2730073652
-1.2505827351
-0.2832351097
0.6760395688
-0.3472672595
-1.8408058616
1.2846584235
-0.0378272502
2.1821263482
1.2057847527
-4.1599899079
-0.7066709290
2.1888772315
0.5060089417
2.1643491963
2.1098022953
3.5987849323
0.3167156664
-3.0800395440
-3.7071079908
3.1805685251
0.1594335276
-3.3699546509
-0.9664442493
-0.8437502835
-0.1503366666
-1.9700592336
-2.3813756268
-0.6256880318
1.7448394723
-0.8408148434
2.1958828079
2.2500005022
0.6017758697
-1.9491487262
1.3450008711
-1.0547203069
0.8257170121
-2.3170226124
0.9854983096
-1.2676050428
2.1969551189
0.3950255931
-0.0868535709
2.3432529846
-0.0499692313
-3.5042531498
0.1648403455
-0.0595470567
0.1788878128
-2.6686270076
0.7670308117
0.5387362334
2.1540353805
-0.5336612378
1.4543512443
0.4093507577
-0.7875499852
-2.2771374538
1.2626562157
-1.5693024502
2.7581673601
-0.3765978908
2.1401040958
1.0294126662
-0.6491634807
0.3063526743
-1.4866754824
1.7101486018
0.4706864115
-1.0382694648
0.4289390580
-0.2146775267
-0.0349860366
2.5888421316
2.2512163460
2.7357909433
3.2121572281
0.1435635558
-0.2148183819
-2.9834051218
4.5692565000
-1.9364155608
-1.4026275825
3.2924808220
-0.6676496349
1.4765290337
-0.5179168476
-4.0666797937
-0.7111203158
-0.8618753275
0.2073439151
-3.0324959084
0.5430724752
1.2675844665
-1.1865682756
-1.5810319128
3.0865602077
1.3206266773
1.4409042209
1.9351782961
-2.7500388114
-0.4155124327
-0.5028360467
0.1670886324
-0.8342414376
-2.0929225863
-1.6852468844
0.0682282830
1.8526651134
0.4189248919
-4.2018769952
0.4967403564
-2.9931402237
0.6790641562
1.2093061106
2.8670105751
-0.2159700447
2.7953981674
1.4347427459
0.6899179796
0.0742710283
-0.0761028199
-1.4368461857
-4.1991035624
-0.9315316908
1.4486492245
1.2545646413
0.7146857904
1.8365882862
1.5483433567
-0.7394423987
-1.9178156900
0.4425157698
2.5553146400
-0.8535386707
1.5511835460
-0.0481439963
-0.7336417153
1.1982958193
7.0792443904
-0.1016829912
0.9434847466
2.7168962468
0.6488028545
-2.1779796412
4.5998713414
-0.8680073290
-5.3411053186
0.3476615544
-2.1243468362
-0.3036962051
-0.3302088212
-5.5193290443
0.7658755706
-3.7353012076
2.9626041878
-5.5306956397
4.6890227913
0.3802048619
-2.4394595237
-0.2957054993
1.9686521328
2.1533924316
0.4838776568
4.6133626791
-5.1518133626
-0.1145424279
1.6187322525
-2.6847784907
0.2856907009
-4.1252919057
-0.0746717832
-2.7221698023
0.0678990774
-0.3183880672
-3.0397125497
-0.3776710485
0.1890152739
-1.2831607962
-0.8432200371
1.9482268174
-0.1780329789
-0.9050355509
1.2068751631
-1.5984251000
3.8420327975
0.9941278477
0.0161607215
1.9474681056
0.6253163865
0.7320709453
0.6095052457
-0.4170340321
4.2364483308
-0.0501438209
-2.7186471434
-1.1746105538
-3.6229524545
1.9465451490
1.4981927833
0.6909876892
-1.0002354869
-1.2465164057
0.6414413480
1.9327780252
-6.1984382906
-0.3425878517
-1.8648588297
2.4006468221
1.0728427292
5.4640218992
0.9004143111
-3.9325633319
1.4095435770
-0.8041864102
1.1844103237
0.9060777493
-2.8564727188
-0.1685423171
-5.1641139585
4.8554171895
-4.4584076083
1.3100498804
2.0883857930
-1.6151006766
-2.0453667055
-4.2655896164
-2.2257262535
-1.4100500474
-0.9026612882
-1.8414221484
-0.7388508979
-2.3928445805
0.1165329138
1.0288407882
-0.5593901473
-1.1987627657
1.2024979452
0.8339285996
2.9605414559
-0.7874279874
-0.3673581777
0.0374433114
-3.8074271307
1.4181594279
2.4803114445
-2.4239788062
-0.0610448109
0.8448007640
-2.2093972097
5.7707871236
0.2470216961
0.1076117353
0.9792595434
2.4807864155
-2.6517766258
-0.9174394174
0.2372805937
-1.2801120605
-1.7968640815
1.5095560050
-1.1837489829
1.7043148764
4.2039541036
2.8093832617
0.3006628978
1.1014152779
-0.6645121199
0.1384877714
0.6206003743
0.8007482309
0.3542002719
2.4394399820
2.4747701957
3.8539127670
4.4021012059
1.0903927599
-3.1027292258
1.5545139583
-2.8315817045
0.4827383876
3.6142225169
-1.9199351189
-0.2171799142
-3.9753277683
-1.0260262309
-0.0110487556
-0.7504968352
-0.0343981885
-1.9397262577
2.5254887104
-4.9962845132
-0.9480294896
-2.2861658546
2.0524610608
3.0220275901
-0.9586486592
-4.9303299310
0.2578717503
-0.8873022848
-0.0875018707
0.5936432574
2.8493121620
-0.7065793979
1.8880643162
-1.9881267971
-0.6641523795
1.4536916962
0.2424686107
2.0772401222
-0.8757303326
0.3508808530
1.4706753739
-0.0274543612
6.2494400244
-2.5505646194
0.0120165730
-0.5332135945
1.5141438149
1.3776980999
0.6287517124
-1.0514439142
1.5985348608
2.3497490618
-1.0925096795
-0.4684721303
-2.2777198341
2.8305778408
-0.3344665032
0.7195917225
-0.3221299632
0.2693090717
0.5011390817
-0.8708663093
-1.7199518070
1.4390001798
-3.8699491129
1.2209403881
-0.3517493035
-0.0680266851
1.0253904430
-2.2433392258
3.7590112924
0.9188108450
-0.1287414720
-1.3368020307
2.2390058254
-3.5939823789
0.4776470709
1.2074307085
0.9165093520
-2.6874667612
0.1867945420
0.1963160660
-0.9300165126
-2.6419404390
2.0188457875
1.1501048969
-1.5331113128
4.6970102056
0.8135251924
-0.5965897188
-0.6590179392
2.4654112879
-1.6498882380
-0.5262625280
1.2907496253
-1.0185279998
1.9169152246
-1.3007512609
-5.0131962680
0.3868226206
0.8685861762
0.4132447186
2.0409989170
0.0556372349
-3.3179955944
-0.5990574772
-0.3258599302
0.6300553744
2.3285453872
0.6350754819
-0.5683229117
4.5404847575
-0.8260252135
0.2786171051
-0.9806519480
1.0754569357
2.2106822786
-0.2883875082
1.8128663481
0.4869179660
1.1988793549
-1.2663285260
-0.3741318795
-2.6715790530
1.1266486079
-1.8396635177
-0.4087213395
-1.8167493626
-2.1377654086
0.2084939326
0.4956945316
0.1426267250
1.6413205865
1.4499931889
0.6844751834
0.5494435992
-1.5065663815
-0.3956258584
-0.4209640181
0.8377437143
-2.3501562540
-3.6635764388
0.6631794866
2.2162402486
0.5644768537
0.9830786670
-1.4211011568
-0.2194715858
1.9152134394
-0.4790108875
0.5849023990
1.3251492243
1.5906760436
0.2097909315
0.2836826529
1.4142512035
0.3023928584
-1.7430215010
-1.1861474473
1.6810774550
1.1039549127
1.3710789230
-0.2442928312
-2.8145430275
1.5085975264
1.2161889209
-1.5650447952
-1.7051952369
0.2783960598
2.0394397330
-0.9158191218
-1.7851542832
0.5409057131
0.7180588537
-1.6128845371
-1.9682684133
0.8153311782
-0.3138533087
1.3810378697
-0.6756448826
-0.5759819615
1.7227372171
-0.5211526536
0.3950056797
-2.4937520820
0.8909427156
-0.8920592664
-2.3486595060
1.7769237385
3.6805332835
1.0186330671
-0.3524705651
2.5188495284
-0.1398736355
2.1886550942
2.9372741302
2.4388110221
-0.8904462978
0.4161811603
-1.3520101418
-1.2152874704
0.9321593183
-0.5912294772
-0.1911989218
2.2878902118
-1.2720545015
-3.7783671414
2.4941971441
0.7635600686
-0.7658224550
-1.9428285116
1.2067576848
-1.3385695879
0.7114340456
-2.2905303905
-2.6482411085
-3.2970044064
-0.2918899684
-2.4757867092
-0.5261198156
0.4710472146
1.2317391936
1.8283147384
-3.9423665999
-5.5014175357
-2.6118126499
-1.3360910719
-0.5827557893
-2.1011518072
2.2306154133
1.3544750066
1.7018501304
0.6126301656
0.6252829600
4.9135252941
1.9235711852
2.2159060287
0.8711304719
0.0405671200
0.5837728474
2.0342825861
-0.0655096978
-1.0524528225
-2.0543786709
0.9095690939
-0.6011303958
-5.2270653378
-1.8964200543
-5.4377049610
0.0893684910
2.1547354370
-2.0136328599
-1.9500961663
0.3536301301
2.2175837024
-0.8655771714
0.6473104059
-0.3008593931
-1.8933452509
-0.6156393187
1.3850069822
0.9578060800
0.7495061772
2.7171663616
-0.6671931812
-0.8433597842
0.4052751933
0.2646353897
0.8225201327
1.3823809053
3.0306863242
-1.0463041379
2.1541072974
0.8913056066
-0.2895722511
0.3709545450
0.9881470993
-2.2590840313
0.9330702577
-0.7667873955
-0.4564807615
-4.5360549144
-2.0955221054
-1.2091143533
-1.0194235506
1.1051628791
3.1595554027
1.1277633178
1.7191115615
-5.1118944868
2.5964663811
-2.6574786822
-0.7906619602
-1.3639015094
2.3115063713
-0.8676220196
3.4438376004
0.8484491521
-1.0028967416
4.4617607693
2.0207675936
0.1618894810
-1.0800803692
-1.5054703525
0.8750667930
-2.9531481221
-0.8769523427
-0.0196449902
-5.4416363845
0.0698815482
-0.1590526568
-3.5259573053
-1.4500523438
-1.8651072101
-2.3156770590
-2.2108468153
-0.2098704263
2.2426684393
0.0216386388
-0.2042659562
-0.7725461176
-0.5551998348
-0.8622785027
2.6041865207
0.6689277618
-0.5612209217
2.7965160206
3.9615813651
1.2409596515
-2.9292249708
-0.6995485518
-0.7080942536
0.4299306955
-0.1887460433
-1.6886149773
3.2116949830
1.3331336841
1.2560789416
2.3398655447
2.5846882662
0.1307313379
1.1255728326
0.4689758683
-0.2956005674
-0.5314644699
1.2980589693
-0.8111761243
-3.2967896465
3.3322759781
-0.8858777086
2.0480495751
-0.7486423613
-0.4949242639
4.5175667379
-4.0183660554
0.8439999010
-1.3729649988
-0.3732357111
1.2335354063
-2.2187343164
-2.9781688113
1.3283104462
1.6987102214
-0.3645033977
4.9669507080
2.1067598979
-0.2612415628
0.6308903197
-1.8766857307
0.4370877829
-1.3372987637
-0.6824151330
0.9048502571
-4.2945498145
0.0316919456
0.4717858548
-0.6757951060
0.1273103033
-0.8720092395
-4.2015797067
-3.4039758993
-2.1116657681
1.2333000398
-2.2273087478
-0.4761680648
-0.9364177193
-0.8575665720
0.0357236401
1.2643363164
-0.2768509170
2.0966123431
3.1545426981
-0.8298852885
0.9966850726
1.6720399980
1.9364191123
0.5315795320
-1.0962828753
-1.1052053462
1.7037246730
1.0772318971
-0.7413237363
-1.3805620786
0.5300453868
3.2129737300
-0.9431444628
1.1319175244
-1.2777824001
0.9953095167
4.3646877988
3.4256202789
-0.9370046381
-2.4025674226
-0.2837611247
-0.3914566107
-2.1176865706
-0.9627929450
1.1187700215
0.0954357454
1.4161273105
-1.1839311976
0.6222270738
-3.0744737199
2.4950149839
0.7126559394
-1.1880418491
-1.1529667501
0.7901855857
2.6905332528
0.9006389746
-3.2894646446
2.2793369057
-1.1872815512
-2.0429021608
1.0004478632
-1.1731251819
-0.6853456066
1.4832851364
-5.5185995126
0.8055254821
-0.8055901525
-0.3114887862
0.9512064615
1.1295342318
-0.2110016794
0.4310798262
0.1608633232
1.9888400162
-2.8481046975
-0.5399600864
-2.3475192934
1.7365299365
-5.0842677727
2.3924126558
-0.1729126394
-0.3649978493
-2.6479846815
-3.2473272291
3.2030821713
2.0960234104
-0.5834658031
-1.8581659061
-4.8790366444
-0.1064538921
-0.9730843573
-1.1720561358
0.7516965227
3.1355517773
0.5478869202
3.1637270848
0.3240531339
-0.4240117297
-6.5067597587
1.4290260017
4.9756155064
-0.5481140182
1.9756842232
-0.8119087974
2.3224015067
0.9744861323
-2.6800494246
0.5093109315
0.4610270447
-0.3927300489
4.4144933987
0.9889720778
-0.4879414374
-2.2946809856
1.2859007113
0.2444596523
-0.8991845298
-1.2414296906
-0.3376627465
0.8203601772
0.1531940158
-3.1030643310
3.4837651113
1.2363798206
-0.7195541102
0.3562082670
-2.9951084091
-1.6965752270
-0.2172604166
-3.1210370697
-0.5401264686
0.6934635725
-2.2527447779
3.6152550224
1.1700749510
0.8182150619
-1.1062366619
-0.3465460204
1.6160008951
-2.3980857456
-2.2009561990
-0.1944484798
-0.0197703777
-0.7800520195
1.6234015186
0.3942799122
-1.1115423945
-1.0743613386
-5.2162444147
3.0806418893
-0.0085142267
1.9061496783
0.6741942895
-2.6673564248
-0.1426169131
-2.7943221754
1.6248657346
0.9085808909
2.8592718077
-0.1561435037
0.6321193035
-0.6889940039
-0.8906367228
-3.3431905337
0.4521807674
2.9971018851
0.4161739064
-1.3440451435
1.8626511519
0.2314782635
-0.7642971298
1.1992083572
-3.1084059896
-2.6899344320
0.7625683096
4.1438365919
-0.8902572386
2.7112631005
-2.1981507591
1.5086193449
-0.0767972066
1.6576793215
-1.3221444265
-0.2251068992
-0.0951104930
-0.2680359453
-1.2127448295
0.0180666955
-2.1215408185
0.2506370691
0.3294319672
0.5384450550
1.3286253363
-1.1063815537
-0.2586364782
0.3406084079
0.2141530510
-3.8465784935
2.5950292700
-2.0681221430
-0.3315839294
-0.2223475292
-0.6738974747
-0.4382036180
-2.3234431603
1.9796726415
-0.6344207004
-0.1978597318
-0.7858841406
-1.4220957248
0.6931926365
-0.8172912477
-0.4257978695
-3.0379221456
0.7468789044
0.8541637499
-0.4800411745
1.8951300766
-1.5113956792
-1.0844518377
-0.3677112447
-0.8323398177
-0.1474879371
-1.6409119613
0.0221192112
3.0518164153
0.6132413836
0.0001387030
0.7093119185
-0.8273357286
0.8001845665
-0.9577390026
0.4821777363
-1.3790175939
3.7153019813
0.6116902710
0.8195532538
-0.4995926062
1.9515956439
0.7685455890
2.2908586640
0.6023343097
0.0429789656
-0.9115599721
-0.6229178220
-1.3414434955
0.2041266937
0.4325605620
1.2665300376
1.1234472938
-0.8867751426
-0.5771162880
1.7534322355
-0.0649965882
1.4627732123
1.7490130889
-3.6183259590
4.1446535277
0.1961512548
-2.3534888705
0.1543775191
0.8113429380
-3.1752786867
-0.1582958720
0.7456358997
-1.7924113332
1.6312221654
-0.3207995417
-1.0229370335
-1.1062649183
-0.5825631325
-0.8603364081
-2.9855141351
-1.7863255295
2.3776945142
1.4226332816
4.4539955170
3.6142486030
-1.3242208344
-0.7115333528
0.7357154480
0.0392818167
-1.5906282892
-3.1962994225
-0.8693390564
2.2651476963
-1.7875091024
-1.5709669278
-0.1986546403
-1.7860996626
1.6855587277
0.2908021581
-1.1702113424
1.7448862862
3.8255619574
-2.3989774852
0.9797399676
-4.1728703069
-1.6758923669
1.6231284778
-0.5726581470
1.8378907464
1.4687019503
0.3672296163
-4.2935096705
0.9545298539
-4.3375338000
4.0087775862
6.9633535985
-4.0382044731
-7.1994250691
-1.0779989713
-3.7226565974
-1.1478144850
3.2161968901
2.6397207604
1.5424813576
-0.5449770728
-1.3472402660
-1.2037245131
0.4735310347
8.6976774568
-2.8579399024
-6.9982243333
7.2574463489
-0.1354034699
0.2746556427
-6.9434242742
-8.6729590610
5.1628462269
-1.6148900011
2.9701002395
-0.8590595466
2.1982172082
-2.1450806653
-1.8829002497
0.6832330029
3.5371092789
-2.3775728445
5.1116123520
4.0557306022
-3.2211781728
-0.0774924785
1.8996118914
0.5590509353
2.0999561072
-2.2833548561
1.4108858267
-1.0434053731
0.7920656605
5.6445946544
2.2568725143
0.6239757078
-8.4824986615
-4.2095667155
3.2737768161
1.0098921873
4.4450689080
-4.0736081582
-11.4254475687
1.0577420497
3.6493075829
16.8058046328
-1.7587669261
-2.8266815352
0.1779580388
2.8056568882
-0.0447477120
4.4640356453
1.6103536905
1.4731151818
-0.8481601740
-1.8779468871
1.4258488979
-1.8329454106
-2.0509724100
1.2510260199
-4.2197488484
-1.8143264652
-1.3086236606
1.1749192091
0.9255231178
0.2634190112
-2.3347556497
-0.7375230068
-0.7564951937
0.9393185541
-1.1425747345
-0.9412159810
-0.8122664725
0.8870776999
0.6975957829
-0.7530249455
-4.4764633766
1.3119572421
-0.2703148141
-1.9723653441
-2.0911684434
-1.1677209908
0.2784980704
-1.2826193925
-2.1008995465
0.5389560048
1.3756881693
-0.0491039563
0.7585116805
-1.3560343612
-1.2115845586
1.7966911416
0.4970258331
1.2132224408
-1.0021910713
1.8508567625
1.9562218445
0.3757848388
0.0591578080
-1.1214870039
-0.6412162272
-3.7140488316
-0.4851384880
-1.0797027657
-0.5922069845
-1.4396612732
-0.7238033123
-3.2224664765
2.3647965259
-0.9317630233
5.2444379909
0.9738892033
0.9030884859
0.5878860028
-0.8951912280
3.2013622818
-0.8271113070
0.5557163906
-1.0195314030
