0000000100000001
0000001000000010
0000001100000011
0000010000000100
0000010100000101
0000011000000110
0000011100000111
0000100000001000
0000100100001001
0000101000001010
0000101100001011
0000110000001100
0000110100001101
0000111000001110
0000111100001111
0001000000010000
0000000100000001
0000001000000010
0000001100000011
0000010000000100
0000010100000101
0000011000000110
0000011100000111
0000100000001000
0000100100001001
0000101000001010
0000101100001011
0000110000001100
0000110100001101
0000111000001110
0000111100001111
0001000000010000
0000000100000001
0000001000000010
0000001100000011
0000010000000100
0000010100000101
0000011000000110
0000011100000111
0000100000001000
0000100100001001
0000101000001010
0000101100001011
0000110000001100
0000110100001101
0000111000001110
0000111100001111
1000000010000000
0001000000010000
0000000100000001
0000001000000010
0000001100000011
0000010000000100
0000010100000101
0000011000000110
0000011100000111
0000100000001000
0000100100001001
0000101000001010
0000101100001011
0000110000001100
0000110100001101
0000111000001110
0000111100001111
0001000000010000
0000000100000001
0000001000000010
0000001100000011
0000010000000100
0000010100000101
0000011000000110
0000011100000111
0000100000001000
0000100100001001
0000101000001010
0000101100001011
0000110000001100
0000110100001101
0000111000001110
0000111100001111
0001000000010000
0000000100000001
0000001000000010
0000001100000011
0000010000000100
0000010100000101
0000011000000110
0000011100000111
0000100000001000
0000100100001001
0000101000001010
0000101100001011
0000110000001100
0000110100001101
0000111000001110
0000111100001111
0001000000010000
0000000100000001
0000001000000010
0000001100000011
0000010000000100
0000010100000101
0000011000000110
0000011100000111
0000100000001000
0000100100001001
0000101000001010
0000101100001011
0000110000001100
0000110100001101
0000111000001110
0000111100001111
0001000000010000
0000000100000001
0000001000000010
0000001100000011
0000010000000100
0000010100000101
0000011000000110
0000011100000111
1000000010000000
0000100000001000
0000100100001001
0000101000001010
0000101100001011
0000110000001100
0000110100001101
0000111000001110
0000111100001111
0001000000010000
0000000100000001
0000001000000010
0000001100000011
0000010000000100
0000010100000101
0000011000000110
0000011100000111
0000100000001000
0000100100001001
0000101000001010
0000101100001011
0000110000001100
0000110100001101
0000111000001110
0000111100001111
0001000000010000
0000000100000001
0000001000000010
0000001100000011
0000010000000100
0000010100000101
0000011000000110
0000011100000111
0000100000001000
0000100100001001
0000101000001010
0000101100001011
0000110000001100
0000110100001101
0000111000001110
0000111100001111
0001000000010000