1651 2 0 0 0
1
1376
1984
1568
496
-472
-848
-560
-124
-7
-392
-944
-1056
-456
752
1824
1984
1248
-180
-1440
-1824
-1312
-312
440
560
204
-102
74
688
1312
1248
360
-976
-1984
-1984
-1056
344
1440
1632
992
148
-312
-212
164
264
-204
-992
-1568
-1312
-228
1184
1984
1952
880
-472
-1312
-1312
-688
-43
132
-164
-496
-360
376
1312
1824
1312
59
-1376
-2112
-1760
-656
528
1120
976
392
-1
106
528
784
392
-592
-1632
-1952
-1248
124
1440
1984
1568
440
-560
-912
-592
-140
-13
-392
-912
-992
-344
816
1888
1984
1120
-312
-1504
-1888
-1248
-248
496
592
244
-70
102
720
1248
1120
248
-1056
-1984
-1984
-976
472
1504
1632
976
98
-376
-248
122
220
-244
-992
-1568
-1248
-110
1248
2112
1888
752
-592
-1376
-1312
-656
-5
172
-124
-456
-296
440
1376
1760
1248
-66
-1440
-2112
-1696
-528
656
1184
992
392
-19
82
496
720
312
-656
-1632
-1952
-1120
248
1568
1984
1504
344
-656
-976
-624
-148
-17
-376
-880
-944
-248
912
1888
1952
992
-440
-1632
-1888
-1184
-172
560
656
264
-45
122
720
1184
1056
148
-1120
-1984
-1952
-848
592
1568
1632
944
41
-424
-296
82
172
-280
-1056
-1504
-1120
5
1376
2112
1824
656
-688
-1440
-1376
-656
33
212
-82
-408
-244
496
1376
1696
1120
-188
-1568
-2112
-1696
-456
752
1248
992
376
-43
57
472
656
236
-720
-1632
-1888
-1056
376
1632
1984
1440
248
-720
-992
-656
-148
-13
-376
-848
-880
-164
992
1888
1952
912
-560
-1696
-1888
-1184
-94
624
688
296
-21
132
688
1184
992
41
-1248
-1984
-1888
-752
688
1696
1696
912
-21
-488
-344
43
132
-312
-1056
-1440
-1056
122
1440
2112
1760
528
-816
-1568
-1376
-624
78
248
-43
-344
-180
528
1376
1696
992
-312
-1632
-2112
-1632
-344
848
1312
992
360
-70
25
424
592
156
-784
-1696
-1824
-944
496
1760
1984
1376
156
-816
-1056
-688
-148
-5
-344
-784
-784
-74
1056
1888
1824
816
-688
-1760
-1888
-1120
-9
720
752
328
-3
148
688
1120
912
-61
-1312
-1984
-1824
-624
816
1760
1696
848
-86
-528
-392
5
102
-344
-1056
-1376
-944
236
1504
2112
1696
424
-912
-1632
-1376
-560
124
296
1
-296
-124
560
1376
1632
912
-424
-1696
-2112
-1504
-236
944
1376
1056
344
-102
-5
392
528
86
-848
-1696
-1760
-816
624
1824
1984
1312
61
-912
-1120
-688
-148
3
-328
-752
-720
9
1120
1888
1760
688
-816
-1824
-1888
-1056
74
784
784
344
5
148
688
1056
816
-156
-1376
-1984
-1760
-496
944
1824
1696
784
-156
-592
-424
-25
70
-360
-992
-1312
-848
344
1632
2112
1632
312
-992
-1696
-1376
-528
180
344
43
-248
-78
624
1376
1568
816
-528
-1760
-2112
-1440
-122
1056
1440
1056
312
-132
-43
344
488
21
-912
-1696
-1696
-688
752
1888
1
1376
1984
1504
456
-496
-784
-472
-37
-39
-528
-1120
-1120
-312
976
1984
1984
992
-472
-1504
-1632
-944
-70
360
196
-188
-228
328
1184
1632
1184
-86
-1440
-2112
-1696
-488
752
1312
1056
392
-53
59
488
656
172
-848
-1760
-1824
-912
560
1760
1984
1184
43
-784
-848
-408
-17
-132
-656
-1056
-848
148
1376
2112
1760
456
-976
-1760
-1568
-656
196
488
196
-156
-61
560
1312
1504
720
-624
-1824
-2112
-1312
29
1120
1440
944
204
-132
78
488
488
-156
-1120
-1824
-1568
-360
1120
1984
1888
816
-376
-992
-848
-312
-1
-220
-752
-992
-496
592
1696
1984
1312
-124
-1440
-1888
-1312
-312
456
528
180
-118
110
784
1376
1248
236
-1120
-1984
-1952
-848
528
1440
1440
720
7
-204
90
440
264
-488
-1376
-1760
-1120
220
1568
2112
1568
344
-752
-1120
-784
-220
7
-296
-784
-816
-122
992
1952
1888
816
-688
-1760
-1824
-992
41
656
560
148
-62
264
944
1312
912
-264
-1568
-2112
-1632
-312
992
1632
1312
488
-180
-248
102
344
35
-784
-1568
-1568
-656
784
1952
1984
1184
-132
-1056
-1184
-688
-98
15
-360
-720
-560
280
1376
1952
1568
236
-1184
-1984
-1696
-624
392
816
560
110
1
424
992
1120
488
-784
-1888
-1984
-1184
244
1440
1696
1120
196
-360
-280
102
244
-212
-992
-1568
-1248
-132
1248
2112
1888
720
-592
-1312
-1184
-496
19
17
-392
-656
-280
656
1632
1888
1056
-344
-1632
-1984
-1376
-220
720
912
496
66
66
528
992
944
39
-1184
-1984
-1888
-688
784
1696
1632
816
-98
-496
-296
94
110
-440
-1184
-1504
-912
408
1696
2112
1504
188
-992
-1440
-1056
-312
132
13
-392
-496
21
992
1760
1632
560
-912
-1952
-1952
-992
212
976
944
440
23
132
624
976
624
-408
-1568
-1984
-1504
-110
1248
1888
1504
488
-376
-592
-280
74
-33
-656
-1248
-1312
-440
944
1984
1984
1056
-344
-1376
-1504
-880
-98
236
7
-360
-328
328
1248
1760
1312
15
-1376
-2112
-1760
-560
624
1120
912
312
-13
196
656
848
264
-848
-1824
-1952
-992
472
1696
1952
1184
110
-624
-656
-248
49
-180
-816
-1248
-992
62
1376
2112
1824
528
-848
-1632
-1440
-624
122
312
1
-312
-122
624
1440
1632
848
-528
-1824
-2112
-1376
-62
992
1248
816
180
-49
248
656
624
-110
-1184
-1952
-1696
-472
992
1952
1824
848
-264
-848
-656
-196
13
-312
-912
-1120
-624
560
1760
2112
1376
-15
-1312
-1760
-1248
-328
328
360
-7
-236
98
880
1504
1376
344
-1056
-1984
-1984
-944
440
1312
1248
656
33
-74
280
592
376
-488
-1504
-1888
-1248
110
1504
1984
1568
408
-624
-976
-624
-132
-23
-440
-944
-976
-212
992
1952
1952
912
-560
-1632
-1760
-992
-21
496
392
-13
-132
312
1056
1440
992
-188
-1504
-2112
-1696
-408
912
1504
1184
