1651 2 0 0 0
1
1312
1984
1824
912
-228
-1056
-1184
-848
-264
114
102
-172
-360
-180
408
1120
1504
1184
196
-992
-1952
-1984
-1248
66
1312
1952
1632
784
-244
-880
-944
-560
-124
25
-172
-496
-592
-220
560
1376
1696
1248
148
-1120
-1984
-1984
-1184
124
1248
1760
1440
624
-236
-688
-624
-280
-11
-82
-456
-816
-816
-244
720
1568
1888
1312
90
-1248
-1984
-1984
-1056
180
1184
1568
1184
472
-196
-456
-296
1
82
-212
-752
-1120
-992
-236
880
1760
1984
1312
25
-1312
-1984
-1888
-976
220
1056
1312
944
312
-140
-204
43
264
156
-344
-992
-1376
-1120
-212
992
1952
1984
1248
-43
-1312
-1952
-1760
-816
244
944
1056
656
180
-61
66
376
496
212
-496
-1248
-1632
-1248
-172
1120
1984
1984
1184
-106
-1312
-1824
-1504
-656
244
752
752
392
55
41
344
688
720
236
-656
-1504
-1824
-1312
-114
1184
1984
1984
1120
-164
-1248
-1632
-1312
-496
212
528
424
102
-49
164
624
992
944
244
-816
-1696
-1952
-1312
-51
1248
1984
1952
992
-204
-1120
-1440
-1056
-376
164
296
86
-172
-132
296
912
1312
1056
220
-944
-1888
-1984
-1312
15
1312
1984
1824
880
-236
-992
-1120
-784
-228
94
33
-248
-424
-196
456
1184
1568
1184
188
-1056
-1984
-1984
-1248
82
1312
1888
1632
720
-244
-848
-880
-496
-98
1
-244
-592
-656
-228
592
1440
1760
1248
132
-1184
-1984
-1984
-1120
140
1248
1696
1376
560
-228
-624
-528
-212
11
-114
-528
-912
-848
-244
752
1632
1888
1312
74
-1248
-1984
-1984
-1056
196
1184
1504
1120
424
-188
-392
-212
66
106
-244
-816
-1184
-992
-236
912
1824
1984
1312
7
-1312
-1984
-1888
-944
228
1056
1248
880
280
-124
-132
124
328
172
-392
-1056
-1440
-1120
-204
992
1952
1984
1248
-59
-1312
-1952
-1696
-784
244
912
976
592
140
-37
140
472
560
220
-528
-1312
-1696
-1248
-156
1120
1984
1984
1184
-122
-1248
-1824
-1504
-624
236
720
656
312
25
70
424
784
784
244
-688
-1568
-1888
-1312
-98
1248
1984
1984
1056
-172
-1184
-1568
-1248
-488
204
488
344
33
-70
196
688
1056
976
236
-848
-1760
-1984
-1312
-33
1248
1984
1888
976
-212
-1120
-1376
-976
-328
148
236
1
-236
-148
328
976
1376
1120
212
-976
-1888
-1984
-1248
33
1312
1984
1760
848
-236
-976
-1056
-688
-196
70
-33
-344
-488
-204
488
1248
1568
1184
172
-1056
-1984
-1984
-1248
98
1312
1888
1568
688
-244
-784
-784
-424
-70
-25
-312
-656
-720
-236
624
1504
1824
1248
122
-1184
-1984
-1984
-1120
156
1248
1696
1312
528
-220
-560
-472
-140
37
-140
-592
-976
-912
-244
784
1696
1952
1312
59
-1248
-1984
-1952
-992
204
1120
1440
1056
392
-172
-328
-124
132
124
-280
-880
-1248
-1056
-228
944
1888
1984
1312
-7
-1312
-1984
-1824
-912
236
992
1184
816
1
1312
1984
1824
848
-280
-992
-1120
-720
-172
86
-51
-376
-488
-124
624
1376
1632
1056
-86
-1376
-2112
-1952
-912
440
1440
1760
1248
344
-392
-656
-440
-94
15
-264
-752
-992
-720
132
1184
1888
1824
816
-560
-1696
-2112
-1568
-408
720
1312
1184
592
29
-188
-15
264
296
-118
-848
-1440
-1376
-624
592
1696
2112
1632
376
-976
-1760
-1760
-976
-3
656
784
488
98
17
296
720
848
392
-496
-1440
-1888
-1440
-280
1056
1984
1984
1184
-74
-1120
-1440
-1120
-440
148
312
94
-180
-140
312
976
1312
1056
164
-1056
-1952
-1984
-1184
172
1376
1952
1632
624
-360
-944
-880
-472
-62
-9
-296
-624
-592
-61
848
1632
1760
992
-264
-1504
-2112
-1824
-720
560
1440
1568
992
196
-360
-440
-164
90
1
-472
-992
-1184
-720
296
1376
1984
1760
656
-720
-1760
-1984
-1312
-236
720
1120
912
392
-11
-33
248
496
376
-244
-1056
-1632
-1440
-528
784
1888
2112
1504
204
-1056
-1696
-1504
-752
86
560
528
220
-27
94
528
976
976
344
-720
-1696
-1984
-1376
-118
1248
1984
1888
976
-212
-1056
-1248
-880
-264
124
106
-188
-376
-148
496
1184
1504
1056
21
-1248
-1984
-1984
-992
344
1440
1824
1376
456
-408
-784
-624
-236
1
-148
-560
-880
-688
45
1056
1824
1824
912
-440
-1632
-2112
-1696
-528
656
1376
1312
752
82
-264
-188
106
236
-55
-688
-1248
-1312
-688
472
1632
2112
1696
496
-880
-1824
-1888
-1120
-86
720
944
656
204
-7
156
528
720
408
-392
-1312
-1824
-1440
-392
976
1952
1984
1312
29
-1056
-1568
-1312
-560
140
440
280
-27
-110
220
784
1184
1056
248
-912
-1888
-1984
-1248
59
1376
1984
1760
784
-312
-992
-1056
-624
-132
61
-132
-456
-528
-110
688
1440
1696
1056
-140
-1440
-2112
-1888
-848
488
1440
1696
1120
280
-392
-592
-344
-27
15
-328
-848
-1056
-720
188
1248
1952
1824
784
-624
-1760
-1984
-1504
-344
720
1248
1056
528
9
-140
74
360
328
-148
-912
-1504
-1440
-592
656
1760
2112
1568
328
-992
-1760
-1696
-912
29
656
720
392
53
39
376
816
880
376
-560
-1504
-1952
-1440
-236
1120
1984
1984
1120
-122
-1056
-1440
-1056
-376
148
248
1
-248
-148
376
1056
1440
1056
122
-1120
-1984
-1984
-1120
236
1440
1952
1504
560
-376
-880
-816
-376
-39
-53
-392
-720
-656
-29
912
1696
1760
992
-328
-1568
-2112
-1760
-656
592
1440
1504
912
148
-328
-360
-74
140
-9
-528
-1056
-1248
-720
344
1504
1984
1760
624
-784
-1824
-1952
-1248
-188
720
1056
848
328
-15
27
344
592
392
-280
-1120
-1696
-1440
-488
848
1888
2112
1440
140
-1056
-1696
-1440
-688
110
528
456
132
-61
132
624
1056
992
312
-784
-1760
-1984
-1376
-59
1248
1984
1888
912
-248
-1056
-1184
-784
-220
110
27
-280
-440
-140
