1651 2 0 0 0
1
1248
1888
1504
624
-118
-280
110
496
392
-392
-1440
-1984
-1696
-496
816
1632
1504
784
70
-86
312
784
720
-51
-1184
-1984
-1984
-992
328
1248
1312
784
148
13
456
992
1056
376
-848
-1888
-2112
-1376
-140
848
1056
688
124
15
496
1184
1440
816
-408
-1632
-2112
-1632
-528
472
816
496
5
-86
440
1248
1696
1248
90
-1248
-1984
-1760
-848
114
528
280
-188
-280
264
1184
1888
1696
592
-784
-1696
-1760
-992
-148
264
62
-424
-560
-13
992
1888
1952
1056
-264
-1312
-1632
-1056
-312
90
-122
-624
-880
-376
720
1760
2112
1504
244
-944
-1376
-992
-360
1
-236
-816
-1184
-784
296
1504
2112
1824
688
-488
-1056
-880
-312
19
-244
-944
-1440
-1184
-172
1120
1984
1952
992
-78
-720
-656
-164
140
-148
-944
-1632
-1568
-656
688
1760
1952
1248
248
-424
-424
33
344
55
-784
-1696
-1888
-1120
180
1376
1824
1376
496
-156
-188
248
592
344
-528
-1568
-1984
-1568
-344
944
1568
1376
624
11
-13
456
880
688
-196
-1376
-2112
-1888
-816
472
1248
1248
624
78
74
592
1120
1056
236
-992
-1984
-1984
-1184
13
912
992
528
41
61
624
1312
1440
720
-592
-1760
-2112
-1504
-376
496
752
360
-94
-61
560
1376
1760
1184
-82
-1376
-1984
-1632
-688
196
472
140
-296
-280
392
1312
1952
1568
440
-912
-1760
-1632
-880
-61
236
-70
-528
-560
102
1184
1984
1952
944
-424
-1376
-1504
-944
-212
66
-248
-784
-912
-264
880
1888
2112
1376
70
-992
-1312
-880
-248
1
-344
-976
-1184
-688
472
1696
2112
1696
496
-560
-992
-752
-188
33
-360
-1056
-1504
-1120
-7
1312
1984
1888
880
-188
-720
-528
-35
172
-248
-1056
-1696
-1568
-496
848
1824
1888
1120
132
-424
-296
172
392
-29
-976
-1760
-1888
-992
344
1504
1760
1248
360
-180
-82
392
656
280
-720
-1760
-1984
-1440
-164
1056
1568
1184
488
-21
78
592
976
656
-344
-1504
-2112
-1824
-656
592
1248
1056
488
29
148
752
1184
1056
90
-1184
-1984
-1984
-1056
148
912
912
392
-23
124
784
1440
1440
560
-752
-1824
-1984
-1312
-236
560
656
212
-172
-11
720
1504
1760
1056
-264
-1504
-1952
-1504
-528
248
392
1
-392
-248
528
1504
1952
1504
264
-1056
-1760
-1504
-720
11
172
-212
-656
-560
236
1312
1984
1824
752
-560
-1440
-1440
-784
-124
23
-392
-912
-912
-148
1056
1984
1984
1184
-90
-1056
-1184
-752
-148
-29
-488
-1056
-1248
-592
656
1824
2112
1504
344
-656
-976
-592
-78
21
-488
-1184
-1568
-1056
164
1440
1984
1760
720
-280
-656
-392
82
180
-360
-1248
-1760
-1504
-344
992
1888
1760
976
29
-392
-172
296
424
-132
-1120
-1888
-1824
-848
496
1568
1696
1056
248
-172
35
528
720
188
-880
-1888
-1984
-1312
7
1120
1504
1056
360
-33
188
752
992
1
1312
1888
1504
560
-140
-212
228
592
360
-528
-1632
-1984
-1568
-280
992
1568
1248
488
-13
110
656
992
656
-408
-1632
-2112
-1696
-496
656
1184
880
280
-7
328
992
1440
992
-180
-1440
-2112
-1760
-688
360
752
472
-39
-124
440
1312
1760
1312
102
-1248
-1952
-1632
-720
124
376
7
-440
-344
424
1440
1984
1632
392
-944
-1632
-1440
-656
-1
41
-440
-848
-656
296
1504
2112
1824
624
-624
-1248
-1056
-456
-17
-196
-816
-1248
-992
78
1376
2112
1888
816
-328
-912
-688
-148
86
-312
-1120
-1632
-1312
-196
1120
1984
1824
880
-98
-496
-244
236
296
-312
-1248
-1952
-1632
-488
880
1696
1632
816
41
-172
204
656
592
-196
-1312
-1984
-1888
-752
560
1376
1312
624
66
70
592
1056
976
13
-1248
-2112
-1952
-944
280
992
912
344
-29
204
912
1504
1312
280
-1056
-1984
-1952
-992
49
624
472
-29
-244
220
1120
1824
1632
560
-816
-1760
-1760
-992
-98
280
23
-472
-528
110
1184
1984
1888
848
-496
-1440
-1504
-848
-132
35
-376
-912
-912
-94
1120
1984
1984
1056
-228
-1056
-1120
-560
-51
-110
-720
-1312
-1248
-360
976
1952
1984
1184
17
-720
-688
-188
148
-132
-944
-1632
-1632
-656
720
1760
1888
1120
180
-376
-244
244
456
-37
-992
-1888
-1888
-944
440
1504
1632
992
228
-122
172
688
816
156
-992
-1952
-1984
-1184
140
1120
1312
784
148
33
496
1120
1184
440
-848
-1952
-2112
-1312
-102
784
880
408
-39
66
752
1440
1568
720
-624
-1760
-1984
-1312
-264
456
456
-15
-328
-15
880
1696
1888
992
-344
-1504
-1824
-1184
-328
180
35
-472
-688
-204
848
1888
1984
1248
-57
-1120
-1440
-976
-264
19
-312
-912
-1056
-488
720
1824
2112
1440
196
-816
-1056
-624
-90
-23
-560
-1248
-1440
-784
496
1696
1984
1504
376
-488
-624
-220
196
49
-688
-1568
-1824
-1056
244
1440
1888
1376
456
-228
-228
236
560
236
-720
-1696
-1984
-1376
-41
1120
1632
1184
408
-53
124
688
976
496
-592
-1760
-2112
-1568
-296
848
1184
848
236
1
392
1056
1376
816
-408
-1632
-2112
-1632
-488
496
816
456
-41
-62
528
1376
1696
1120
-140
-1440
-1984
-1568
-560
244
408
1
-408
-244
560
1568
1984
1440
140
-1120
-1696
-1376
-528
62
41
-456
-816
-496
488
1632
2112
1632
408
-816
-1376
-1056
-392
-1
-236
-848
-1184
-848
296
1568
2112
1760
592
-496
-976
-688
-124
53
-408
-1184
-1632
-1120
41
1376
1984
1696
720
-236
-560
-236
228
228
-456
-1376
-1888
-1440
-244
1056
1824
1568
688
-49
-196
220
624
488
-376
-1504
-1984
-1696
-496
784
1440
1248
560
23
90
624
1056
816
-196
-1440
-2112
-1824
-720
488
1056
912
312
-19
264
976
1440
1120
57
-1248
-1984
-1888
-848
204
688
472
-35
-180
328
1184
1824
1504
344
