1651 2 0 0 0
1
1568
2112
1440
-94
-1440
-1888
-1120
148
1120
1312
720
-140
-656
-624
-264
51
62
-118
-164
118
592
848
496
-344
-1184
-1440
-752
560
1696
1824
848
-784
-1984
-1984
-784
880
1984
1888
624
-880
-1760
-1504
-440
720
1248
976
228
-424
-592
-344
-41
17
-156
-280
-74
456
912
848
114
-912
-1568
-1248
-78
1312
1984
1440
-7
-1568
-2112
-1440
110
1568
1984
1248
-188
-1376
-1696
-944
204
992
1056
528
-140
-488
-376
-98
1
-172
-376
-280
220
848
1056
560
-472
-1440
-1568
-720
720
1888
1888
752
-880
-1984
-1952
-688
976
1952
1760
496
-880
-1632
-1312
-312
656
1056
752
124
-296
-328
-118
5
-148
-440
-488
-70
656
1120
976
57
-1056
-1760
-1312
13
1440
1984
1440
-118
-1632
-2112
-1376
212
1568
1952
1120
-264
-1312
-1504
-752
236
880
848
360
-118
-248
-98
45
-82
-424
-624
-376
344
1056
1248
592
-592
-1632
-1696
-688
848
1984
1952
656
-992
-1984
-1888
-560
992
1888
1568
392
-880
-1440
-1056
-204
560
816
496
57
-156
-59
106
27
-344
-720
-656
-37
848
1376
1056
-19
-1248
-1888
-1312
122
1568
2112
1376
-228
-1696
-2112
-1248
296
1568
1824
976
-312
-1184
-1248
-592
236
656
560
196
-61
-13
172
164
-188
-688
-880
-440
488
1312
1440
592
-752
-1824
-1760
-624
976
1984
1888
560
-1056
-1984
-1760
-440
992
1760
1376
264
-816
-1248
-880
-114
456
528
280
11
15
220
296
17
-528
-976
-816
19
1056
1568
1120
-114
-1440
-1984
-1312
236
1696
2112
1248
-328
-1696
-1984
-1056
376
1504
1632
784
-344
-1056
-992
-424
204
456
296
55
21
244
424
248
-312
-944
-1056
-472
624
1504
1568
560
-912
-1952
-1824
-528
1056
2112
1824
456
-1120
-1984
-1632
-312
992
1632
1184
164
-752
-992
-656
-49
312
280
62
-1
212
496
488
-15
-752
-1184
-912
102
1248
1760
1184
-220
-1632
-1984
-1248
344
1760
2112
1184
-424
-1696
-1888
-944
440
1376
1376
624
-344
-880
-752
-264
148
220
39
-59
132
496
656
312
-472
-1184
-1248
-472
784
1696
1632
496
-1056
-1984
-1824
-456
1184
2112
1760
344
-1184
-1888
-1440
-196
992
1440
976
78
-624
-752
-424
-7
132
1
-132
7
424
752
624
-78
-976
-1440
-992
196
1440
1888
1184
-344
-1760
-2112
-1184
456
1824
1984
1056
-496
-1632
-1696
-784
472
1248
1184
472
-312
-656
-496
-132
59
-39
-220
-148
264
752
880
344
-624
-1376
-1376
-440
944
1888
1696
424
-1184
-2112
-1760
-344
1248
1984
1632
220
-1184
-1760
-1248
-102
912
1184
752
15
-488
-496
-212
1
-62
-280
-312
49
656
992
752
-164
-1184
-1632
-992
312
1632
1984
1120
-456
-1824
-2112
-1056
528
1824
1952
912
-560
-1568
-1504
-624
472
1056
944
312
-248
-424
-244
-21
-55
-296
-456
-204
424
992
1056
1
1568
2112
1376
-156
-1440
-1824
-992
244
1120
1184
528
-196
-528
-408
-98
1
-188
-392
-248
312
944
1056
456
-688
-1632
-1568
-488
992
1984
1760
376
-1248
-2112
-1696
-204
1312
1888
1312
33
-1056
-1376
-816
61
624
624
248
-27
1
212
236
-132
-688
-992
-592
392
1376
1568
752
-688
-1888
-1888
-720
944
1984
1888
560
-1056
-1952
-1632
-344
976
1504
1056
140
-656
-816
-472
-15
148
1
-148
15
472
816
656
-140
-1056
-1504
-976
344
1632
1952
1056
-560
-1888
-1984
-944
720
1888
1888
688
-752
-1568
-1376
-392
592
992
688
132
-236
-212
1
27
-248
-624
-624
-61
816
1376
1056
-33
-1312
-1888
-1312
204
1696
2112
1248
-376
-1760
-1984
-992
488
1568
1632
688
-456
-1056
-944
-312
248
392
188
1
98
408
528
196
-528
-1184
-1120
-244
992
1824
1440
156
-1376
-2112
-1568
1
1568
2112
1376
-156
-1440
-1824
-992
244
1120
1184
528
-196
-528
-408
-98
1
-188
-392
-248
312
944
1056
456
-688
-1632
-1568
-488
992
1984
1760
376
-1248
-2112
-1696
-204
1312
1888
1312
33
-1056
-1376
-816
61
624
624
248
-27
1
212
236
-132
-688
-992
-592
392
1376
1568
752
-688
-1888
-1888
-720
944
1984
1888
560
-1056
-1952
-1632
-344
976
1504
1056
140
-656
-816
-472
-15
148
1
-148
15
472
816
656
-140
-1056
-1504
-976
344
1632
1952
1056
-560
-1888
-1984
-944
720
1888
1888
688
-752
-1568
-1376
-392
592
992
688
132
-236
-212
1
27
-248
-624
-624
-61
816
1376
1056
-33
-1312
-1888
-1312
204
1696
2112
1248
-376
-1760
-1984
-992
488
1568
1632
688
-456
-1056
-944
-312
248
392
188
1
98
408
528
196
-528
-1184
-1120
-244
992
1824
1440
156
-1376
-2112
-1568
1
1568
2112
1376
-156
-1440
-1824
-992
244
1120
1184
528
-196
-528
-408
-98
1
-188
-392
-248
312
944
1056
456
-688
-1632
-1568
-488
992
1984
1760
376
-1248
-2112
-1696
-204
1312
1888
1312
33
-1056
-1376
-816
61
624
624
248
-27
1
212
236
-132
-688
-992
-592
392
1376
1568
752
-688
-1888
-1888
-720
944
1984
1888
560
-1056
-1952
-1632
-344
976
1504
1056
140
-656
-816
-472
-15
148
1
-148
15
472
816
656
-140
-1056
-1504
-976
344
1632
1952
1056
-560
-1888
-1984
-944
720
1888
1888
688
-752
-1568
-1376
-392
592
992
688
132
-236
-212
1
27
-248
-624
-624
-61
816
1376
1056
-33
-1312
-1888
-1312
204
1696
2112
1248
-376
-1760
-1984
-992
488
1568
1632
688
-456
-1056
-944
-312
248
392
188
1
98
408
528
196
-528
-1184
-1120
-244
992
1824
1440
156
-1376
-2112
-1568
1
1568
2112
1376
-156
-1440
-1824
-992
244
1120
1184
528
-196
-528
-408
-98
1
-188
-392
-248
312
944
1056
456
-688
-1632
-1568
-488
992
1984
1760
376
