1651 2 0 0 0
1
1632
2112
1184
-496
-1888
-1952
-752
944
1952
1632
264
-1184
-1824
-1184
172
1312
1568
752
-488
-1312
-1184
-344
624
1056
784
35
-592
-752
-408
114
424
392
124
-90
-122
-27
9
-94
-244
-244
23
408
592
360
-228
-784
-880
-312
560
1184
992
106
-992
-1504
-992
248
1440
1696
784
-688
-1824
-1696
-424
1184
1984
1504
-41
-1632
-2112
-1184
528
1952
1984
752
-992
-1984
-1760
-248
1376
1984
1312
-236
-1632
-1888
-880
624
1632
1504
424
-880
-1504
-1120
-27
976
1248
688
-236
-880
-880
-312
328
624
472
74
-244
-280
-132
7
5
-82
-90
82
328
408
156
-328
-720
-624
-53
688
1056
720
-212
-1120
-1312
-592
592
1504
1440
328
-1056
-1824
-1312
74
1504
1952
1056
-560
-1888
-1952
-688
992
2112
1760
212
-1440
-2112
-1376
296
1760
1984
944
-752
-1888
-1760
-456
1056
1824
1312
1
-1248
-1632
-912
344
1248
1248
472
-528
-1056
-880
-132
560
816
488
-61
-440
-440
-172
86
156
66
-3
59
204
228
13
-344
-560
-392
140
720
880
408
-456
-1120
-1056
-236
880
1440
1056
-94
-1312
-1696
-944
528
1696
1760
592
-992
-1984
-1632
-164
1440
2112
1376
-328
-1824
-1984
-944
816
1984
1888
456
-1248
-1984
-1504
39
1504
1952
1056
-472
-1568
-1632
-560
752
1504
1184
164
-912
-1248
-784
132
848
944
408
-264
-624
-528
-124
236
328
180
1
-37
43
78
-49
-280
-392
-196
248
656
656
132
-592
-992
-752
94
992
1312
720
-456
-1440
-1440
-488
912
1760
1440
110
-1376
-1952
-1248
360
1760
1984
880
-848
-1984
-1888
-424
1312
2112
1568
-82
-1632
-1984
-1120
560
1824
1888
624
-944
-1824
-1504
-172
1120
1696
992
-212
-1184
-1376
-592
456
1056
976
236
-528
-848
-560
1
440
488
228
-70
-188
-114
-7
-29
-156
-212
-47
280
528
424
-70
-624
-880
-472
344
992
1056
344
-720
-1376
-1120
-61
1184
1696
1056
-344
-1568
-1824
-784
816
1952
1760
360
-1312
-2112
-1504
124
1696
2112
1120
-624
-1952
-1952
-656
1056
1984
1632
156
-1376
-1952
-1184
280
1504
1696
752
-624
-1504
-1312
-312
816
1312
912
-21
-816
-976
-496
204
656
592
188
-220
-360
-228
-21
62
1
-62
21
228
360
220
-188
-592
-656
-204
496
976
816
21
-912
-1312
-816
312
1312
1504
624
-752
-1696
-1504
-280
1184
1952
1376
-156
-1632
-1984
-1056
656
1952
1952
624
-1120
-2112
-1696
-124
1504
2112
1312
-360
-1760
-1952
-816
784
1824
1568
344
-1056
-1696
-1184
61
1120
1376
720
-344
-1056
-992
-344
472
880
624
70
-424
-528
-280
47
212
156
29
7
114
188
70
-228
-488
-440
1
560
848
528
-236
-976
-1056
-456
592
1376
1184
212
-992
-1696
-1120
172
1504
1824
944
-624
-1888
-1824
-560
1120
1984
1632
82
-1568
-2112
-1312
424
1888
1
1632
2112
1184
-560
-1888
-1888
-624
992
1888
1504
94
-1248
-1696
-976
328
1312
1312
472
-560
-1056
-848
-94
560
720
392
-86
-344
-280
-78
35
-23
-114
-37
228
472
376
-74
-624
-848
-456
408
1120
1056
264
-880
-1504
-1120
106
1376
1760
944
-624
-1824
-1824
-496
1120
1984
1568
-23
-1632
-2112
-1184
592
1952
1952
624
-1056
-1984
-1568
-78
1376
1888
1056
-392
-1440
-1504
-528
688
1312
992
106
-752
-992
-560
140
592
528
188
-156
-244
-122
-3
-49
-188
-196
51
424
592
312
-312
-880
-880
-212
752
1312
976
-110
-1248
-1568
-848
592
1696
1696
472
-1120
-1984
-1504
49
1632
2112
1120
-624
-1984
-1984
-624
1120
2112
1632
57
-1504
-1984
-1120
456
1632
1632
560
-784
-1504
-1184
-110
912
1184
688
-196
-816
-816
-280
280
496
344
39
-132
-94
9
-17
-196
-328
-196
220
624
656
156
-592
-1056
-816
110
1056
1376
720
-528
-1568
-1504
-408
1056
1888
1440
-70
-1568
-1984
-1056
624
1952
1952
592
-1120
-2112
-1632
-33
1568
1984
1120
-496
-1760
-1760
-592
912
1696
1312
106
-1056
-1440
-816
248
992
992
376
-408
-784
-560
-66
312
376
172
-21
-35
62
74
-118
-376
-440
-102
456
816
624
-98
-912
-1184
-592
496
1376
1376
360
-992
-1760
-1312
86
1504
1952
992
-624
-1952
-1952
-560
1184
2112
1632
7
-1632
-2112
-1184
528
1888
1888
624
-992
-1888
-1440
-98
1184
1632
944
-312
-1248
-1248
-456
528
992
784
90
-496
-624
-344
66
264
204
41
1
114
196
53
-280
-560
-456
82
720
944
488
-424
-1184
-1184
-296
912
1568
1184
-102
-1376
-1824
-976
624
1888
1824
528
-1184
-2112
-1632
15
1632
2112
1184
-560
-1952
-1952
-624
1056
1984
1568
82
-1376
-1824
-992
376
1440
1440
496
-656
-1248
-976
-102
688
912
496
-122
-496
-472
-148
114
156
43
-7
110
280
248
-61
-496
-688
-360
344
976
976
236
-784
-1376
-992
110
1248
1632
880
-592
-1760
-1696
-488
1120
1984
1568
-41
-1632
-2112
-1120
592
1952
1952
624
-1120
-1984
-1632
-62
1440
1952
1056
-440
-1568
-1632
-560
752
1440
1120
110
-880
-1120
-656
172
752
720
248
-244
-424
-264
-29
70
1
-70
29
264
424
244
-248
-720
-752
-172
656
1120
880
-110
-1120
-1440
-752
560
1632
1568
440
-1056
-1952
-1440
62
1632
1984
1120
-624
-1952
-1952
-592
1120
2112
1632
41
-1568
-1984
-1120
488
1696
1760
592
-880
-1632
-1248
-110
992
1376
784
-236
-976
-976
-344
360
688
496
61
-248
-280
-110
7
-43
-156
-114
148
472
496
122
-496
-912
-688
102
976
1248
656
-496
-1440
-1440
-376
992
1824
1376
-82
-1568
-1984
-1056
624
1952
1952
560
-1184
-2112
-1632
-15
1632
2112
1184
-528
-1824
-1888
-624
976
1824
1376
102
-1184
-1568
-912
296
1184
1184
