1651 2 0 0 0
1
1184
1888
1760
992
124
-472
-528
-204
140
114
-376
-1120
-1568
-1440
-592
656
1760
2112
1696
688
-344
-976
-976
-528
-98
-21
-392
-944
-1184
-880
35
1184
1984
1984
1312
156
-944
-1440
-1312
-688
-106
90
-156
-560
-720
-344
496
1504
1984
1760
784
-496
-1504
-1824
-1440
-592
132
424
228
-156
-296
35
784
1504
1760
1248
124
-1120
-1952
-1984
-1248
-248
560
880
624
180
-41
188
752
1248
1248
624
-496
-1632
-2112
-1888
-880
280
1120
1312
912
328
-13
94
496
880
752
61
-976
-1888
-1984
-1440
-296
944
1632
1632
992
236
-236
-212
140
440
296
-344
-1184
-1824
-1696
-880
376
1504
1984
1696
816
-106
-656
-624
-248
78
9
-496
-1120
-1504
-1184
-236
992
1952
2112
1504
408
-624
-1120
-992
-528
-82
-35
-408
-912
-1056
-624
344
1440
1984
1952
992
-204
-1184
-1568
-1248
-592
1
156
-114
-496
-560
-122
752
1632
1952
1504
424
-848
-1760
-1888
-1312
-392
312
528
280
-94
-196
188
912
1504
1568
944
-248
-1440
-1984
-1952
-1056
31
816
992
656
188
-7
248
784
1184
1056
312
-816
-1824
-2112
-1632
-560
624
1312
1376
880
248
-70
70
488
752
528
-212
-1184
-1952
-1952
-1120
82
1248
1824
1632
880
62
-360
-280
82
328
132
-528
-1312
-1760
-1504
-528
752
1760
1984
1568
560
-344
-816
-688
-280
33
-74
-592
-1184
-1376
-944
118
1312
1984
1984
1248
74
-912
-1312
-1056
-488
-45
-29
-408
-848
-912
-344
624
1632
2112
1760
688
-560
-1440
-1696
-1184
-456
124
244
-59
-408
-424
94
944
1696
1888
1248
43
-1184
-1952
-1888
-1120
-164
496
656
344
-37
-94
312
992
1504
1376
592
-592
-1696
-2112
-1760
-752
328
992
1056
656
172
1
280
784
1056
848
1
-1120
-1952
-1984
-1376
-204
944
1504
1376
784
140
-140
27
424
624
344
-456
-1376
-1952
-1760
-816
456
1504
1888
1504
688
-132
-496
-360
23
236
-13
-688
-1376
-1696
-1248
-164
1056
1952
1984
1376
296
-592
-976
-752
-296
3
-132
-624
-1120
-1184
-624
456
1568
2112
1888
944
-264
-1120
-1440
-992
-424
13
-3
-392
-752
-720
-86
912
1760
1984
1504
328
-912
-1696
-1696
-1120
-280
264
328
1
-328
-264
280
1120
1696
1696
912
-328
-1504
-1984
-1760
-912
86
720
752
392
3
-13
424
992
1440
1120
264
-944
-1888
-2112
-1568
-456
624
1184
1120
624
132
-3
296
752
976
592
-296
-1376
-1984
-1952
-1056
164
1248
1696
1376
688
13
-236
-23
360
496
132
-688
-1504
-1888
-1504
-456
816
1760
1952
1376
456
-344
-624
-424
-27
140
-140
-784
-1376
-1504
-944
204
1376
1984
1952
1120
1
-848
-1056
-784
-280
-1
-172
-656
-1056
-992
-328
752
1760
2112
1696
592
-592
-1376
-1504
-992
-312
94
37
-344
-656
-496
164
1120
1888
1952
1184
-43
1
1184
1888
1760
976
70
-472
-440
-66
236
86
-528
-1312
-1696
-1376
-360
912
1888
1984
1440
376
-496
-848
-592
-156
61
-196
-816
-1376
-1376
-656
528
1632
2112
1824
784
-344
-1056
-1056
-656
-148
-9
-328
-880
-1120
-784
156
1312
1984
1984
1184
-55
-1056
-1440
-1184
-528
-13
33
-328
-720
-720
-132
880
1760
1984
1504
312
-944
-1696
-1632
-976
-204
244
164
-220
-488
-264
472
1376
1888
1696
688
-624
-1632
-1952
-1440
-528
248
528
328
-74
-212
148
880
1568
1632
976
-244
-1440
-1984
-1888
-976
86
752
816
440
29
1
440
1056
1376
1056
122
-1056
-1984
-2112
-1376
-228
784
1184
976
424
33
98
528
992
992
392
-688
-1760
-2112
-1696
-592
592
1376
1440
912
248
-82
70
496
784
496
-312
-1312
-1984
-1888
-992
296
1376
1760
1376
624
-70
-296
-41
344
440
-27
-880
-1696
-1888
-1248
-74
1184
1888
1824
1056
124
-488
-528
-172
164
98
-456
-1184
-1632
-1376
-440
848
1824
1984
1504
456
-488
-912
-720
-248
33
-140
-720
-1248
-1312
-688
456
1568
2112
1888
880
-296
-1056
-1184
-752
-220
1
-248
-752
-1056
-784
90
1184
1984
1984
1248
15
-1056
-1504
-1248
-592
-39
86
-228
-624
-688
-172
784
1696
1984
1568
392
-880
-1696
-1696
-1056
-264
248
248
-110
-408
-264
392
1248
1824
1696
752
-528
-1632
-1984
-1568
-624
236
592
440
21
-180
110
784
1440
1632
992
-164
-1376
-1984
-1952
-1056
31
784
912
528
98
-7
360
976
1312
1056
188
-992
-1952
-2112
-1440
-296
752
1248
1056
496
62
45
456
912
992
440
-624
-1632
-2112
-1760
-688
560
1376
1504
992
312
-94
-11
392
688
496
-244
-1248
-1952
-1888
-1056
228
1312
1824
1504
688
-45
-344
-148
248
392
11
-784
-1568
-1824
-1312
-148
1120
1952
1888
1120
180
-496
-624
-280
90
102
-392
-1120
-1568
-1376
-496
784
1824
2112
1568
528
-472
-944
-816
-344
-1
-102
-592
-1184
-1312
-720
376
1504
2112
1888
944
-248
-1056
-1248
-880
-280
9
-172
-656
-992
-784
25
1120
1952
1984
1312
90
-992
-1568
-1376
-688
-70
132
-122
-528
-656
-204
688
1632
1984
1568
472
-816
-1696
-1760
-1184
-328
264
328
1
-328
-264
328
1184
1760
1696
816
-472
-1568
-1984
-1632
-688
204
656
528
122
-132
70
688
1376
1568
992
-90
-1312
-1984
-1952
-1120
-25
784
992
656
172
-9
280
880
1248
1056
248
-944
-1888
-2112
-1504
-376
720
1312
1184
592
102
1
344
816
944
472
-528
-1568
-2112
-1824
-784
496
1376
1568
1120
392
-102
-90
280
624
496
-180
-1120
-1888
-1952
-1120
148
1312
1824
1568
784
-11
-392
-248
148
344
45
-688
-1504
-1824
-1312
-228
1056
1888
1952
1248
244
-496
-688
-392
11
94
-312
-992
-1504
-1376
-560
688
1760
2112
1632
624
-440
-992
