1651 2 0 0 0
1
1312
1984
1984
1056
-280
-1504
-1984
-1760
-752
528
1568
1888
1440
424
-688
-1440
-1568
-1056
-156
720
1248
1184
688
-33
-656
-912
-784
-360
114
440
496
344
106
-66
-106
-33
45
31
-106
-296
-424
-344
-45
392
752
816
528
-62
-752
-1184
-1120
-592
280
1120
1568
1312
528
-560
-1504
-1824
-1376
-344
912
1824
1984
1312
90
-1184
-1984
-1984
-1120
204
1440
2112
1888
880
-488
-1632
-1984
-1696
-560
720
1696
1888
1312
264
-848
-1568
-1632
-976
-17
880
1312
1184
624
-140
-752
-992
-784
-312
196
496
560
376
94
-114
-172
-102
-5
7
-90
-248
-344
-264
9
392
688
752
424
-148
-784
-1120
-992
-456
392
1184
1504
1184
360
-720
-1568
-1760
-1248
-164
1056
1888
1952
1120
-106
-1376
-1984
-1952
-976
408
1632
2112
1824
688
-688
-1760
-2112
-1568
-392
912
1824
1888
1248
102
-992
-1696
-1568
-880
124
992
1440
1184
528
-264
-880
-1056
-784
-264
280
592
624
392
70
-164
-244
-164
-47
1
-62
-196
-264
-204
55
392
656
656
328
-228
-784
-1056
-944
-328
496
1184
1440
1056
204
-848
-1568
-1696
-1056
13
1184
1888
1824
992
-296
-1504
-2112
-1824
-784
592
1760
2112
1696
496
-880
-1888
-1984
-1440
-204
1056
1888
1888
1120
-74
-1184
-1760
-1568
-784
280
1120
1504
1184
456
-392
-992
-1120
-784
-196
376
688
688
392
33
-236
-312
-228
-78
1
-27
-132
-204
-140
86
376
592
560
236
-280
-784
-992
-816
-204
592
1184
1376
944
55
-944
-1632
-1632
-944
188
1312
1888
1760
816
-488
-1632
-2112
-1696
-592
784
1888
2112
1568
296
-1056
-1984
-1984
-1312
-7
1248
1952
1888
976
-248
-1312
-1824
-1504
-656
440
1248
1504
1120
344
-528
-1056
-1120
-752
-110
488
784
720
392
-15
-312
-392
-280
-98
17
17
-66
-132
-86
102
360
528
472
148
-344
-784
-944
-688
-86
656
1184
1248
816
-86
-992
-1568
-1504
-784
344
1376
1888
1632
624
-656
-1696
-1984
-1568
-392
976
1952
2112
1376
102
-1248
-1984
-1984
-1120
188
1376
1984
1824
816
-440
-1440
-1888
-1440
-496
592
1376
1568
1056
220
-656
-1184
-1184
-720
-15
592
880
752
376
-78
-392
-456
-328
-110
47
74
1
-74
-47
110
328
456
392
78
-376
-752
-880
-592
15
720
1184
1184
656
-220
-1056
-1568
-1376
-592
496
1440
1888
1440
440
-816
-1824
-1984
-1376
-188
1120
1984
1984
1248
-102
-1376
-2112
-1952
-976
392
1568
1984
1696
656
-624
-1632
-1888
-1376
-344
784
1504
1568
992
86
-816
-1248
-1184
-656
86
688
944
784
344
-148
-472
-528
-360
-102
86
132
66
-17
-17
98
280
392
312
15
-392
-720
-784
-488
110
752
1120
1056
528
-344
-1120
-1504
-1248
-440
656
1504
1824
1312
248
-976
-1888
-1952
-1248
7
1312
1984
1984
1056
-296
-1568
-2112
-1888
1
1312
1984
1952
992
-360
-1504
-1984
-1632
-592
656
1568
1760
1184
220
-784
-1376
-1312
-752
53
720
992
848
360
-156
-488
-496
-328
-78
74
74
-23
-94
-21
196
440
528
360
-66
-592
-976
-944
-456
328
1056
1440
1184
344
-720
-1568
-1760
-1184
-90
1120
1952
1888
1056
-264
-1504
-2112
-1824
-752
656
1760
2112
1568
376
-976
-1888
-1952
-1184
-5
1120
1760
1568
784
-264
-1120
-1440
-1120
-392
408
912
992
624
110
-344
-528
-456
-212
7
94
33
-66
-78
62
312
496
496
196
-312
-816
-992
-784
-114
688
1312
1376
848
-132
-1120
-1760
-1632
-752
496
1568
1984
1632
472
-912
-1888
-2112
-1440
-110
1248
1984
1984
1056
-264
-1440
-1984
-1696
-688
560
1504
1760
1248
296
-720
-1376
-1376
-816
-7
688
992
880
408
-124
-472
-528
-344
-98
66
78
-15
-90
-33
172
424
528
392
-27
-560
-976
-976
-496
264
992
1440
1184
440
-624
-1504
-1760
-1248
-188
1056
1888
1952
1120
-164
-1440
-2112
-1888
-848
528
1696
2112
1696
488
-880
-1824
-1984
-1312
-106
1056
1760
1632
880
-196
-1056
-1440
-1184
-456
344
912
992
656
148
-312
-528
-472
-236
-1
94
41
-62
-86
47
296
496
496
228
-264
-784
-992
-816
-172
624
1248
1376
912
-51
-1056
-1696
-1632
-816
392
1504
1984
1696
560
-784
-1888
-2112
-1504
-220
1120
1984
1984
1184
-156
-1376
-1984
-1760
-784
472
1440
1760
1312
376
-656
-1312
-1376
-880
-70
656
992
880
440
-86
-456
-528
-376
-118
61
82
-7
-90
-43
148
408
528
408
11
-528
-944
-976
-560
204
976
1440
1248
496
-528
-1440
-1760
-1312
-280
976
1888
1952
1248
-57
-1376
-2112
-1952
-976
440
1632
2112
1760
592
-784
-1760
-1984
-1376
-204
992
1696
1696
944
-114
-992
-1440
-1184
-496
296
880
992
720
188
-280
-528
-488
-248
-15
90
49
-55
-86
31
264
496
496
248
-236
-752
-992
-848
-236
560
1248
1440
976
31
-992
-1696
-1696
-912
296
1440
1984
1760
656
-688
-1824
-2112
-1568
-328
1056
1984
1984
1248
-49
-1312
-1984
-1824
-880
376
1376
1760
1376
472
-560
-1312
-1376
-944
-132
592
992
912
488
-51
-440
-528
-392
-132
53
86
1
-86
-53
132
392
528
440
51
-488
-912
-992
-592
132
944
1376
1312
560
-472
-1376
-1760
-1376
-376
880
1824
1984
1312
49
-1248
-1984
-1984
-1056
328
1568
2112
1824
688
-656
-1760
-1984
-1440
-296
912
1696
1696
992
-31
-976
-1440
-1248
-560
236
848
992
752
236
-248
-496
-496
-264
-31
86
55
-49
-90
15
248
488
528
280
-188
-720
-992
-880
-296
496
1184
1440
992
114
-944
-1696
-1696
-992
204
1376
1984
1760
784
-592
-1760
-2112
-1632
-440
976
1952
2112
1376
57
-1248
-1952
-1888
-976
280
1312
1760
1440
528
-496
-1248
-1440
-976
-204
