1651 2 0 0 0
1
1440
2112
1696
296
-1184
-1984
-1760
-560
912
1824
1760
784
-592
-1568
-1696
-912
296
1248
1440
912
-57
-912
-1184
-816
-98
560
848
624
156
-280
-472
-360
-118
78
114
31
-29
33
204
328
264
-45
-456
-688
-560
-47
592
992
912
236
-656
-1312
-1248
-496
624
1504
1568
816
-488
-1568
-1888
-1120
248
1568
1984
1440
23
-1440
-2112
-1696
-328
1184
2112
1888
624
-944
-1984
-1952
-880
624
1760
1952
1056
-328
-1504
-1824
-1120
53
1120
1568
1120
156
-816
-1248
-992
-280
496
944
848
312
-248
-560
-528
-244
82
236
196
62
1
62
180
196
23
-280
-528
-496
-148
424
880
880
360
-456
-1120
-1184
-656
376
1248
1568
976
-196
-1312
-1824
-1312
-45
1312
1984
1632
328
-1120
-1984
-1888
-624
944
1984
1984
944
-624
-1888
-1984
-1184
328
1632
1984
1312
-39
-1312
-1888
-1440
-220
992
1696
1376
408
-688
-1376
-1248
-496
408
992
992
496
-180
-656
-720
-392
33
328
360
196
11
-47
15
90
45
-148
-376
-424
-204
248
688
784
440
-244
-912
-1120
-752
140
1056
1440
1056
57
-1056
-1696
-1440
-312
992
1888
1696
624
-848
-1952
-1952
-944
592
1888
2112
1184
-312
-1696
-2112
-1440
15
1440
2112
1632
264
-1120
-1952
-1632
-496
848
1696
1568
688
-528
-1376
-1440
-752
248
992
1184
720
-53
-688
-880
-560
-62
376
496
344
74
-118
-132
-45
13
-49
-204
-296
-204
118
496
656
472
-82
-688
-992
-784
-55
816
1312
1120
280
-816
-1568
-1440
-560
720
1696
1760
880
-528
-1696
-1984
-1184
280
1632
2112
1440
7
-1440
-2112
-1696
-312
1184
1984
1824
592
-912
-1888
-1888
-816
592
1632
1760
976
-312
-1312
-1568
-992
57
992
1312
944
122
-656
-992
-784
-204
360
624
528
180
-140
-264
-204
-61
3
-57
-156
-156
27
328
528
456
41
-496
-880
-784
-212
592
1120
1120
456
-560
-1376
-1504
-752
440
1504
1760
1056
-236
-1504
-1984
-1376
-31
1376
2112
1696
328
-1184
-2112
-1888
-624
944
1984
1984
912
-624
-1824
-1984
-1120
328
1568
1888
1248
-49
-1248
-1696
-1248
-180
912
1440
1120
328
-560
-1056
-976
-376
312
720
688
328
-118
-376
-360
-172
11
66
1
-66
-11
172
360
376
118
-328
-688
-720
-312
376
976
1056
560
-328
-1120
-1440
-912
180
1248
1696
1248
49
-1248
-1888
-1568
-328
1120
1984
1824
624
-912
-1984
-1984
-944
624
1888
2112
1184
-328
-1696
-2112
-1376
31
1376
1984
1504
236
-1056
-1760
-1504
-440
752
1504
1376
560
-456
-1120
-1120
-592
212
784
880
496
-41
-456
-528
-328
-27
156
156
57
-3
61
204
264
140
-180
-528
-624
-360
204
784
992
656
-122
-944
-1312
-992
-57
992
1568
1312
312
-976
-1760
-1632
-592
816
1888
1888
912
-592
-1824
-1984
-1184
312
1696
2112
1440
-7
1
1504
2112
1632
236
-1248
-1984
-1696
-440
992
1824
1632
560
-688
-1504
-1440
-624
440
1120
1184
592
-212
-784
-816
-456
61
392
408
212
1
-57
25
106
29
-212
-456
-488
-156
392
848
880
360
-472
-1120
-1248
-624
456
1376
1632
944
-344
-1504
-1888
-1184
172
1504
1984
1504
49
-1440
-2112
-1696
-280
1248
2112
1824
496
-992
-1952
-1824
-688
752
1696
1696
784
-488
-1376
-1504
-784
248
992
1184
688
-74
-656
-784
-488
-19
312
360
196
19
-17
74
156
74
-196
-488
-560
-248
312
848
976
496
-344
-1120
-1376
-816
264
1312
1696
1120
-114
-1376
-1952
-1440
-94
1312
1984
1696
328
-1184
-2112
-1888
-560
992
1984
1952
784
-752
-1824
-1888
-912
496
1568
1760
976
-264
-1248
-1504
-912
66
880
1120
752
55
-528
-720
-496
-90
236
296
172
25
5
122
220
132
-164
-496
-624
-376
228
816
1056
656
-188
-1056
-1440
-992
62
1184
1760
1312
124
-1184
-1952
-1632
-360
1120
1984
1824
592
-976
-1984
-1984
-848
752
1952
1984
992
-496
-1696
-1952
-1120
248
1376
1760
1120
-43
-1056
-1440
-992
-106
752
1056
816
172
-424
-656
-496
-140
164
244
140
15
21
156
264
196
-118
-496
-688
-488
114
784
1120
816
-19
-976
-1440
-1120
-148
992
1760
1504
376
-992
-1952
-1760
-624
912
1984
1984
880
-720
-1952
-1984
-1056
472
1760
1984
1248
-236
-1504
-1952
-1312
5
1184
1696
1248
164
-912
-1376
-1056
-264
592
992
848
264
-312
-592
-496
-180
102
188
98
-3
23
188
328
264
-57
-496
-752
-592
-5
720
1120
976
156
-848
-1504
-1312
-376
880
1696
1632
624
-784
-1888
-1888
-912
624
1888
1984
1120
-424
-1760
-2112
-1312
196
1568
1984
1440
39
-1312
-1952
-1440
-236
992
1632
1376
360
-720
-1312
-1120
-408
440
944
848
360
-204
-496
-472
-204
51
124
51
-37
11
204
392
344
17
-472
-816
-720
-140
624
1184
1056
344
-720
-1440
-1440
-592
688
1696
1760
880
-560
-1760
-1984
-1120
376
1696
2112
1376
-140
-1568
-2112
-1568
-90
1376
1984
1632
296
-1120
-1888
-1568
-472
816
1568
1440
528
-528
-1184
-1184
-528
280
816
848
424
-106
-440
-440
-212
11
78
1
-78
-11
212
440
440
106
-424
-848
-816
-280
528
1184
1184
528
-528
-1440
-1568
-816
472
1568
1888
1120
-296
-1632
-1984
-1376
90
1568
2112
1568
140
-1376
-2112
-1696
-376
1120
1984
1760
560
-880
-1760
-1696
-688
592
1440
1440
720
-344
-1056
-1184
-624
140
720
816
472
-17
-344
-392
-204
-11
37
-51
-124
-51
204
472
496
204
-360
-848
-944
-440
408
1120
1312
720
-360
-1376
-1632
-992
236
1440
1952
1312
-39
-1440
-1984
-1568
-196
1312
2112
1760
424
-1120
-1984
-1888
-624
912
1888
1888
784
-624
-1632
-1696
-880
376
1312
1504
848
-156
-976
