1651 2 0 0 0
1
976
1760
2112
1984
1504
688
-264
-1120
-1760
-1952
-1760
-1184
-376
456
1120
1568
1632
1312
752
110
-496
-944
-1120
-1056
-784
-376
43
376
560
560
472
280
86
-39
-74
-29
59
132
140
53
-132
-360
-560
-688
-656
-424
-25
440
880
1184
1248
992
496
-148
-848
-1376
-1696
-1632
-1120
-440
440
1248
1824
1984
1760
1120
220
-752
-1568
-1984
-2112
-1696
-944
51
992
1760
2112
1984
1440
624
-312
-1120
-1760
-1952
-1696
-1056
-328
488
1120
1504
1504
1184
688
70
-496
-912
-1056
-976
-688
-312
55
328
472
472
360
188
51
-19
-3
78
180
236
204
61
-180
-456
-688
-816
-720
-456
-1
496
976
1248
1312
992
496
-196
-912
-1504
-1760
-1632
-1120
-408
488
1312
1888
1984
1760
1056
172
-816
-1632
-2112
-2112
-1696
-880
102
1056
1760
1984
1952
1376
560
-344
-1120
-1696
-1888
-1632
-992
-264
496
1056
1440
1440
1120
624
37
-488
-848
-976
-848
-592
-248
61
280
376
360
244
110
17
1
70
188
296
328
264
62
-236
-528
-816
-912
-784
-472
21
560
1056
1376
1376
1056
496
-248
-992
-1568
-1824
-1696
-1184
-360
528
1376
1952
1984
1760
1056
124
-848
-1632
-2112
-2112
-1632
-816
148
1056
1760
1984
1888
1312
496
-376
-1184
-1696
-1824
-1504
-976
-220
496
1056
1312
1312
992
528
7
-456
-752
-848
-752
-496
-204
62
236
280
236
132
31
-7
33
148
296
408
440
312
59
-280
-624
-912
-992
-880
-488
55
656
1184
1440
1440
1120
488
-296
-1056
-1632
-1888
-1696
-1120
-328
592
1440
1984
2112
1760
992
74
-912
-1696
-2112
-1984
-1568
-784
196
1120
1760
1984
1888
1248
472
-424
-1120
-1632
-1696
-1440
-880
-172
496
992
1248
1184
944
488
-15
-440
-688
-752
-624
-408
-156
57
172
188
118
21
-41
-29
66
236
408
528
496
360
49
-344
-752
-992
-1056
-912
-496
90
720
1248
1568
1504
1120
472
-344
-1120
-1696
-1952
-1760
-1120
-280
656
1504
1984
2112
1760
992
25
-944
-1760
-2112
-1984
-1568
-720
244
1120
1760
1984
1824
1184
408
-440
-1120
-1568
-1632
-1376
-816
-124
496
976
1184
1120
848
408
-35
-392
-592
-624
-528
-312
-110
47
110
82
1
-82
-110
-47
110
312
528
624
592
392
35
-408
-848
-1120
-1184
-976
-496
124
816
1376
1632
1568
1120
440
-408
-1184
-1824
-1984
-1760
-1120
-244
720
1568
1984
2112
1760
944
-25
-992
-1760
-2112
-1984
-1504
-656
280
1120
1760
1952
1696
1120
344
-472
-1120
-1504
-1568
-1248
-720
-90
496
912
1056
992
752
344
-49
-360
-496
-528
-408
-236
-66
29
41
-21
-118
-188
-172
-57
156
408
624
752
688
440
15
-488
-944
-1184
-1248
-992
-496
172
880
1440
1696
1632
1120
424
-472
-1248
-1888
-1984
-1760
-1120
-196
784
1568
1984
2112
1696
912
-74
1
992
1760
2112
1984
1440
592
-376
-1184
-1760
-1888
-1568
-976
-180
592
1120
1440
1376
992
472
-86
-528
-816
-848
-656
-392
-110
106
204
180
82
-21
-62
-5
156
376
560
656
560
264
-148
-624
-1056
-1248
-1184
-816
-204
528
1184
1696
1760
1440
784
-98
-992
-1696
-1984
-1952
-1376
-496
496
1376
1984
2112
1824
1056
118
-848
-1568
-1984
-1888
-1376
-624
236
992
1440
1632
1376
848
220
-392
-848
-992
-976
-720
-344
15
280
392
360
244
98
7
13
118
264
408
440
328
61
-312
-720
-992
-1056
-912
-472
140
816
1312
1632
1568
1056
344
-528
-1312
-1888
-1984
-1696
-976
-7
976
1760
2112
1984
1504
624
-376
-1312
-1888
-1984
-1760
-1056
-212
656
1376
1696
1696
1248
592
-110
-720
-1120
-1184
-1056
-656
-204
220
496
592
528
344
148
5
-39
11
124
228
248
140
-86
-392
-688
-880
-880
-624
-156
424
976
1376
1504
1248
688
-82
-912
-1568
-1888
-1824
-1312
-496
472
1376
1984
2112
1824
1056
124
-880
-1696
-1984
-1984
-1504
-688
248
1120
1696
1888
1632
992
264
-488
-1056
-1376
-1312
-992
-496
21
472
752
784
656
392
124
-74
-164
-140
-43
59
94
23
-148
-376
-592
-688
-624
-344
98
592
1056
1312
1248
912
296
-456
-1120
-1696
-1824
-1568
-912
-13
912
1696
1984
1984
1504
624
-376
-1312
-1952
-2112
-1888
-1184
-244
720
1504
1952
1888
1440
720
-124
-880
-1376
-1568
-1376
-912
-280
312
752
976
944
720
360
21
-228
-344
-312
-204
-70
1
-17
-132
-296
-456
-496
-376
-106
280
688
992
1120
992
560
-61
-752
-1312
-1632
-1632
-1184
-456
424
1248
1888
1984
1760
1056
132
-848
-1696
-2112
-1984
-1568
-752
248
1184
1824
1984
1824
1184
328
-560
-1248
-1696
-1696
-1312
-688
21
656
1056
1184
992
688
244
-156
-440
-528
-488
-328
-140
-13
17
-45
-164
-264
-296
-180
57
376
688
912
944
688
236
-360
-944
-1376
-1504
-1312
-784
-19
816
1504
1888
1888
1440
592
-360
-1248
-1952
-2112
-1888
-1184
-248
752
1568
1984
1984
1632
816
-132
-992
-1632
-1824
-1632
-1056
-360
392
992
1312
1312
992
560
41
-408
-688
-752
-624
-392
-140
47
124
98
1
-98
-124
-47
140
392
624
752
688
408
-41
-560
-992
-1312
-1312
-992
-392
360
1056
1632
1824
1632
992
132
-816
-1632
-1984
-1984
-1568
-752
248
1184
1888
2112
1952
1248
360
-592
-1440
-1888
-1888
-1504
-816
19
784
1312
1504
1376
944
360
-236
-688
-944
-912
-688
-376
-57
180
296
264
164
45
-17
13
140
328
488
528
440
156
-244
-688
-992
-1184
-1056
-656
-21
688
1312
1696
1696
1248
560
-328
-1184
-1824
-1984
-1824
-1184
-248
752
1568
1984
2112
1696
848
-132
-1056
-1760
-1984
-1888
-1248
-424
456
1184
1632
1632
1312
752
61
-560
-992
