1651 2 0 0 0
1
1248
1984
1984
1312
188
-912
-1568
-1632
-1056
-248
472
880
848
496
132
-82
-61
118
264
196
-148
-624
-992
-1056
-656
180
1056
1696
1760
1056
-39
-1248
-1984
-1984
-1376
-164
1056
1888
1984
1376
312
-720
-1376
-1440
-992
-312
312
624
592
344
82
-7
122
344
488
328
-124
-720
-1184
-1312
-848
66
1056
1824
1888
1248
124
-1120
-1984
-2112
-1504
-328
912
1760
1888
1376
424
-528
-1184
-1248
-912
-328
188
440
376
164
-1
31
264
560
720
496
-66
-784
-1376
-1504
-992
-70
992
1888
1984
1440
296
-976
-1888
-2112
-1568
-488
720
1568
1824
1312
496
-376
-976
-1056
-784
-296
94
244
140
-45
-124
33
392
784
944
688
25
-816
-1504
-1696
-1184
-228
944
1888
2112
1568
472
-816
-1824
-1984
-1632
-592
528
1376
1632
1248
528
-236
-752
-848
-592
-244
27
66
-90
-264
-264
1
488
976
1120
880
148
-784
-1568
-1824
-1376
-392
848
1824
2112
1696
624
-656
-1632
-1984
-1632
-688
376
1184
1440
1184
528
-118
-528
-624
-424
-140
-1
-78
-312
-496
-456
-70
528
1120
1376
1056
280
-752
-1632
-1952
-1568
-560
688
1760
2112
1824
784
-488
-1504
-1952
-1632
-784
220
976
1248
992
496
-29
-360
-392
-204
-9
9
-196
-496
-720
-624
-172
528
1248
1568
1248
456
-656
-1632
-1984
-1760
-752
528
1632
2112
1824
912
-312
-1312
-1760
-1568
-816
82
784
1056
880
456
21
-196
-156
23
148
57
-264
-688
-976
-848
-296
528
1312
1696
1504
624
-528
-1632
-2112
-1888
-912
376
1504
1984
1888
992
-148
-1120
-1568
-1440
-816
-23
592
816
688
344
37
-61
61
248
328
132
-312
-848
-1184
-1056
-456
472
1376
1888
1632
816
-408
-1504
-2112
-1952
-1056
212
1376
1952
1824
1056
1
-944
-1376
-1312
-784
-98
408
592
472
204
15
43
248
496
528
248
-312
-976
-1376
-1248
-624
376
1376
1952
1824
992
-248
-1440
-2112
-1984
-1184
41
1184
1824
1760
1056
124
-752
-1184
-1120
-688
-140
248
376
236
33
-41
114
440
720
752
392
-280
-992
-1504
-1440
-816
248
1312
1984
1952
1120
-86
-1312
-1984
-1984
-1248
-118
992
1696
1696
1056
228
-560
-976
-944
-560
-140
132
156
1
-156
-132
140
560
944
976
560
-228
-1056
-1696
-1696
-992
118
1248
1984
1984
1312
86
-1120
-1952
-1984
-1312
-248
816
1440
1504
992
280
-392
-752
-720
-440
-114
41
-33
-236
-376
-248
140
688
1120
1184
752
-124
-1056
-1760
-1824
-1184
-41
1184
1984
2112
1440
248
-992
-1824
-1952
-1376
-376
624
1248
1376
976
312
-248
-528
-496
-248
-43
-15
-204
-472
-592
-408
98
784
1312
1376
944
1
-1056
-1824
-1952
-1376
-212
1056
1952
2112
1504
408
-816
-1632
-1888
-1376
-472
456
1056
1184
848
312
-132
-328
-248
-61
61
-37
-344
-688
-816
-592
23
1
1248
1984
1984
1248
114
-944
-1568
-1504
-912
-140
488
752
624
296
37
1
180
424
472
196
-376
-992
-1376
-1184
-488
560
1568
1984
1696
720
-560
-1696
-2112
-1824
-816
408
1376
1760
1504
688
-196
-816
-992
-752
-312
35
132
1
-196
-236
15
496
976
1120
816
47
-944
-1696
-1888
-1312
-188
1056
1952
2112
1504
312
-944
-1760
-1888
-1312
-344
592
1184
1184
784
220
-212
-344
-212
1
66
-122
-496
-816
-848
-456
312
1120
1696
1568
816
-344
-1440
-2112
-1952
-992
244
1440
1984
1888
992
-98
-992
-1440
-1312
-688
-1
472
592
408
132
1
114
392
592
560
124
-560
-1248
-1504
-1184
-328
816
1760
1984
1632
496
-784
-1824
-2112
-1632
-592
592
1440
1696
1248
488
-312
-784
-816
-528
-172
41
1
-212
-376
-280
118
688
1184
1248
784
-132
-1120
-1888
-1888
-1120
49
1248
1984
1984
1248
70
-1056
-1760
-1760
-1056
-140
688
1056
992
560
94
-188
-188
1
156
90
-248
-688
-992
-944
-360
496
1376
1824
1568
656
-592
-1696
-2112
-1824
-816
488
1568
1984
1696
784
-280
-1056
-1376
-1056
-496
90
424
408
196
1
9
248
592
784
592
7
-784
-1440
-1632
-1120
-124
992
1888
1984
1440
264
-992
-1888
-1984
-1440
-344
752
1440
1504
992
280
-376
-688
-624
-328
-62
1
-172
-424
-496
-296
248
912
1376
1312
688
-344
-1376
-1984
-1824
-976
296
1504
2112
1952
1056
-156
-1184
-1760
-1568
-848
27
720
976
784
376
15
-118
1
204
264
61
-408
-944
-1184
-976
-244
752
1568
1888
1504
440
-816
-1824
-2112
-1696
-560
688
1632
1952
1440
528
-424
-1056
-1184
-880
-312
140
312
212
1
-94
70
440
816
912
592
-140
-992
-1632
-1696
-992
94
1248
1984
1984
1248
25
-1184
-1952
-1952
-1184
-124
880
1376
1312
816
132
-392
-560
-424
-148
1
-86
-360
-624
-624
-248
440
1120
1504
1312
528
-560
-1568
-1984
-1760
-784
528
1632
2112
1824
816
-360
-1312
-1632
-1376
-624
156
688
816
560
220
-13
1
204
392
360
-11
-592
-1120
-1312
-944
-70
976
1760
1952
1376
220
-1056
-1952
-2112
-1504
-328
880
1696
1824
1248
328
-528
-992
-992
-656
-172
140
172
1
-172
-140
172
656
992
992
528
-328
-1248
-1824
-1696
-880
328
1504
2112
1952
1056
-220
-1376
-1952
-1760
-976
70
944
1312
1120
592
11
-360
-392
-204
1
13
-220
-560
-816
-688
-156
624
1376
1632
1312
360
-816
-1824
-2112
-1632
-528
784
1760
1984
1568
560
-528
-1312
-1504
-1120
-440
248
624
624
360
86
1
148
424
560
392
-132
-816
-1312
-1376
-880
124
1184
1952
1952
1184
-25
-1248
-1984
-1984
-1248
-94
992
1696
1632
992
140
-592
-912
-816
-440
-70
94
1
-212
-312
-140
312
880
1184
1056
424
-528
-1440
-1952
-1632
-688
560
1696
