1651 2 0 0 0
1
1440
1984
1568
248
-976
-1440
-1056
-264
312
392
118
-70
148
656
992
688
-264
-1376
-1888
-1312
90
1504
2112
1632
204
-1184
-1824
-1376
-344
592
912
592
140
-29
188
488
392
-244
-1056
-1504
-1056
164
1504
2112
1568
118
-1376
-1984
-1568
-344
848
1376
992
296
-248
-312
-39
118
-140
-688
-1056
-784
204
1312
1888
1376
23
-1440
-2112
-1696
-312
1056
1760
1376
392
-496
-816
-528
-124
1
-248
-560
-472
196
1056
1568
1184
-61
-1440
-2112
-1632
-236
1248
1984
1632
440
-752
-1248
-992
-312
188
228
-41
-172
132
752
1120
880
-122
-1312
-1952
-1504
-140
1376
2112
1696
424
-976
-1632
-1376
-456
408
720
488
98
21
312
656
560
-140
-1056
-1632
-1248
-45
1376
2112
1696
344
-1120
-1952
-1632
-496
624
1184
944
328
-132
-148
124
236
-114
-784
-1248
-976
33
1248
1984
1568
248
-1248
-2112
-1760
-496
880
1568
1312
488
-328
-624
-408
-66
-33
-376
-752
-656
78
1056
1696
1376
156
-1312
-2112
-1824
-472
1056
1888
1632
560
-528
-1056
-912
-312
94
70
-212
-296
82
784
1312
1056
61
-1248
-1984
-1696
-376
1184
1984
1824
592
-752
-1504
-1312
-496
248
528
328
23
37
424
816
752
-9
-1056
-1760
-1440
-264
1184
2112
1888
560
-944
-1824
-1632
-624
456
992
848
312
-57
1
296
376
-43
-816
-1376
-1184
-156
1184
1984
1760
496
-1056
-1984
-1824
-688
624
1376
1248
528
-196
-456
-248
25
-31
-472
-912
-848
-66
992
1824
1568
392
-1120
-1984
-1888
-688
816
1760
1632
688
-360
-912
-784
-280
27
-66
-376
-456
-1
816
1440
1248
264
-1120
-1984
-1824
-592
976
1952
1888
784
-528
-1312
-1248
-528
132
376
164
-82
15
496
976
944
148
-992
-1824
-1696
-496
992
1984
1952
784
-720
-1632
-1632
-720
264
816
688
248
-9
124
472
528
61
-816
-1504
-1376
-376
992
1984
1952
720
-848
-1888
-1888
-848
440
1184
1184
528
-82
-280
-86
148
7
-528
-1056
-992
-244
976
1824
1760
624
-944
-1984
-1984
-880
592
1568
1568
784
-196
-720
-624
-228
-1
-180
-528
-624
-124
784
1504
1504
488
-976
-1984
-1952
-848
720
1824
1888
912
-328
-1120
-1120
-528
41
220
1
-220
-41
528
1120
1120
328
-912
-1888
-1824
-720
848
1952
1984
976
-488
-1504
-1504
-784
124
624
528
180
1
228
624
720
196
-784
-1568
-1568
-592
880
1984
1984
944
-624
-1760
-1824
-976
244
992
1056
528
-7
-148
86
280
82
-528
-1184
-1184
-440
848
1888
1888
848
-720
-1952
-1984
-992
376
1376
1504
816
-61
-528
-472
-124
9
-248
-688
-816
-264
720
1632
1632
720
-784
-1952
-1984
-992
496
1696
1824
992
-148
-944
-976
-496
-15
82
-164
-376
-132
528
1248
1312
528
-784
-1888
-1952
-976
592
1824
1984
1120
-264
-1248
-1440
-816
1
1
1440
1984
1504
196
-976
-1376
-944
-188
280
244
-53
-122
280
912
1120
624
-528
-1632
-1952
-1056
440
1760
2112
1248
-188
-1312
-1504
-912
-11
496
456
106
-21
280
784
912
296
-784
-1696
-1696
-688
848
1984
1984
912
-592
-1632
-1632
-784
236
752
624
204
1
220
592
624
27
-976
-1632
-1440
-264
1184
2112
1824
496
-992
-1888
-1632
-528
528
992
784
236
-61
86
408
392
-180
-992
-1504
-1056
140
1504
2112
1568
74
-1376
-1984
-1504
-248
880
1248
848
180
-196
-90
196
188
-312
-992
-1248
-720
496
1696
1984
1184
-376
-1696
-1984
-1248
114
1184
1440
848
41
-392
-280
19
53
-360
-912
-992
-376
784
1760
1824
784
-816
-1952
-1984
-976
496
1504
1504
752
-172
-624
-488
-110
-5
-328
-752
-752
-74
992
1760
1504
344
-1184
-2112
-1888
-560
944
1760
1568
560
-440
-880
-624
-172
11
-228
-560
-496
172
1056
1632
1184
-78
-1504
-2112
-1568
-148
1312
1952
1440
280
-752
-1056
-720
-156
110
-62
-344
-264
344
1120
1440
848
-456
-1696
-1984
-1248
296
1632
1984
1248
-47
-1056
-1312
-752
-61
264
124
-148
-94
424
1056
1184
472
-784
-1824
-1888
-848
720
1952
1984
992
-440
-1376
-1440
-688
114
488
312
3
3
424
912
880
132
-992
-1824
-1632
-424
1120
2112
1888
624
-848
-1632
-1440
-560
360
720
496
102
23
344
720
592
-140
-1120
-1760
-1312
7
1440
2112
1632
228
-1184
-1888
-1376
-312
656
976
624
124
-35
212
496
344
-344
-1184
-1568
-944
408
1696
2112
1312
-220
-1568
-1984
-1248
-11
976
1120
688
66
-164
33
280
148
-488
-1120
-1312
-560
752
1888
1952
944
-656
-1888
-1984
-992
344
1248
1312
656
-70
-360
-156
106
7
-496
-1056
-992
-196
992
1888
1696
496
-1056
-1984
-1888
-688
752
1568
1376
528
-280
-560
-344
-21
-51
-472
-880
-720
110
1184
1824
1376
62
-1440
-2112
-1696
-280
1120
1760
1376
344
-528
-816
-488
-82
-29
-360
-656
-456
344
1312
1632
992
-360
-1696
-2112
-1376
140
1504
1888
1248
66
-848
-992
-560
-66
66
-188
-440
-212
496
1248
1440
656
-720
-1888
-1984
-992
560
1824
1952
992
-264
-1120
-1184
-592
33
228
1
-228
-33
592
1184
1120
264
-992
-1952
-1824
-560
992
1984
1888
720
-656
-1440
-1248
-496
212
440
188
-66
66
560
992
848
-66
-1248
-1888
-1504
-140
1376
2112
1696
360
-992
-1632
-1312
-344
456
656
360
29
82
488
816
528
-344
-1376
-1760
-1120
280
1696
2112
1440
-62
-1376
-1824
-1184
-110
720
880
472
51
21
344
560
280
-528
-1376
-1568
-752
688
1888
1984
1056
-496
-1696
-1888
-992
196
992
1056
496
-7
-106
156
360
70
-656
-1312
-1248
-344
992
1984
1888
656
-944
-1952
-1888
-752
560
1312
1120
488
-148
-280
-33
164
-66
-688
