1651 2 0 0 0
1
1120
1888
1984
1440
528
-328
-880
-976
-656
-248
-11
-74
-392
-752
-848
-528
180
1056
1760
1952
1440
456
-752
-1696
-1984
-1760
-944
25
784
1056
944
496
118
-19
148
496
752
624
118
-688
-1504
-1888
-1696
-880
296
1376
1984
1984
1312
344
-560
-1120
-1120
-816
-312
9
23
-236
-528
-624
-328
344
1120
1696
1760
1184
156
-992
-1888
-2112
-1696
-752
264
992
1312
1056
592
106
-110
1
296
496
424
-53
-784
-1440
-1760
-1440
-560
560
1632
2112
1952
1184
114
-848
-1376
-1312
-912
-312
90
172
-41
-328
-424
-148
456
1120
1632
1568
944
-124
-1248
-1984
-2112
-1568
-528
528
1312
1504
1184
592
33
-248
-188
86
296
244
-172
-816
-1376
-1568
-1184
-280
816
1760
2112
1888
976
-156
-1120
-1568
-1440
-944
-248
228
344
164
-118
-236
-17
496
1056
1440
1312
656
-392
-1440
-1984
-1984
-1376
-280
816
1568
1696
1248
560
-90
-440
-392
-124
122
110
-236
-784
-1248
-1376
-912
-21
992
1888
2112
1696
720
-440
-1376
-1760
-1568
-912
-140
408
560
376
70
-94
55
488
992
1248
1056
376
-624
-1568
-2112
-1952
-1120
7
1056
1760
1824
1248
456
-264
-624
-592
-312
-25
25
-244
-688
-1056
-1120
-656
220
1184
1952
1984
1504
456
-720
-1632
-1952
-1568
-816
27
624
784
560
228
1
70
424
848
1056
816
132
-816
-1632
-1984
-1760
-880
296
1376
1952
1888
1184
296
-488
-880
-816
-488
-124
1
-188
-560
-912
-880
-408
424
1312
1952
1952
1248
148
-992
-1824
-1984
-1568
-688
244
848
992
752
344
37
31
312
656
816
592
-70
-944
-1696
-1952
-1568
-592
592
1632
1984
1888
1056
94
-720
-1120
-992
-592
-172
29
-86
-408
-688
-656
-196
560
1376
1824
1760
992
-140
-1248
-1984
-1984
-1440
-488
488
1120
1184
912
408
15
-62
148
472
592
376
-244
-992
-1632
-1760
-1312
-296
880
1824
2112
1824
912
-148
-992
-1312
-1184
-688
-164
118
62
-212
-456
-440
-23
656
1376
1696
1504
688
-424
-1504
-2112
-1984
-1312
-248
752
1376
1376
992
408
-61
-204
-39
248
392
196
-344
-992
-1568
-1568
-992
-15
1120
1952
2112
1696
688
-424
-1248
-1568
-1312
-688
-98
248
248
1
-248
-248
98
688
1312
1568
1248
424
-688
-1696
-2112
-1952
-1120
15
992
1568
1568
992
344
-196
-392
-248
39
204
61
-408
-992
-1376
-1376
-752
248
1312
1984
2112
1504
424
-688
-1504
-1696
-1376
-656
23
440
456
212
-62
-118
164
688
1184
1312
992
148
-912
-1824
-2112
-1824
-880
296
1312
1760
1632
992
244
-376
-592
-472
-148
62
-15
-408
-912
-1184
-1120
-488
488
1440
1984
1984
1248
140
-992
-1760
-1824
-1376
-560
196
656
688
408
86
-29
172
592
992
1120
720
-94
-1056
-1888
-1984
-1632
-592
592
1568
1952
1696
944
70
-592
-816
1
1120
1888
1952
1376
472
-376
-848
-848
-496
-140
-1
-196
-592
-976
-976
-456
424
1376
1984
1952
1248
86
-1056
-1824
-1888
-1376
-496
296
752
720
424
78
-9
244
688
1056
1056
528
-376
-1376
-1984
-1984
-1312
-164
992
1760
1888
1312
528
-236
-624
-624
-312
-9
27
-264
-784
-1184
-1184
-624
312
1312
1984
1984
1376
248
-912
-1632
-1824
-1312
-528
172
528
496
204
-66
-57
296
848
1248
1248
720
-248
-1312
-1984
-1984
-1440
-328
816
1568
1696
1248
528
-118
-456
-392
-90
148
94
-312
-912
-1376
-1376
-816
188
1248
1984
2112
1504
408
-720
-1504
-1632
-1248
-528
70
360
264
-23
-244
-132
328
976
1440
1440
912
-118
-1248
-1984
-2112
-1504
-488
624
1376
1568
1184
528
-29
-264
-156
140
328
188
-312
-992
-1504
-1568
-992
39
1184
1984
2112
1568
528
-528
-1248
-1440
-1120
-496
1
196
45
-248
-440
-248
312
992
1632
1696
1056
41
-1120
-1952
-2112
-1632
-592
456
1184
1376
992
488
21
-124
61
376
528
312
-280
-1056
-1696
-1760
-1184
-124
1056
1888
2112
1632
656
-376
-1056
-1248
-976
-456
-33
61
-164
-496
-624
-392
248
1056
1696
1824
1248
212
-976
-1888
-1984
-1632
-688
280
976
1120
880
392
37
-1
248
592
752
472
-228
-1056
-1760
-1888
-1376
-296
912
1824
1984
1632
752
-220
-880
-1056
-784
-344
-31
-43
-344
-720
-880
-560
180
1056
1824
1952
1440
376
-816
-1760
-1984
-1632
-784
148
784
944
688
264
15
82
440
848
976
656
-124
-1056
-1824
-1984
-1504
-472
752
1632
1952
1632
784
-82
-688
-816
-560
-204
7
-114
-496
-944
-1056
-752
66
1056
1888
1984
1568
528
-656
-1568
-1952
-1568
-816
25
592
720
472
122
-41
132
560
992
1184
848
1
-992
-1888
-2112
-1632
-624
560
1504
1824
1568
816
23
-496
-592
-344
-33
82
-140
-624
-1120
-1312
-944
-70
992
1888
2112
1696
688
-488
-1376
-1760
-1504
-816
-66
408
488
236
-61
-132
148
688
1184
1376
992
148
-944
-1824
-2112
-1760
-784
392
1312
1696
1440
784
98
-328
-376
-118
156
196
-140
-720
-1312
-1504
-1120
-228
912
1824
2112
1824
848
-312
-1184
-1568
-1376
-784
-124
248
264
1
-264
-248
124
784
1376
1568
1184
312
-848
-1824
-2112
-1824
-912
228
1120
1504
1312
720
140
-196
-156
118
376
328
-98
-784
-1440
-1696
-1312
-392
784
1760
2112
1824
944
-148
-992
-1376
-1184
-688
-148
132
61
-236
-488
-408
66
816
1504
1760
1376
488
-688
-1696
-2112
-1888
-992
70
944
1312
1120
624
140
-82
33
344
592
496
-23
-816
-1568
-1824
-1504
-560
624
1632
2112
1888
992
1
-848
-1184
-992
-560
-132
41
-122
-472
-720
-592
-25
816
1568
1952
1568
656
-528
-1568
-1984
-1888
-1056
-66
752
1056
944
496
114
-7
204
560
816
