1651 2 0 0 0
1
1056
1824
1984
1824
1056
102
-784
-1312
-1504
-1184
-688
-110
328
496
456
248
47
-17
106
376
688
816
688
264
-392
-1056
-1632
-1696
-1312
-528
488
1440
1984
2112
1632
688
-392
-1312
-1888
-1888
-1440
-656
204
880
1184
1120
784
344
-45
-236
-204
-33
132
164
-9
-376
-784
-1056
-1056
-720
-55
784
1504
1888
1824
1120
188
-880
-1760
-2112
-1984
-1312
-296
720
1440
1760
1568
992
280
-392
-816
-912
-720
-392
-94
47
-5
-196
-392
-440
-236
196
752
1184
1440
1184
592
-264
-1184
-1888
-1984
-1696
-880
204
1248
1952
2112
1696
912
-74
-944
-1440
-1504
-1184
-624
-15
424
592
528
296
78
-1
106
360
624
752
592
140
-496
-1120
-1568
-1632
-1184
-344
656
1568
1984
1984
1440
496
-592
-1504
-1952
-1888
-1312
-496
360
992
1248
1184
784
280
-114
-312
-264
-102
74
114
-55
-392
-784
-992
-992
-592
86
880
1568
1888
1696
992
-7
-1056
-1888
-2112
-1888
-1120
-106
912
1632
1824
1568
944
156
-528
-944
-992
-752
-392
-70
86
45
-132
-312
-344
-148
264
784
1184
1312
1056
440
-424
-1312
-1888
-1984
-1568
-688
408
1376
1984
1984
1632
752
-248
-1056
-1568
-1568
-1184
-528
86
528
688
592
344
98
1
90
328
560
656
488
33
-592
-1184
-1568
-1504
-992
-164
816
1696
2112
1984
1312
296
-784
-1632
-1984
-1888
-1248
-344
528
1120
1376
1184
752
228
-196
-392
-344
-164
17
66
-86
-392
-752
-944
-880
-456
220
976
1568
1824
1568
816
-204
-1184
-1952
-2112
-1824
-976
90
1056
1760
1888
1504
848
17
-656
-992
-1056
-784
-392
-33
140
106
-66
-244
-264
-78
312
784
1120
1248
944
280
-560
-1376
-1888
-1952
-1376
-488
592
1568
1984
1984
1504
560
-440
-1248
-1696
-1568
-1120
-456
204
656
784
656
376
110
-7
62
280
496
560
376
-62
-656
-1184
-1504
-1376
-848
13
976
1760
2112
1888
1120
102
-976
-1760
-1984
-1824
-1120
-188
688
1248
1440
1184
720
148
-280
-472
-424
-228
-27
31
-102
-392
-688
-880
-752
-328
344
1056
1632
1760
1376
624
-392
-1376
-1984
-2112
-1696
-784
280
1248
1824
1888
1440
720
-124
-816
-1120
-1120
-784
-360
15
204
172
1
-172
-204
-15
360
784
1120
1120
816
124
-720
-1440
-1888
-1824
-1248
-280
784
1696
2112
1984
1376
392
-624
-1376
-1760
-1632
-1056
-344
328
752
880
688
392
102
-31
27
228
424
472
280
-148
-720
-1184
-1440
-1248
-688
188
1120
1824
1984
1760
976
-102
-1120
-1888
-2112
-1760
-976
-13
848
1376
1504
1184
656
62
-376
-560
-496
-280
-62
7
-110
-376
-656
-784
-656
-204
456
1120
1568
1696
1248
440
-560
-1504
-1984
-1984
-1568
-592
488
1376
1952
1888
1376
560
-280
-944
-1248
-1120
-784
-312
78
264
244
66
-106
-140
33
392
784
1056
992
1
1056
1824
1984
1760
976
13
-816
-1312
-1376
-1056
-496
-11
296
360
212
1
-110
-7
296
688
992
1056
720
47
-784
-1504
-1952
-1760
-1056
-82
992
1824
2112
1888
1120
94
-880
-1504
-1696
-1376
-752
-66
456
688
624
376
118
1
94
344
624
752
560
86
-592
-1248
-1696
-1632
-1056
-156
880
1760
2112
1952
1248
180
-880
-1632
-1888
-1632
-976
-140
560
976
992
752
360
43
-86
1
212
392
376
90
-408
-976
-1376
-1376
-992
-212
752
1568
1984
1952
1312
264
-848
-1696
-1984
-1888
-1120
-244
624
1184
1376
1120
624
118
-236
-328
-212
1
132
62
-228
-656
-992
-1120
-880
-244
592
1376
1888
1888
1312
344
-752
-1696
-2112
-1984
-1312
-344
656
1376
1632
1440
880
220
-344
-624
-624
-392
-132
1
-70
-312
-624
-784
-656
-236
440
1120
1632
1696
1248
408
-656
-1568
-2112
-1984
-1440
-456
624
1504
1888
1696
1120
328
-408
-880
-992
-784
-424
-94
61
1
-204
-408
-440
-196
280
880
1312
1440
1120
440
-528
-1440
-1984
-1984
-1504
-528
560
1504
1984
1952
1312
456
-440
-1056
-1312
-1120
-720
-220
156
296
204
1
-148
-114
156
560
976
1120
992
424
-392
-1248
-1824
-1952
-1504
-592
496
1504
1984
1984
1504
592
-424
-1184
-1568
-1504
-992
-360
220
560
592
408
156
1
43
280
592
816
752
376
-264
-992
-1568
-1760
-1440
-656
392
1376
1984
2112
1632
688
-376
-1312
-1824
-1760
-1248
-496
244
784
976
816
488
140
-35
1
196
424
488
296
-164
-752
-1248
-1504
-1312
-656
280
1248
1952
2112
1696
784
-312
-1312
-1952
-1984
-1504
-656
228
944
1248
1184
816
312
-82
-248
-196
1
172
164
-74
-496
-944
-1184
-1056
-592
188
1056
1760
1984
1696
848
-228
-1248
-1952
-2112
-1696
-816
188
1056
1504
1504
1120
496
-90
-472
-560
-424
-172
1
-17
-244
-560
-816
-848
-496
102
848
1504
1824
1568
880
-132
-1184
-1952
-2112
-1824
-944
122
1056
1696
1824
1376
688
-70
-656
-912
-816
-528
-196
7
1
-188
-424
-528
-392
35
624
1184
1504
1440
848
-53
-992
-1824
-2112
-1824
-992
43
1056
1824
1984
1632
880
-19
-784
-1184
-1184
-880
-408
1
212
180
1
-180
-212
-1
408
880
1184
1184
784
19
-880
-1632
-1984
-1824
-1056
-43
992
1824
2112
1824
992
53
-848
-1440
-1504
-1184
-624
-35
392
528
424
188
1
-7
196
528
816
912
656
70
-688
-1376
-1824
-1696
-1056
-122
944
1824
2112
1952
1184
132
-880
-1568
-1824
-1504
-848
-102
496
848
816
560
244
17
1
172
424
560
472
90
-496
-1120
-1504
-1504
-1056
-188
816
1696
2112
1952
1248
228
-848
-1696
-1984
-1760
-1056
-188
592
1056
1184
944
496
74
-164
-172
1
196
248
82
-312
-816
-1184
-1248
-944
-228
656
1504
1984
1952
1312
312
