1651 2 0 0 0
1
1376
2112
1824
656
-720
-1632
-1696
-992
62
912
1184
848
236
-264
-424
-264
-43
-9
-220
-496
-560
-212
472
1120
1312
816
-212
-1312
-1888
-1568
-408
992
1984
1984
1056
-376
-1632
-1984
-1504
-296
944
1632
1504
688
-280
-912
-976
-560
-70
236
220
29
-70
90
456
720
624
74
-752
-1376
-1376
-656
528
1632
1952
1376
57
-1312
-2112
-1888
-752
720
1824
1952
1184
-27
-1120
-1568
-1184
-392
424
848
720
344
-21
-124
7
164
106
-244
-688
-912
-624
124
992
1568
1376
408
-880
-1888
-1952
-1120
312
1632
2112
1632
392
-992
-1888
-1760
-880
312
1184
1376
944
148
-488
-688
-488
-148
33
-41
-244
-312
-61
472
976
1056
528
-392
-1312
-1696
-1248
-106
1184
1984
1888
816
-688
-1824
-2112
-1376
-23
1248
1824
1504
528
-528
-1184
-1184
-624
27
456
488
248
29
35
248
472
392
-62
-720
-1184
-1056
-376
688
1632
1824
1056
-244
-1504
-2112
-1696
-456
992
1984
1984
992
-312
-1376
-1760
-1248
-248
656
1056
944
392
-124
-344
-248
-43
15
-180
-496
-656
-392
248
992
1376
1056
132
-992
-1824
-1760
-816
592
1824
2112
1440
82
-1312
-1984
-1760
-688
592
1440
1568
944
-3
-720
-944
-656
-188
148
188
15
-110
17
376
752
784
296
-496
-1248
-1504
-976
164
1376
1984
1696
496
-976
-1984
-1984
-1120
280
1504
1984
1504
344
-816
-1440
-1312
-624
196
720
752
424
55
-86
23
204
188
-132
-624
-976
-816
-140
816
1504
1568
784
-496
-1632
-1984
-1440
-140
1248
2112
1888
816
-624
-1696
-1888
-1184
-39
976
1376
1056
360
-296
-592
-496
-204
1
-45
-248
-392
-196
312
912
1120
784
-94
-1120
-1760
-1504
-496
848
1888
1984
1184
-228
-1568
-2112
-1696
-456
912
1696
1696
848
-220
-992
-1184
-784
-148
328
440
264
41
19
236
496
496
118
-560
-1120
-1248
-688
376
1440
1888
1376
188
-1184
-1984
-1952
-880
592
1760
1984
1376
98
-1120
-1696
-1376
-528
424
992
976
528
3
-264
-236
-35
51
-124
-472
-720
-560
37
848
1376
1312
488
-720
-1696
-1952
-1184
164
1504
2112
1760
528
-912
-1888
-1952
-1056
220
1248
1568
1120
264
-528
-880
-720
-296
62
148
1
-148
-62
296
720
880
528
-264
-1120
-1568
-1248
-220
1056
1952
1888
912
-528
-1760
-2112
-1504
-164
1184
1952
1696
720
-488
-1312
-1376
-848
-37
560
720
472
124
-51
35
236
264
-3
-528
-976
-992
-424
528
1376
1696
1120
-98
-1376
-1984
-1760
-592
880
1952
1984
1184
-188
-1376
-1888
-1440
-376
688
1248
1120
560
-118
-496
-496
-236
-19
-41
-264
-440
-328
148
784
1184
992
220
-848
-1696
-1696
-912
456
1696
2112
1568
228
-1184
-1984
-1888
-848
496
1504
1760
1120
94
-784
-1120
-912
-312
196
392
248
45
-1
204
496
592
296
-360
-1056
1
1376
2112
1760
592
-752
-1632
-1632
-848
156
880
992
656
114
-212
-204
1
98
-94
-496
-816
-720
-86
816
1504
1440
656
-624
-1760
-1984
-1312
94
1504
2112
1760
496
-880
-1760
-1696
-880
244
1056
1184
752
118
-344
-408
-196
1
-57
-344
-624
-560
-27
752
1312
1312
528
-656
-1696
-1952
-1184
180
1568
2112
1696
456
-992
-1888
-1824
-880
328
1184
1376
880
98
-472
-592
-376
-82
1
-180
-424
-408
11
688
1184
1120
424
-688
-1632
-1824
-1056
264
1568
2112
1696
360
-1056
-1952
-1888
-848
440
1376
1504
944
66
-624
-816
-528
-140
74
1
-204
-248
35
560
992
976
328
-688
-1568
-1696
-976
344
1632
2112
1568
264
-1184
-1984
-1888
-816
528
1504
1632
992
15
-784
-992
-688
-188
164
188
1
-122
43
456
816
816
236
-656
-1440
-1568
-848
408
1568
1984
1504
180
-1248
-2112
-1888
-784
656
1632
1760
1056
-47
-944
-1184
-848
-220
264
392
204
1
29
312
624
624
156
-624
-1312
-1376
-720
456
1568
1984
1376
82
-1312
-2112
-1888
-688
752
1760
1888
1056
-124
-1056
-1376
-976
-228
392
592
392
106
1
164
424
456
90
-560
-1120
-1248
-592
496
1504
1888
1312
-7
-1376
-2112
-1824
-624
848
1888
1952
1056
-212
-1248
-1504
-1056
-220
496
784
560
196
-49
1
212
296
41
-496
-992
-1056
-488
496
1440
1760
1184
-94
-1440
-2112
-1760
-528
976
1952
1984
992
-296
-1376
-1696
-1120
-188
656
976
752
264
-114
-172
1
140
7
-392
-816
-880
-376
496
1376
1632
1056
-172
-1440
-1984
-1696
-440
992
1984
1984
992
-408
-1504
-1824
-1184
-140
784
1120
912
312
-196
-360
-212
1
-1
-280
-624
-688
-280
496
1248
1440
912
-244
-1440
-1984
-1568
-344
1120
1984
1984
944
-496
-1632
-1888
-1248
-86
944
1312
1056
344
-296
-528
-408
-124
1
-148
-424
-496
-196
472
1120
1312
784
-296
-1376
-1952
-1504
-248
1184
1984
1952
880
-592
-1760
-1984
-1248
-13
1056
1504
1120
360
-408
-752
-592
-244
21
1
-212
-328
-122
408
976
1120
656
-328
-1312
-1824
-1376
-156
1184
1984
1952
784
-688
-1824
-1984
-1248
66
1184
1696
1248
360
-496
-944
-784
-328
62
156
1
-156
-62
328
784
944
496
-360
-1248
-1696
-1184
-66
1248
1984
1824
688
-784
-1952
-1984
-1184
156
1376
1824
1312
328
-656
-1120
-976
-408
122
328
212
1
-21
244
592
752
408
-360
-1120
-1504
-1056
13
1248
1984
1760
592
-880
-1952
-1984
-1184
248
1504
1952
1376
296
-784
-1312
-1120
-472
196
496
424
148
1
124
408
528
296
-344
-1056
-1312
-944
86
1248
1888
1632
496
-944
-1984
-1984
-1120
344
1568
1984
1440
244
-912
-1440
-1248
-496
280
688
624
280
1
1
212
360
196
-312
-912
-1120
-784
140
1184
1824
1504
408
-992
-1984
-1984
