1651 2 0 0 0
1
1120
1952
2112
1696
688
-472
-1440
-1984
-1888
-1184
-204
816
1568
1760
1440
720
-196
-976
-1376
-1376
-944
-264
408
880
992
848
440
-11
-360
-528
-496
-312
-98
53
90
33
-55
-94
-21
148
376
496
496
280
-110
-560
-912
-992
-784
-236
456
1056
1440
1312
784
-51
-944
-1568
-1760
-1376
-560
496
1440
1984
1888
1248
156
-992
-1888
-2112
-1760
-848
328
1440
1984
1984
1440
376
-784
-1696
-1984
-1760
-976
90
1056
1696
1760
1248
472
-440
-1120
-1440
-1248
-752
-70
560
944
992
752
312
-124
-440
-528
-456
-248
-47
74
82
7
-74
-86
15
212
424
528
472
196
-236
-656
-976
-976
-656
-53
624
1184
1440
1184
560
-296
-1120
-1696
-1760
-1184
-280
784
1632
1984
1760
976
-164
-1248
-1984
-2112
-1568
-528
656
1632
2112
1952
1184
57
-1056
-1824
-1984
-1568
-688
376
1248
1760
1696
1056
220
-656
-1248
-1440
-1184
-560
114
688
992
976
624
188
-228
-488
-528
-408
-196
-1
86
66
-15
-86
-66
62
264
472
528
408
86
-360
-784
-992
-912
-496
132
816
1312
1440
1056
344
-528
-1312
-1760
-1632
-992
5
1056
1824
1984
1632
656
-488
-1504
-2112
-1984
-1312
-220
976
1824
2112
1824
912
-264
-1312
-1952
-1952
-1376
-392
656
1440
1760
1568
880
-31
-848
-1376
-1376
-992
-392
296
816
992
880
528
66
-312
-496
-496
-344
-132
33
94
49
-41
-94
-43
118
328
496
528
344
-27
-488
-880
-992
-848
-344
328
976
1376
1376
912
114
-784
-1504
-1760
-1504
-752
296
1312
1952
1952
1376
360
-784
-1760
-2112
-1888
-1056
110
1248
1984
2112
1568
592
-560
-1504
-1984
-1888
-1120
-106
912
1632
1760
1376
624
-264
-992
-1376
-1312
-880
-204
456
912
992
816
408
-51
-392
-528
-488
-296
-78
61
90
23
-62
-90
-7
172
392
528
496
248
-148
-592
-944
-992
-720
-172
496
1120
1440
1312
720
-132
-992
-1632
-1760
-1312
-472
592
1504
1984
1888
1120
49
-1056
-1888
-2112
-1696
-752
440
1504
1984
1984
1376
264
-880
-1760
-1984
-1696
-880
188
1120
1696
1696
1184
376
-496
-1184
-1440
-1248
-688
-7
592
976
992
720
264
-156
-456
-528
-440
-236
-31
78
78
1
-78
-78
31
236
440
528
456
156
-264
-720
-992
-976
-592
7
688
1248
1440
1184
496
-376
-1184
-1696
-1696
-1120
-188
880
1696
1984
1760
880
-264
-1376
-1984
-1984
-1504
-440
752
1696
2112
1888
1056
-49
-1120
-1888
-1984
-1504
-592
472
1312
1760
1632
992
132
-720
-1312
-1440
-1120
-496
172
720
992
944
592
148
-248
-496
-528
-392
-172
7
90
62
-23
-90
-61
78
296
488
528
392
51
-408
-816
-992
-912
-456
204
880
1312
1376
992
264
-624
-1376
-1760
-1632
-912
106
1120
1888
1984
1504
560
-592
-1568
-2112
-1984
-1248
-110
1056
1888
1
1120
1952
2112
1632
592
-560
-1504
-1952
-1760
-1056
-35
944
1504
1632
1184
456
-344
-976
-1184
-992
-592
-35
424
656
624
408
132
-70
-140
-82
23
78
13
-172
-408
-560
-528
-264
188
688
1056
1056
752
106
-688
-1312
-1568
-1312
-624
344
1248
1888
1888
1248
204
-944
-1824
-2112
-1760
-816
376
1440
1984
1984
1312
248
-912
-1760
-1984
-1632
-752
280
1184
1696
1632
992
212
-592
-1120
-1248
-992
-456
132
560
752
656
392
74
-140
-212
-140
-27
33
-21
-188
-392
-496
-424
-124
312
752
992
976
528
-124
-880
-1376
-1504
-1120
-328
624
1504
1888
1696
944
-156
-1248
-1952
-1984
-1504
-456
752
1760
2112
1888
992
-124
-1248
-1952
-1984
-1440
-456
624
1440
1760
1504
816
-61
-848
-1312
-1312
-912
-280
312
720
848
656
328
-9
-236
-280
-204
-70
3
-35
-180
-344
-408
-296
1
424
784
976
816
344
-344
-992
-1376
-1376
-880
-31
912
1632
1824
1440
592
-496
-1504
-1984
-1952
-1184
-82
1056
1952
2112
1696
688
-496
-1504
-1984
-1952
-1184
-118
944
1632
1824
1376
560
-344
-1056
-1440
-1248
-784
-94
496
880
912
624
248
-114
-328
-360
-248
-94
-1
-29
-156
-280
-328
-196
106
488
784
880
656
132
-528
-1120
-1376
-1184
-624
248
1120
1696
1760
1184
264
-816
-1696
-1984
-1760
-880
296
1376
1984
1984
1440
328
-848
-1760
-2112
-1760
-880
236
1248
1824
1760
1184
296
-624
-1248
-1504
-1184
-592
122
720
992
944
592
140
-236
-440
-424
-280
-98
7
-3
-114
-228
-244
-94
188
528
752
752
472
-62
-688
-1120
-1312
-992
-344
496
1312
1696
1568
944
-74
-1120
-1888
-1984
-1504
-528
656
1632
2112
1952
1120
-43
-1184
-1952
-1984
-1568
-560
592
1504
1888
1696
976
1
-912
-1440
-1504
-1120
-392
344
912
1056
912
496
13
-360
-528
-488
-296
-82
41
37
-59
-156
-156
-13
248
528
688
624
296
-236
-784
-1184
-1184
-816
-86
752
1440
1696
1376
624
-408
-1376
-1952
-1888
-1248
-164
992
1888
2112
1760
784
-424
-1504
-1984
-1984
-1312
-204
944
1696
1952
1568
688
-312
-1120
-1568
-1504
-944
-164
560
1056
1120
880
376
-132
-496
-624
-496
-280
-45
90
94
1
-94
-90
45
280
496
624
496
132
-376
-880
-1120
-1056
-560
164
944
1504
1568
1120
312
-688
-1568
-1952
-1696
-944
204
1312
1984
1984
1504
424
-784
-1760
-2112
-1888
-992
164
1248
1888
1952
1376
408
-624
-1376
-1696
-1440
-752
86
816
1184
1184
784
236
-296
-624
-688
-528
-248
13
156
156
59
-37
-41
82
296
488
528
360
-13
-496
-912
-1056
-912
-344
392
1120
1504
1440
912
1
-976
-1696
-1888
-1504
-592
560
1568
1984
1952
1184
43
-1120
-1952
-2112
-1632
-656
528
1504
1984
1888
1120
74
-944
-1568
-1696
-1312
-496
344
992
1312
1120
