1651 2 0 0 0
1
2112
1056
-1568
-1824
592
1984
440
-1760
-1248
1056
1760
-140
-1696
-688
1184
1184
-496
-1312
-164
992
624
-560
-752
114
624
180
-344
-236
86
82
1
124
132
-244
-408
132
688
212
-752
-688
528
1120
-23
-1312
-688
1120
1312
-496
-1760
-344
1696
1248
-1120
-1888
204
1984
848
-1696
-1696
816
2112
248
-1984
-1248
1312
1952
-360
-1984
-656
1632
1440
-848
-1760
-66
1632
848
-1056
-1248
344
1248
296
-944
-688
472
752
-25
-560
-212
264
212
-47
-33
11
-172
-188
244
488
-70
-720
-312
752
816
-456
-1184
-124
1312
848
-992
-1440
328
1760
560
-1568
-1440
944
1984
39
-1984
-1056
1504
1888
-592
-2112
-496
1888
1440
-1120
-1984
122
1984
880
-1504
-1568
624
1760
264
-1504
-976
912
1312
-180
-1184
-408
848
720
-344
-720
-49
496
236
-212
-180
19
-15
-35
204
248
-220
-528
1
752
424
-688
-912
344
1248
280
-1248
-992
880
1568
-132
-1760
-784
1440
1568
-720
-1984
-280
1952
1248
-1312
-1984
344
2112
752
-1760
-1632
912
1984
122
-1952
-1056
1312
1632
-424
-1760
-456
1376
1056
-720
-1312
23
1120
496
-720
-752
244
688
114
-440
-244
148
140
-1
66
70
-228
-312
196
592
82
-752
-528
656
992
-212
-1312
-456
1184
1120
-720
-1632
-66
1760
976
-1312
-1760
496
1984
528
-1888
-1504
1120
1984
-86
-2112
-976
1632
1760
-688
-1984
-360
1824
1248
-1120
-1696
212
1696
624
-1248
-1184
560
1312
122
-1056
-592
624
752
-140
-624
-164
360
236
-98
-98
1
-114
-118
244
392
-148
-656
-180
752
656
-560
-1056
74
1312
624
-1120
-1312
560
1696
280
-1696
-1184
1184
1888
-280
-1984
-752
1696
1632
-912
-2112
-172
1984
1184
-1440
-1888
456
1984
592
-1696
-1376
912
1760
1
-1632
-784
1120
1248
-392
-1248
-248
976
656
-496
-752
55
592
204
-296
-220
59
51
-7
156
164
-244
-456
94
688
280
-752
-784
488
1184
74
-1312
-784
1056
1440
-392
-1760
-496
1632
1376
-992
-1952
39
1984
992
-1568
-1824
656
2112
424
-1952
-1376
1184
1984
-204
-1984
-816
1504
1504
-688
-1760
-204
1504
944
-944
-1248
236
1248
376
-880
-720
392
752
25
-496
-228
228
196
-27
1
27
-196
-228
228
496
-25
-752
-392
720
880
-376
-1248
-236
1248
944
-944
-1504
204
1760
688
-1504
-1504
816
1984
204
-1984
-1184
1376
1952
-424
-2112
-656
1824
1568
-992
-1984
-39
1952
992
-1376
-1632
496
1760
392
-1440
-1056
784
1312
-74
-1184
-488
784
752
-280
-688
-94
456
244
-164
-156
7
-51
-59
220
296
-204
-592
-55
752
496
-656
-976
248
1248
392
-1248
-1120
784
1632
1
-1760
-912
1376
1696
-592
-1984
-456
1888
1440
-1184
-1984
172
2112
912
-1632
-1696
752
1984
280
-1888
-1184
1184
1696
-280
-1696
-560
1312
1120
-624
-1312
-74
1
2112
992
-1568
-1760
688
1984
328
-1888
-1184
1184
1760
-328
-1824
-560
1440
1184
-784
-1504
15
1376
624
-944
-976
376
992
140
-784
-456
424
528
-90
-408
-94
188
90
-15
57
-1
-244
-148
328
424
-212
-688
-110
816
560
-656
-992
236
1248
392
-1184
-1056
784
1568
-59
-1696
-784
1376
1568
-688
-1952
-248
1888
1184
-1376
-1888
440
2112
592
-1888
-1504
1120
1984
-102
-1984
-912
1632
1696
-752
-1984
-220
1824
1056
-1184
-1568
376
1632
440
-1312
-992
720
1248
-70
-1120
-456
784
720
-312
-720
-66
528
264
-248
-248
45
102
1
74
122
-140
-344
31
528
264
-560
-656
344
976
94
-1056
-656
880
1184
-344
-1504
-392
1440
1120
-976
-1696
148
1888
784
-1568
-1568
816
1984
164
-1984
-1120
1440
1888
-528
-2112
-496
1888
1440
-1184
-1984
196
1984
784
-1568
-1504
784
1824
122
-1696
-912
1120
1376
-392
-1440
-312
1120
816
-624
-992
102
880
296
-560
-488
228
440
17
-248
-86
53
-13
29
204
62
-344
-312
328
624
-86
-816
-344
816
848
-496
-1184
-57
1312
752
-1056
-1376
472
1696
360
-1632
-1184
1120
1824
-248
-1984
-720
1696
1568
-944
-2112
-66
1984
1056
-1568
-1824
624
2112
408
-1888
-1312
1184
1888
-280
-1952
-656
1504
1312
-784
-1632
-31
1504
720
-992
-1120
392
1184
204
-944
-592
528
720
-106
-592
-172
344
244
-110
-140
1
-41
-62
164
264
-132
-496
-98
624
472
-528
-880
164
1056
392
-1056
-976
656
1440
-5
-1568
-784
1248
1504
-592
-1888
-296
1824
1184
-1248
-1888
360
2112
656
-1824
-1568
1056
1984
-33
-2112
-992
1568
1760
-720
-1984
-296
1888
1184
-1184
-1696
344
1760
496
-1376
-1120
752
1376
-37
-1312
-560
880
912
-360
-944
-114
688
392
-376
-440
78
296
61
-102
-17
-33
-156
7
344
196
-408
-496
248
784
106
-912
-592
720
1056
-264
-1376
-392
1312
1056
-848
-1632
90
1760
784
-1440
-1568
752
1984
228
-1952
-1184
1376
1888
-488
-2112
-560
1888
1504
-1120
-1984
132
1984
880
-1568
-1632
752
1952
188
-1760
-992
1184
1504
-376
-1568
-392
1248
944
-688
-1120
86
1056
408
-720
-656
280
624
47
-440
-204
188
164
-21
1
21
-164
-188
204
440
-47
-624
-280
656
720
-408
-1056
-86
1120
688
-944
-1248
392
1568
376
-1504
-1184
992
1760
-188
-1952
-752
1632
1568
-880
-1984
-132
1984
1120
-1504
-1888
560
2112
488
-1888
-1376
1184
1952
-228
-1984
-752
1568
1440
-784
-1760
-90
1632
848
-1056
-1312
392
1376
264
-1056
-720
592
912
-106
-784
-248
496
408
-196
-344
-7
156
33
17
102
-61
-296
-78
440
376
-392
-688
114
944
360
-912
-880
560
1312
37
-1376
-752
1120
1376
-496
-1760
-344
1696
1184
-1184
-1888
296
1984
720
-1760
-1568
992
2112
33
-1984
-1056
1568
