1651 2 0 0 0
1
2112
280
-2112
-560
1984
816
-1824
-992
1632
1184
-1376
-1248
1056
1312
-848
-1312
592
1184
-360
-1056
172
944
-29
-720
-61
496
94
-280
-70
78
-11
114
140
-264
-312
376
528
-440
-752
456
992
-392
-1184
264
1440
-106
-1568
-106
1696
344
-1824
-624
1824
912
-1760
-1120
1632
1440
-1504
-1632
1312
1824
-1056
-1952
784
1984
-496
-1984
212
1952
53
-1888
-280
1696
488
-1504
-624
1248
720
-992
-752
784
720
-560
-656
344
496
-188
-344
66
140
-3
74
1
-296
-51
496
156
-688
-312
848
496
-944
-752
976
992
-976
-1248
880
1504
-752
-1696
560
1888
-344
-1984
90
2112
188
-2112
-488
1984
752
-1984
-992
1824
1248
-1632
-1440
1376
1568
-1120
-1632
848
1632
-560
-1568
328
1440
-110
-1312
-66
1120
196
-912
-264
688
280
-456
-236
248
132
-66
11
-74
-196
172
408
-212
-624
188
848
-110
-1056
-21
1248
204
-1376
-424
1504
688
-1504
-944
1504
1184
-1440
-1440
1248
1696
-1056
-1888
880
1984
-592
-2112
312
2112
-33
-2112
-244
1984
496
-1888
-720
1696
912
-1440
-992
1184
1056
-976
-1056
688
992
-488
-944
280
784
-124
-560
23
376
21
-148
-7
-62
-61
264
180
-440
-344
560
560
-624
-784
656
992
-592
-1248
496
1504
-360
-1696
148
1824
86
-1952
-360
1952
624
-1952
-912
1888
1184
-1760
-1440
1504
1632
-1312
-1760
1056
1888
-784
-1888
488
1888
-228
-1760
-19
1632
228
-1440
-392
1248
496
-992
-528
784
528
-528
-472
344
344
-172
-188
41
-7
33
228
-53
-440
11
656
82
-848
-236
992
424
-1120
-656
1184
912
-1184
-1120
1120
1376
-992
-1632
880
1888
-656
-1984
408
2112
-124
-2112
-156
2112
456
-1984
-720
1952
976
-1760
-1120
1568
1312
-1312
-1376
992
1440
-752
-1376
496
1312
-280
-1184
102
992
35
-816
-122
560
148
-360
-114
140
27
47
110
-196
-280
296
496
-360
-720
344
976
-280
-1184
164
1376
3
-1568
-220
1632
472
-1696
-720
1696
992
-1632
-1248
1568
1504
-1376
-1760
1120
1888
-912
-1984
624
1984
-344
-1984
62
1984
196
-1888
-440
1696
624
-1504
-752
1248
848
-992
-880
784
848
-528
-752
344
592
-180
-424
66
220
-5
1
5
-220
-66
424
180
-592
-344
752
528
-848
-784
880
992
-848
-1248
752
1504
-624
-1696
440
1888
-196
-1984
-62
1984
344
-1984
-624
1984
912
-1888
-1120
1760
1376
-1504
-1568
1248
1632
-992
-1696
720
1696
-472
-1632
220
1568
-3
-1376
-164
1184
280
-976
-344
720
360
-496
-296
280
196
-110
-47
-27
-140
114
360
-148
-560
122
816
-35
-992
-102
1184
280
-1312
-496
1376
752
-1440
-992
1376
1312
-1312
-1568
1120
1760
-976
-1952
720
1984
-456
-2112
156
2112
124
-2112
-408
1984
656
-1888
-880
1632
992
-1376
-1120
1120
1184
-912
-1184
656
1120
1
2112
248
-2112
-496
1984
720
-1888
-944
1760
1056
-1504
-1184
1312
1312
-1056
-1312
880
1312
-624
-1312
440
1184
-248
-1056
98
944
15
-752
-94
560
124
-392
-114
204
61
-27
33
-122
-164
244
312
-328
-496
360
688
-360
-912
312
1056
-236
-1248
106
1440
59
-1568
-248
1632
472
-1696
-688
1696
944
-1696
-1184
1568
1376
-1440
-1632
1248
1824
-1056
-1952
880
1984
-624
-1984
376
2112
-122
-1984
-118
1984
344
-1888
-528
1696
688
-1504
-848
1312
912
-1120
-976
880
976
-688
-912
488
816
-312
-688
180
528
-74
-376
9
196
7
-7
15
-172
-82
344
188
-488
-328
592
496
-656
-688
688
912
-688
-1120
656
1312
-528
-1504
408
1696
-244
-1824
35
1888
188
-1952
-440
1984
688
-1952
-944
1888
1120
-1760
-1376
1568
1568
-1376
-1696
1184
1824
-944
-1888
688
1888
-456
-1888
220
1824
1
-1696
-188
1568
344
-1376
-472
1184
528
-976
-592
784
560
-560
-528
392
440
-244
-312
114
156
-23
15
-23
-204
27
392
7
-560
-90
720
212
-880
-360
992
528
-1056
-752
1056
976
-1056
-1184
992
1376
-944
-1632
784
1824
-592
-1952
392
1984
-164
-2112
-82
2112
328
-2112
-592
1984
816
-1952
-992
1760
1248
-1632
-1376
1376
1504
-1120
-1568
944
1568
-688
-1568
472
1504
-248
-1376
78
1248
70
-1120
-180
944
248
-720
-280
528
248
-344
-196
180
98
-33
33
-78
-196
156
376
-196
-560
188
752
-132
-944
39
1120
94
-1248
-248
1376
456
-1440
-656
1440
912
-1440
-1120
1376
1376
-1312
-1568
1120
1760
-992
-1952
784
1984
-528
-2112
296
2112
-43
-2112
-212
1984
456
-1984
-656
1888
848
-1696
-992
1504
1120
-1248
-1184
992
1184
-816
-1184
592
1120
-408
-1056
236
912
-98
-752
1
560
57
-392
-70
204
41
-23
29
-140
-140
264
280
-376
-456
456
624
-472
-848
456
992
-392
-1248
280
1376
-148
-1568
-31
1696
244
-1760
-472
1824
688
-1824
-944
1760
1184
-1632
-1376
1504
1632
-1312
-1760
1120
1888
-912
-1984
656
1984
-408
-1984
156
1984
74
-1888
-280
1760
488
-1632
-624
1440
752
-1184
-816
992
848
-784
-816
592
752
-408
-656
248
496
-132
-360
49
188
-3
1
3
-188
-49
360
132
-496
-248
656
408
-752
-592
816
784
-848
-992
816
1184
-752
-1440
624
1632
-488
-1760
280
1888
-74
-1984
-156
1984
408
-1984
-656
1984
912
-1888
-1120
1760
1312
-1632
-1504
1376
1632
-1184
-1760
944
1824
-688
-1824
472
1760
-244
-1696
31
1568
148
-1376
-280
1248
392
-992
-456
848
472
-624
-456
456
376
-280
-264
140
140
-29
23
-41
-204
70
392
-57
-560
1
752
98
-912
-236
1056
408
-1120
-592
1184
816
-1184
-992
1184
1248
-1120
-1504
992
1696
-848
-1888
656
1984
-456
-1984
212
2112
43
-2112
-296
2112
528
