1651 2 0 0 0
1
2112
688
-1888
-1248
1440
1696
-880
-1952
236
1888
360
-1632
-848
1248
1120
-784
-1248
312
1184
86
-992
-360
688
488
-392
-456
148
296
-7
-82
5
-122
-140
248
376
-264
-624
124
880
148
-992
-528
992
976
-816
-1376
456
1632
61
-1760
-656
1696
1248
-1312
-1696
816
1984
-180
-2112
-496
1984
1120
-1632
-1632
1056
1952
-424
-1984
-228
1888
816
-1568
-1248
1056
1440
-496
-1504
9
1312
392
-1056
-624
688
720
-344
-656
74
472
70
-244
-70
25
-57
102
264
-102
-496
-43
688
312
-784
-656
720
1056
-472
-1376
74
1568
440
-1568
-992
1312
1504
-912
-1888
344
1984
312
-1984
-976
1760
1568
-1248
-1952
624
2112
59
-1984
-688
1760
1248
-1312
-1568
752
1696
-156
-1632
-344
1376
720
-992
-944
560
976
-204
-848
-78
592
220
-344
-212
124
82
3
124
-1
-344
-132
496
392
-528
-720
440
992
-156
-1248
-248
1312
720
-1248
-1184
944
1632
-472
-1888
-122
1952
752
-1760
-1376
1376
1824
-816
-2112
124
2112
560
-1952
-1120
1504
1632
-976
-1888
344
1888
248
-1696
-752
1312
1056
-848
-1184
376
1184
21
-976
-296
688
424
-392
-408
148
248
-13
-43
13
-164
-148
296
376
-312
-656
180
912
98
-1056
-496
1056
944
-912
-1376
528
1696
-41
-1824
-528
1760
1120
-1440
-1696
944
1984
-312
-2112
-376
1984
992
-1696
-1568
1184
1952
-528
-1984
-110
1888
688
-1568
-1120
1120
1376
-592
-1440
94
1312
312
-1056
-560
688
656
-360
-592
102
424
43
-204
-45
-5
-82
132
296
-132
-528
-5
752
280
-848
-656
784
992
-560
-1376
164
1568
344
-1632
-912
1440
1440
-992
-1888
472
1984
188
-1984
-848
1824
1440
-1376
-1888
752
2112
-66
-1984
-592
1824
1120
-1376
-1504
816
1696
-248
-1632
-248
1376
656
-992
-880
624
912
-244
-784
-33
560
172
-328
-172
106
43
21
164
-19
-392
-122
560
376
-592
-720
496
992
-236
-1312
-172
1376
656
-1312
-1184
1056
1632
-592
-1888
-5
1984
656
-1824
-1248
1440
1760
-912
-1984
248
2112
440
-1984
-1056
1632
1504
-1056
-1824
456
1824
148
-1696
-656
1312
992
-912
-1120
440
1120
-41
-944
-244
688
376
-392
-344
148
212
-17
1
17
-212
-148
344
392
-376
-688
244
944
41
-1120
-440
1120
912
-992
-1312
656
1696
-148
-1824
-456
1824
1056
-1504
-1632
1056
1984
-440
-2112
-248
1984
912
-1760
-1440
1248
1824
-656
-1984
5
1888
592
-1632
-1056
1184
1312
-656
-1376
172
1312
236
-992
-496
720
592
-376
-560
122
392
19
-164
-21
-43
-106
172
328
-172
-560
33
784
244
-912
-624
880
992
-656
-1376
248
1632
248
-1696
-816
1504
1376
-1120
-1824
592
1984
66
-2112
-752
1888
1376
-1440
-1824
848
1984
-188
-1984
-472
1888
992
-1440
-1440
912
1632
-344
-1568
-164
1376
560
-992
1
2112
656
-1952
-1184
1504
1696
-992
-1952
376
1952
220
-1824
-752
1504
1120
-1056
-1376
560
1440
-110
-1312
-280
1056
560
-784
-688
472
688
-180
-560
-17
392
106
-196
-74
23
-49
66
236
-53
-424
-78
560
312
-656
-592
592
912
-376
-1184
55
1312
376
-1376
-848
1184
1312
-912
-1696
440
1888
132
-1952
-752
1760
1312
-1376
-1760
880
1984
-264
-2112
-392
1984
992
-1696
-1504
1184
1888
-624
-1984
13
1952
560
-1696
-992
1248
1312
-816
-1504
296
1440
148
-1248
-496
976
720
-624
-784
312
720
-57
-560
-102
360
140
-148
-74
3
-78
49
264
7
-456
-180
560
440
-560
-720
456
992
-188
-1184
-180
1312
624
-1248
-1056
992
1504
-592
-1760
94
1888
488
-1824
-1056
1568
1568
-1056
-1952
496
2112
132
-2112
-784
1888
1312
-1440
-1760
880
1984
-264
-1984
-344
1824
880
-1504
-1248
992
1504
-496
-1568
23
1440
392
-1120
-688
848
848
-488
-848
164
720
61
-496
-172
296
172
-110
-62
-5
-106
17
296
82
-456
-280
496
528
-472
-848
280
1056
21
-1184
-424
1248
880
-1056
-1248
752
1632
-296
-1824
-248
1824
848
-1632
-1376
1248
1824
-752
-1984
124
2112
528
-1984
-1120
1632
1632
-1120
-1952
496
1984
114
-1952
-688
1696
1184
-1248
-1504
752
1632
-220
-1568
-248
1312
624
-992
-848
656
912
-312
-848
17
688
164
-472
-236
244
188
-70
-47
-7
-132
-19
312
156
-440
-392
456
656
-344
-912
106
1120
244
-1184
-656
1120
1056
-880
-1440
488
1696
19
-1824
-592
1696
1120
-1440
-1632
976
1984
-376
-2112
-264
1984
912
-1824
-1440
1376
1888
-784
-1984
140
1984
488
-1888
-992
1440
1376
-976
-1632
440
1632
74
-1504
-496
1184
816
-848
-976
488
976
-132
-848
-122
624
248
-392
-280
180
188
-39
-23
-1
-156
-66
312
244
-392
-488
360
752
-196
-976
-86
1056
456
-1056
-880
944
1248
-624
-1568
188
1760
344
-1760
-912
1504
1440
-1120
-1824
624
1984
7
-2112
-656
1952
1248
-1568
-1760
992
1984
-392
-2112
-244
1984
848
-1696
-1312
1184
1632
-656
-1696
124
1632
360
-1376
-752
1056
976
-656
-1056
280
976
35
-816
-248
560
328
-312
-296
124
180
-13
1
13
-180
-124
296
312
-328
-560
248
816
-35
-976
-280
1056
656
-976
-1056
752
1376
-360
-1632
-124
1696
656
-1632
-1184
1312
1696
-848
-1984
244
2112
392
-1984
-992
1760
1568
-1248
-1952
656
2112
-7
-1984
-624
1824
1120
-1440
-1504
912
1760
-344
-1760
-188
1568
624
-1248
-944
880
1056
-456
-1056
86
976
196
-752
-360
488
392
-244
-312
66
156
1
23
39
-188
-180
280
392
-248
-624
122
848
132
-976
-488
976
848
-816
-1184
496
1504
-74
-1632
-440
1632
976
-1376
-1440
992
1888
-488
-1984
-140
1984
784
-1888
-1376
1440
1824
-912
-1984
