1651 2 0 0 0
1
1984
1376
-1056
-1984
-360
1824
1568
-656
-1952
-656
1376
1568
-280
-1632
-784
944
1312
9
-1120
-720
496
944
148
-624
-488
172
408
106
-148
-74
-1
-132
-124
228
440
7
-624
-496
424
976
204
-992
-992
440
1440
528
-1184
-1440
264
1760
976
-1184
-1888
-47
1888
1376
-992
-2112
-424
1824
1696
-688
-2112
-784
1568
1888
-296
-1984
-1056
1184
1824
59
-1696
-1120
784
1568
312
-1184
-1056
392
1184
408
-720
-784
110
656
312
-280
-344
-7
132
21
35
188
62
-344
-408
188
720
312
-688
-912
140
1184
688
-848
-1376
-70
1504
1120
-816
-1824
-424
1632
1568
-592
-1984
-816
1568
1888
-248
-2112
-1184
1312
1984
118
-1952
-1440
944
1984
456
-1632
-1504
528
1760
688
-1184
-1376
164
1376
720
-720
-1056
-62
880
560
-328
-624
-124
344
248
-57
-94
5
-90
-212
35
440
312
-392
-752
-61
880
752
-496
-1248
-328
1184
1184
-440
-1632
-720
1248
1696
-188
-1888
-1120
1184
1984
164
-1952
-1504
944
2112
528
-1760
-1760
560
2112
880
-1440
-1824
180
1888
1056
-992
-1696
-140
1440
1056
-592
-1376
-328
976
912
-248
-912
-344
488
528
-39
-360
-148
86
41
-5
156
204
-164
-496
-164
560
688
-228
-992
-488
848
1184
-102
-1376
-912
912
1632
180
-1632
-1312
784
1984
560
-1696
-1760
496
2112
944
-1504
-1984
140
1984
1248
-1184
-1984
-228
1824
1440
-784
-1888
-496
1440
1440
-376
-1568
-656
976
1184
-70
-1056
-624
496
816
86
-560
-392
172
312
61
-82
5
-25
-228
-148
296
496
-33
-720
-528
528
992
140
-1120
-976
528
1504
472
-1312
-1440
392
1824
880
-1312
-1888
86
1984
1248
-1120
-2112
-280
1952
1632
-816
-2112
-656
1696
1760
-440
-1984
-944
1248
1760
-62
-1696
-992
848
1504
204
-1184
-976
440
1056
312
-720
-688
140
592
236
-248
-248
3
49
-37
86
264
57
-440
-456
248
816
296
-784
-944
236
1248
656
-976
-1440
31
1568
1056
-944
-1824
-296
1760
1504
-720
-1984
-688
1632
1888
-408
-2112
-1056
1376
1984
-23
-1984
-1312
992
1952
312
-1632
-1376
624
1696
528
-1184
-1312
248
1312
624
-752
-992
1
816
488
-328
-528
-74
280
164
-37
1
37
-164
-280
74
528
328
-488
-816
-1
992
752
-624
-1312
-248
1312
1184
-528
-1696
-624
1376
1632
-312
-1952
-992
1312
1984
23
-1984
-1376
1056
2112
408
-1888
-1632
688
1984
720
-1504
-1760
296
1824
944
-1056
-1568
-31
1440
976
-656
-1248
-236
944
784
-296
-816
-248
456
440
-57
-264
-86
37
-49
-3
248
248
-236
-592
-140
688
720
-312
-1056
-440
976
1184
-204
-1504
-848
992
1696
62
-1760
-1248
944
1984
440
-1760
-1696
656
2112
816
-1632
-1952
280
2112
1120
-1248
-1984
-86
1888
1312
-880
-1824
-392
1440
1312
-472
-1504
-528
976
1120
1
1984
1376
-1120
-1984
-280
1888
1504
-816
-1984
-528
1568
1568
-488
-1760
-688
1184
1440
-204
-1440
-720
848
1184
3
-992
-656
488
848
106
-592
-440
196
408
86
-180
-106
7
-59
-61
180
296
-55
-496
-312
440
752
5
-912
-656
560
1184
188
-1184
-1056
560
1568
456
-1376
-1440
472
1824
784
-1376
-1760
248
1984
1056
-1312
-1984
-23
1984
1376
-1056
-2112
-312
1888
1568
-816
-2112
-592
1696
1696
-496
-1952
-784
1312
1632
-212
-1696
-880
976
1440
21
-1312
-848
624
1120
164
-880
-688
312
752
188
-456
-392
94
280
82
-70
-5
-7
-172
-140
228
440
9
-592
-472
408
880
148
-944
-848
472
1312
392
-1120
-1248
392
1632
720
-1248
-1632
212
1888
1056
-1184
-1952
-49
1952
1376
-1056
-2112
-344
1888
1632
-816
-2112
-624
1696
1760
-496
-1984
-880
1440
1824
-212
-1888
-992
1056
1696
47
-1504
-992
752
1440
228
-1120
-912
424
1056
280
-720
-656
172
624
228
-312
-312
27
164
41
9
106
5
-264
-248
236
560
110
-656
-624
344
992
328
-944
-992
312
1376
624
-1056
-1440
164
1696
976
-1056
-1824
-66
1824
1312
-992
-1984
-360
1824
1632
-784
-2112
-656
1696
1824
-496
-2112
-944
1504
1888
-204
-1984
-1120
1184
1824
74
-1696
-1184
848
1632
280
-1312
-1120
496
1312
392
-944
-944
236
944
376
-528
-624
57
496
236
-196
-228
-5
47
-27
62
228
57
-360
-376
212
688
244
-688
-784
236
1056
496
-880
-1184
124
1440
880
-976
-1632
-82
1632
1184
-912
-1888
-360
1760
1568
-720
-2112
-656
1696
1824
-488
-2112
-976
1504
1952
-188
-1984
-1184
1248
1984
102
-1888
-1312
912
1888
344
-1504
-1312
560
1632
488
-1120
-1184
280
1248
528
-752
-944
74
816
424
-392
-560
-25
360
204
-98
-118
-3
-59
-124
86
344
140
-408
-528
148
784
392
-656
-976
86
1120
720
-784
-1376
-86
1440
1056
-784
-1760
-344
1568
1440
-656
-1984
-656
1568
1760
-440
-2112
-976
1504
1984
-156
-1984
-1248
1248
1984
132
-1952
-1376
976
1984
392
-1696
-1440
624
1824
560
-1312
-1376
328
1504
656
-944
-1184
86
1120
624
-560
-880
-55
656
440
-248
-456
-74
244
140
-31
1
31
-140
-244
74
456
248
-440
-656
55
880
560
-624
-1120
-86
1184
944
-656
-1504
-328
1376
1312
-560
-1824
-624
1440
1696
-392
-1984
-976
1376
1952
-132
-1984
-1248
1248
1984
156
-1984
-1504
976
2112
440
-1760
-1568
656
1984
656
-1440
-1568
344
1760
784
-1056
-1440
86
1376
784
-720
-1120
-86
976
656
-392
-784
-148
528
408
-140
-344
-86
124
59
3
118
98
-204
-360
25
560
392
-424
-816
-74
944
752
-528
-1248
-280
1184
1120
-488
-1632
-560
1312
1504
-344
-1888
-912
1312
1888
-102
-1984
-1248
1184
1984
188
-1952
-1504
976
2112
488
