1651 2 0 0 0
1
1984
1312
-976
-1760
-280
1184
880
-280
-560
-86
-45
-328
114
944
624
-944
-1568
-13
1888
1376
-1056
-2112
-392
1760
1440
-560
-1504
-456
784
656
-70
-132
90
-312
-752
-15
1248
992
-848
-1888
-392
1824
1696
-688
-2112
-720
1376
1440
-220
-1184
-488
392
312
1
264
392
-424
-1120
-280
1376
1440
-624
-1984
-784
1632
1888
-296
-1888
-944
976
1248
33
-752
-344
98
-102
-86
592
784
-392
-1504
-656
1376
1824
-280
-2112
-1120
1312
1952
74
-1568
-992
592
992
148
-344
-74
-66
-528
-312
816
1184
-204
-1760
-1056
1248
1984
102
-1984
-1376
912
1824
360
-1184
-944
264
592
114
17
296
-78
-912
-656
880
1632
102
-1824
-1440
976
2112
488
-1696
-1568
496
1568
528
-784
-688
55
164
-78
264
720
62
-1184
-1056
784
1888
488
-1760
-1760
592
2112
816
-1312
-1504
156
1184
528
-392
-344
-1
-244
-392
376
1120
344
-1312
-1440
528
1984
880
-1568
-1952
204
1888
992
-944
-1312
-86
784
392
-106
66
94
-560
-784
328
1504
720
-1312
-1824
188
1984
1248
-1184
-1952
-164
1568
1056
-528
-992
-196
360
106
47
496
344
-752
-1184
124
1696
1120
-1120
-1984
-204
1952
1504
-816
-1824
-440
1184
992
-228
-624
-140
5
-280
45
880
688
-816
-1632
-188
1824
1504
-880
-2112
-592
1696
1632
-424
-1568
-592
752
752
-33
-196
62
-236
-688
-110
1120
1056
-688
-1888
-560
1696
1824
-496
-2112
-912
1312
1568
-86
-1184
-592
392
392
7
204
392
-328
-1120
-392
1248
1504
-440
-1984
-976
1440
1984
-106
-1888
-1056
880
1376
140
-784
-440
110
-33
-102
496
784
-264
-1440
-784
1248
1888
-90
-1984
-1312
1120
1984
248
-1568
-1120
496
1056
236
-376
-132
-31
-456
-360
688
1184
-55
-1696
-1184
1056
1984
296
-1888
-1568
752
1888
528
-1120
-992
196
656
164
-27
248
-15
-816
-720
720
1568
264
-1760
-1568
784
2112
688
-1632
-1696
344
1568
656
-752
-784
9
228
-47
204
688
148
-1056
-1120
592
1888
656
-1632
-1888
408
1984
992
-1248
-1632
17
1184
656
-376
-424
-17
-172
-376
280
1056
456
-1184
-1504
344
1984
1056
-1376
-1984
7
1888
1184
-848
-1440
-204
784
472
-106
1
106
-472
-784
204
1440
848
-1184
-1888
-7
1984
1376
-1056
-1984
-344
1504
1184
-456
-1056
-280
376
172
17
424
376
-656
-1184
-17
1632
1248
-992
-1984
-408
1888
1632
-656
-1888
-592
1120
1056
-148
-688
-204
47
-228
-9
784
752
-656
-1568
-344
1696
1632
-688
-2112
-784
1568
1760
-264
-1568
-720
720
816
15
-248
27
-164
-656
-196
992
1120
-528
-1888
-752
1568
1888
-296
-1984
-1056
1184
1696
55
-1184
-688
360
456
31
132
376
-236
-1056
-496
1120
1568
-248
-1984
-1120
1312
1984
90
-1888
-1248
784
1440
264
-784
-496
102
33
-110
440
784
1
1984
1312
-992
-1824
-228
1312
912
-392
-688
-114
102
-140
124
752
408
-944
-1312
228
1824
992
-1312
-1984
-7
1984
1312
-992
-1824
-236
1248
880
-376
-656
-106
66
-172
132
784
424
-944
-1376
220
1888
1056
-1312
-1984
-15
1984
1312
-992
-1760
-236
1248
848
-344
-624
-94
33
-212
140
816
456
-976
-1376
220
1888
1056
-1312
-1984
-25
1984
1312
-976
-1760
-236
1184
848
-328
-592
-82
1
-244
148
880
472
-992
-1440
212
1888
1056
-1312
-1984
-33
1984
1312
-976
-1696
-236
1184
816
-312
-528
-70
-33
-280
156
912
488
-992
-1440
212
1888
1056
-1312
-1984
-43
1984
1312
-944
-1696
-244
1120
784
-296
-496
-61
-66
-312
164
944
496
-992
-1504
204
1952
1120
-1312
-1984
-51
1952
1312
-944
-1696
-244
1120
752
-280
-472
-49
-102
-344
172
976
496
-1056
-1504
204
1952
1120
-1312
-1984
-59
1952
1312
-912
-1632
-244
1056
720
-264
-424
-37
-132
-392
180
992
528
-1056
-1504
196
1952
1120
-1312
-1984
-66
1952
1248
-912
-1632
-244
1056
720
-244
-376
-25
-172
-424
188
1056
560
-1056
-1568
196
1952
1120
-1312
-1984
-74
1952
1248
-880
-1568
-244
992
688
-228
-344
-11
-204
-456
196
1056
560
-1056
-1568
188
1984
1120
-1312
-1984
-82
1888
1248
-880
-1568
-244
976
656
-212
-296
1
-236
-496
196
1120
592
-1120
-1632
180
1984
1184
-1248
-1984
-90
1888
1248
-848
-1568
-244
944
624
-196
-248
11
-264
-528
204
1120
624
-1120
-1632
172
1984
1184
-1248
-1984
-98
1888
1248
-816
-1504
-244
912
592
-180
-212
25
-296
-560
212
1184
624
-1120
-1632
172
1984
1184
-1248
-1984
-106
1888
1248
-816
-1504
-244
880
560
-164
-172
41
-328
-592
212
1184
656
-1120
-1696
164
1984
1184
-1248
-1984
-114
1824
1248
-784
-1440
-236
848
528
-140
-124
55
-360
-624
220
1248
656
-1184
-1696
156
1984
1184
-1248
-1984
-122
1824
1248
-784
-1440
-236
816
496
-124
-86
70
-392
-656
220
1312
688
-1184
-1760
148
1984
1248
-1248
-1984
-124
1824
1184
-752
-1376
-236
784
488
-114
-43
82
-424
-688
228
1312
720
-1184
-1760
140
1984
1248
-1248
-1984
-132
1760
1184
-720
-1376
-228
752
456
-98
1
98
-456
-752
228
1376
720
-1184
-1760
132
1984
1248
-1248
-1984
-140
1760
1184
-720
-1312
-228
688
424
-82
43
114
-488
-784
236
1376
752
-1184
-1824
124
1984
1248
-1248
-1984
-148
1760
1184
-688
-1312
-220
656
392
-70
86
124
-496
-816
236
1440
784
-1248
-1824
122
1984
1248
-1184
-1984
-156
1696
1184
-656
-1248
-220
624
360
-55
124
140
-528
-848
236
1440
784
-1248
-1824
114
1984
1248
-1184
-1984
-164
1696
1120
-656
-1184
-212
592
328
-41
172
164
-560
-880
244
1504
816
-1248
-1888
106
1984
1248
-1184
-1984
-172
1632
1120
-624
-1184
-212
