1651 2 0 0 0
1
2112
656
-1760
-1056
1120
1120
-488
-816
66
248
-11
344
328
-752
-944
784
1568
-456
-1984
-164
2112
848
-1824
-1312
1184
1504
-528
-1248
45
752
122
-122
102
-344
-624
496
1248
-248
-1760
-296
1952
976
-1760
-1568
1184
1824
-496
-1632
-51
1184
328
-528
-204
9
-248
244
880
-102
-1440
-376
1696
1056
-1568
-1632
1056
1984
-424
-1952
-204
1504
560
-912
-560
312
188
33
408
-3
-992
-392
1312
992
-1312
-1632
912
1984
-280
-2112
-392
1760
848
-1184
-944
528
656
-102
-94
13
-496
-312
944
912
-992
-1568
720
1984
-110
-2112
-560
1888
1056
-1312
-1312
656
1056
-148
-592
-43
-23
-148
496
656
-688
-1312
488
1824
55
-1984
-720
1888
1312
-1376
-1632
720
1504
-124
-1056
-172
440
86
110
344
-392
-976
280
1568
180
-1824
-848
1760
1440
-1312
-1888
656
1824
-25
-1440
-376
848
392
-248
-41
-118
-528
118
1120
248
-1504
-880
1568
1504
-1184
-1984
528
1984
122
-1760
-592
1184
720
-528
-472
90
-66
21
688
248
-1120
-816
1248
1504
-976
-1984
392
2112
296
-1952
-848
1376
1056
-752
-912
220
440
1
180
164
-688
-656
912
1312
-720
-1888
212
2112
472
-1984
-1056
1504
1376
-880
-1312
264
912
61
-312
-1
-248
-408
560
992
-488
-1632
43
1952
592
-1952
-1248
1504
1696
-880
-1696
228
1376
196
-752
-244
156
-78
236
656
-264
-1248
-82
1696
688
-1760
-1376
1376
1824
-816
-1952
124
1696
376
-1120
-528
496
312
-41
212
-102
-848
-148
1312
688
-1440
-1376
1184
1888
-656
-2112
-23
1952
592
-1440
-848
784
720
-244
-264
-1
-344
-132
880
624
-1120
-1248
976
1888
-488
-2112
-196
1984
816
-1632
-1184
976
1120
-360
-752
13
156
-43
424
440
-752
-1056
720
1696
-296
-1984
-360
1984
992
-1696
-1440
1056
1504
-392
-1184
-45
656
124
-35
172
-376
-752
440
1376
-122
-1824
-488
1952
1120
-1632
-1696
992
1824
-344
-1632
-172
1056
360
-456
-164
-45
-344
220
976
3
-1440
-528
1696
1184
-1440
-1760
912
1984
-244
-1888
-344
1440
624
-784
-528
228
110
45
496
66
-1056
-528
1312
1184
-1184
-1760
752
2112
-82
-1984
-560
1696
944
-992
-944
424
592
-51
1
51
-592
-424
944
992
-944
-1696
560
1984
82
-2112
-752
1760
1184
-1184
-1312
528
1056
-66
-496
-45
-110
-228
528
784
-624
-1440
344
1888
244
-1984
-912
1760
1440
-1184
-1696
528
1440
-3
-976
-220
344
45
164
456
-360
-1056
172
1632
344
-1824
-992
1696
1632
-1120
-1952
488
1824
122
-1376
-440
752
376
-172
35
-124
-656
45
1184
392
-1504
-1056
1440
1696
-992
-1984
360
1984
296
-1696
-720
1056
752
-440
-424
43
-156
-13
752
360
-1120
-976
1184
1632
-816
-1984
196
2112
488
-1888
-976
1248
1120
-624
-880
132
344
1
264
244
-720
1
2112
624
-1760
-1056
1184
1120
-592
-944
132
424
13
164
188
-624
-688
816
1248
-624
-1824
156
1984
488
-1984
-1056
1632
1440
-992
-1504
392
1184
33
-656
-124
74
-124
344
624
-472
-1248
244
1760
280
-1952
-944
1760
1504
-1312
-1824
656
1760
-70
-1376
-296
816
344
-248
-31
-132
-496
196
1056
94
-1504
-624
1632
1248
-1440
-1824
912
1984
-248
-1952
-328
1504
656
-912
-624
344
264
1
296
-3
-848
-328
1248
912
-1248
-1504
992
1984
-424
-2112
-228
1952
752
-1504
-992
880
944
-312
-528
21
-43
-74
592
456
-912
-992
912
1632
-528
-1984
-59
2112
688
-1888
-1184
1312
1376
-688
-1248
172
784
70
-204
35
-312
-456
560
1056
-496
-1632
94
1952
496
-1952
-1120
1632
1568
-992
-1696
408
1504
78
-992
-264
408
106
86
344
-296
-944
156
1440
296
-1760
-912
1696
1504
-1248
-1888
656
1952
-27
-1632
-424
1120
528
-496
-328
62
-156
94
752
98
-1248
-592
1440
1184
-1312
-1760
848
2112
-204
-1984
-408
1696
816
-1120
-880
528
592
-106
-82
1
-496
-248
944
784
-1056
-1376
880
1952
-360
-2112
-280
1984
880
-1632
-1184
992
1184
-424
-880
35
328
9
236
280
-624
-816
720
1440
-440
-1888
-114
1984
752
-1888
-1312
1376
1568
-752
-1504
188
1120
140
-560
-132
1
-212
344
752
-360
-1312
37
1760
528
-1888
-1184
1568
1696
-1056
-1888
408
1760
140
-1312
-424
688
344
-164
35
-132
-592
90
1120
280
-1504
-880
1504
1504
-1184
-1952
624
1984
23
-1888
-528
1376
752
-752
-624
236
204
13
376
82
-912
-496
1184
1120
-1120
-1696
752
1984
-140
-2112
-496
1888
976
-1312
-1120
688
944
-188
-456
-7
-124
-140
624
592
-848
-1184
720
1760
-280
-1984
-344
1984
976
-1696
-1376
1120
1440
-488
-1184
29
688
114
-118
94
-344
-560
496
1184
-328
-1696
-156
1952
784
-1824
-1376
1376
1760
-784
-1760
180
1440
236
-880
-312
296
61
122
456
-236
-992
-3
1504
528
-1696
-1120
1504
1696
-992
-1984
392
1952
212
-1568
-560
976
592
-392
-280
13
-248
41
816
248
-1248
-784
1312
1440
-1056
-1952
560
2112
82
-1984
-656
1568
976
-944
-944
376
560
-45
1
45
-560
-376
944
944
-976
-1568
656
1984
-82
-2112
-560
1952
1056
-1440
-1312
784
1248
-248
-816
-41
248
-13
280
392
-592
-976
560
1568
-212
-1952
-392
1984
992
-1696
-1504
1120
1696
-528
-1504
3
992
236
-456
-122
-61
-296
312
880
-236
-1440
-180
1760
784
-1760
-1376
1376
1824
-784
-1952
156
1696
328
-1184
-496
560
344
-94
118
-114
-688
-29
1184
488
-1440
-1120
1376
1696
-976
-1984
344
1984
280
-1760
-720
1184
848
-592
-624
140
124
7
456
188
-944
-688
1120
1312
-976
-1888
496
2112
140
-1984
-752
1696
1120
-1120
-1184
496
912
