1651 2 0 0 0
1
1984
944
-1184
-1056
228
280
-49
656
784
-880
-1824
164
2112
880
-1504
-1312
472
848
47
156
408
-720
-1440
280
1984
752
-1760
-1504
752
1312
53
-392
59
-424
-976
344
1824
560
-1888
-1504
992
1696
-27
-944
-220
-37
-472
312
1440
344
-1824
-1376
1184
1888
-172
-1376
-408
408
5
196
976
164
-1632
-1184
1376
1952
-360
-1824
-488
880
440
-29
440
35
-1312
-912
1376
1888
-528
-1984
-472
1312
752
-328
-122
-13
-880
-592
1248
1632
-688
-2112
-360
1696
992
-688
-624
21
-328
-312
992
1312
-784
-1984
-212
1952
1056
-992
-1056
140
244
-82
656
912
-752
-1888
-41
1984
1056
-1376
-1440
344
816
70
188
488
-624
-1504
110
1984
944
-1632
-1632
560
1312
132
-328
94
-392
-992
212
1824
752
-1760
-1632
816
1696
106
-880
-236
-62
-528
236
1504
528
-1760
-1568
992
1952
1
-1376
-472
344
-27
156
992
312
-1568
-1312
1184
1984
-156
-1760
-592
784
440
-7
488
132
-1312
-1056
1248
1952
-328
-1984
-624
1184
816
-248
-82
23
-880
-720
1120
1760
-496
-2112
-560
1568
1056
-560
-624
1
-360
-408
976
1440
-592
-2112
-424
1888
1184
-912
-1056
70
204
-124
624
992
-624
-1952
-248
1984
1248
-1184
-1440
212
752
86
212
560
-528
-1568
-74
1984
1120
-1440
-1696
424
1248
204
-280
132
-360
-1120
61
1824
944
-1632
-1760
624
1696
236
-784
-244
-78
-592
132
1504
688
-1632
-1696
848
1952
172
-1248
-528
280
-66
114
1056
456
-1504
-1504
992
1984
39
-1696
-720
688
424
3
528
236
-1248
-1184
1056
1984
-124
-1984
-784
1120
848
-188
-43
74
-880
-880
1056
1888
-296
-2112
-752
1504
1120
-456
-592
-7
-392
-496
912
1504
-424
-2112
-624
1760
1312
-752
-1056
1
156
-172
592
1120
-488
-1952
-456
1952
1376
-1056
-1504
94
720
90
228
624
-456
-1632
-264
1952
1312
-1312
-1760
248
1248
264
-228
180
-328
-1184
-94
1824
1120
-1440
-1888
456
1696
344
-720
-244
-90
-656
21
1504
880
-1504
-1824
656
1952
328
-1184
-560
228
-114
61
1056
592
-1440
-1632
816
2112
236
-1632
-816
592
408
9
560
344
-1184
-1312
944
2112
82
-1952
-944
992
880
-124
1
124
-880
-992
944
1952
-82
-2112
-944
1312
1184
-344
-560
-9
-408
-592
816
1632
-236
-2112
-816
1632
1440
-592
-1056
-61
114
-228
560
1184
-328
-1952
-656
1824
1504
-880
-1504
-21
656
90
244
720
-344
-1696
-456
1888
1440
-1120
-1824
94
1184
328
-180
228
-264
-1248
-248
1760
1312
-1312
-1952
264
1632
456
-624
-228
-90
-720
-94
1504
1056
-1376
-1952
456
1952
488
-1120
-592
172
-156
1
1056
752
-1312
-1760
624
2112
424
-1504
-912
496
392
7
592
456
-1120
-1504
752
2112
296
-1888
-1056
880
880
-74
43
188
-848
-1120
784
1984
124
1
1984
912
-1184
-1056
280
392
-17
560
656
-912
-1632
344
2112
688
-1696
-1312
720
1056
-5
-164
148
-592
-992
528
1888
312
-1984
-1248
1248
1568
-248
-912
-132
-43
-392
496
1376
-41
-1952
-976
1632
1696
-656
-1568
-156
656
132
172
688
-236
-1568
-528
1760
1568
-1056
-1952
61
1376
440
-376
-5
-172
-944
-172
1632
1120
-1376
-1952
424
1888
456
-1056
-528
148
-204
33
1120
656
-1440
-1696
816
2112
228
-1632
-816
656
496
-13
424
244
-1120
-1184
992
1984
-124
-1984
-816
1248
992
-312
-344
13
-592
-624
992
1632
-472
-2112
-560
1760
1248
-784
-992
43
124
-148
656
992
-656
-1888
-188
1984
1120
-1312
-1440
312
880
102
82
392
-560
-1376
148
1984
848
-1696
-1632
752
1504
86
-624
-102
-212
-688
312
1632
456
-1824
-1440
1184
1888
-156
-1312
-360
376
-25
220
976
94
-1696
-1056
1440
1888
-528
-1888
-344
1056
488
-140
244
-78
-1184
-592
1504
1632
-912
-2112
-110
1696
720
-688
-456
5
-472
-204
1184
1120
-1120
-1984
248
1984
688
-1312
-944
344
296
-7
656
560
-1056
-1568
592
2112
440
-1824
-1120
848
976
-74
-82
148
-720
-992
752
1888
66
-1984
-1056
1376
1376
-376
-848
-70
-122
-392
624
1376
-248
-1984
-752
1760
1504
-816
-1440
-21
592
70
248
688
-392
-1632
-344
1952
1376
-1248
-1824
248
1312
296
-344
57
-264
-992
-9
1696
976
-1568
-1824
656
1824
248
-1056
-424
124
-264
124
1184
496
-1568
-1504
992
1984
-5
-1696
-656
688
408
3
496
148
-1248
-1056
1248
1952
-376
-1984
-592
1312
880
-360
-248
-1
-688
-528
1120
1568
-688
-2112
-312
1888
1056
-912
-912
102
43
-132
784
976
-848
-1888
59
2112
944
-1440
-1312
440
784
43
164
392
-720
-1376
360
1984
624
-1824
-1440
912
1376
-41
-560
-45
-296
-720
472
1632
236
-1952
-1248
1376
1760
-344
-1312
-244
328
-82
312
992
-74
-1760
-880
1632
1760
-752
-1824
-164
992
376
-106
296
-180
-1248
-440
1696
1440
-1120
-1984
122
1696
560
-720
-344
-21
-528
-98
1312
992
-1312
-1888
496
1984
472
-1376
-784
376
212
19
752
496
-1248
-1504
816
2112
180
-1888
-944
944
848
-122
1
122
-848
-944
944
1888
-180
-2112
-816
1504
1248
-496
-752
-19
-212
-376
784
1376
-472
-1984
-496
1888
1312
-992
-1312
98
528
21
344
720
-560
-1696
-122
1984
1120
-1440
-1696
440
1248
180
-296
106
-376
-992
164
1824
752
-1760
-1632
880
1760
74
-992
-312
82
-328
244
1312
344
-1760
-1376
1248
1952
-236
-1632
-472
720
296
45
560
41
-1376
-912
1440
1824
-624
-1984
-360
1376
720
-392
-164
-43
-784
-440
1312
1440
-944
-2112
-59
1888
848
-976
-784
132
-43
-102
912
912
-1056
-1888
312
2112
688
-1568
-1120
528
688
1
248
360
-880
