1651 2 0 0 0
1
1984
992
-1376
-1568
472
1376
244
-752
-376
140
-57
29
656
408
-976
-1184
624
1888
264
-1952
-1312
1312
1952
-312
-1888
-592
1248
992
-456
-720
-25
124
-94
328
688
-248
-1312
-424
1504
1376
-992
-1984
43
2112
992
-1440
-1568
496
1440
236
-848
-408
188
15
27
592
360
-912
-1120
624
1824
236
-1952
-1248
1376
1952
-360
-1952
-592
1312
992
-496
-816
-19
204
-53
280
624
-248
-1248
-376
1504
1312
-1056
-1984
86
2112
976
-1504
-1568
560
1504
220
-912
-456
244
86
25
528
312
-880
-1056
624
1760
188
-1952
-1184
1376
1952
-408
-1984
-560
1376
992
-528
-880
-11
280
-11
244
560
-248
-1184
-344
1440
1248
-1056
-1984
124
2112
944
-1568
-1568
592
1568
204
-976
-488
280
156
19
456
264
-848
-992
624
1696
148
-1952
-1184
1440
1952
-456
-1984
-528
1440
1056
-592
-944
1
344
23
188
488
-248
-1120
-296
1440
1184
-1056
-1952
164
2112
912
-1632
-1568
656
1632
188
-992
-496
344
228
9
376
236
-816
-944
656
1696
110
-1952
-1120
1440
1888
-496
-1984
-496
1504
1056
-656
-992
13
424
61
132
424
-244
-1056
-248
1376
1120
-1056
-1952
212
2112
880
-1632
-1568
688
1632
172
-1120
-528
392
280
1
296
204
-752
-880
656
1632
70
-1888
-1056
1504
1888
-528
-1984
-488
1568
1056
-688
-1056
31
496
90
82
344
-236
-992
-228
1376
1056
-1120
-1888
248
2112
816
-1696
-1568
752
1696
148
-1184
-560
456
360
-15
228
164
-688
-816
656
1568
35
-1888
-992
1504
1888
-560
-1984
-456
1632
1120
-752
-1056
51
560
122
25
280
-228
-944
-188
1312
992
-1120
-1888
280
2112
784
-1696
-1568
816
1760
122
-1248
-592
496
424
-33
148
132
-656
-752
624
1504
1
-1888
-992
1504
1824
-624
-2112
-424
1632
1120
-816
-1120
74
656
148
-33
220
-212
-880
-156
1312
976
-1120
-1824
328
2112
752
-1760
-1568
848
1760
94
-1312
-592
560
488
-55
74
106
-592
-688
624
1440
-33
-1824
-944
1568
1824
-656
-2112
-392
1696
1120
-880
-1184
98
720
172
-94
156
-196
-784
-124
1248
944
-1120
-1760
360
2112
720
-1824
-1568
912
1824
62
-1376
-624
624
528
-78
1
78
-528
-624
624
1376
-62
-1824
-912
1568
1824
-720
-2112
-360
1760
1120
-944
-1248
124
784
196
-156
94
-172
-720
-98
1184
880
-1120
-1696
392
2112
656
-1824
-1568
944
1824
33
-1440
-624
688
592
-106
-74
55
-488
-560
592
1312
-94
-1760
-848
1568
1760
-752
-2112
-328
1824
1120
-976
-1312
156
880
212
-220
33
-148
-656
-74
1120
816
-1120
-1632
424
2112
624
-1824
-1504
992
1888
1
-1504
-624
752
656
-132
-148
33
-424
-496
592
1248
-122
-1760
-816
1568
1696
-784
-2112
-280
1888
1120
-992
-1312
188
944
228
-280
-25
-122
-560
-51
1
1984
992
-1440
-1568
528
1440
196
-912
-440
248
118
29
472
236
-848
-944
720
1632
-21
-1952
-976
1632
1824
-720
-1984
-280
1696
992
-912
-1056
172
656
118
-70
148
-248
-752
23
1248
688
-1312
-1568
688
2112
296
-1984
-1248
1312
1760
-344
-1632
-408
992
624
-312
-328
-1
-248
-244
624
912
-488
-1568
-220
1760
1184
-1376
-1952
456
2112
560
-1632
-1248
816
1312
-53
-848
-248
228
1
110
560
98
-1056
-784
992
1568
-424
-1984
-560
1888
1504
-1120
-1952
114
1696
656
-992
-880
312
528
25
39
188
-424
-816
264
1376
424
-1568
-1312
1056
1984
-148
-2112
-880
1568
1504
-688
-1504
-118
992
440
-344
-188
-19
-376
-164
816
816
-784
-1568
148
1952
816
-1696
-1696
880
1984
156
-1760
-912
992
1120
-248
-752
-110
148
-86
236
656
-90
-1184
-560
1312
1440
-816
-1984
-140
1984
1120
-1440
-1760
488
1696
328
-1056
-656
408
392
-11
164
172
-592
-784
528
1440
94
-1760
-992
1440
1888
-592
-2112
-440
1760
1184
-944
-1312
140
944
244
-312
-62
-94
-496
-33
992
656
-1056
-1504
528
1984
424
-1952
-1376
1248
1952
-248
-1824
-560
1120
880
-408
-592
-9
41
-124
392
688
-328
-1312
-296
1568
1184
-1184
-1952
296
2112
720
-1696
-1440
816
1568
27
-1056
-424
424
248
1
296
106
-784
-688
816
1440
-264
-1952
-688
1760
1632
-992
-1984
-15
1888
848
-1120
-1120
344
816
90
-236
25
-204
-560
148
1120
456
-1376
-1312
944
1984
-7
-2112
-992
1568
1696
-624
-1696
-244
1184
624
-488
-456
37
-86
-118
560
688
-592
-1376
25
1760
912
-1568
-1760
752
2112
296
-1888
-1120
1056
1376
-244
-992
-228
392
122
62
408
-17
-976
-560
1120
1376
-656
-1984
-280
1984
1248
-1376
-1888
392
1824
488
-1248
-880
496
688
-15
-124
74
-344
-592
376
1248
180
-1568
-1056
1312
1888
-456
-2112
-592
1824
1376
-944
-1568
70
1184
408
-496
-296
31
-212
-55
752
592
-848
-1376
376
1888
528
-1824
-1504
1120
1984
-124
-1952
-752
1248
1120
-456
-912
-61
312
23
172
488
-196
-1056
-344
1376
1184
-992
-1952
156
2112
880
-1696
-1632
752
1760
132
-1312
-624
592
496
-70
1
70
-496
-592
624
1312
-132
-1760
-752
1632
1696
-880
-2112
-156
1952
992
-1184
-1376
344
1056
196
-488
-172
-23
-312
61
912
456
-1120
-1248
752
1952
124
-1984
-1120
1504
1824
-528
-1888
-376
1376
848
-592
-752
55
212
-31
296
496
-408
-1184
-70
1568
944
-1376
-1824
592
2112
456
-1888
-1312
1056
1568
-180
-1248
-376
592
344
-74
124
15
-688
-496
880
1248
-488
-1824
-392
1888
1376
-1248
-1984
280
1984
656
-1376
-1120
560
976
17
-408
-62
-122
-392
228
992
244
-1376
-1056
1120
1888
-296
-2112
-752
1760
1568
-912
-1760
-25
1376
592
-688
