1651 2 0 0 0
1
2112
848
-1696
-1504
976
1696
-188
-1504
-408
1056
656
-496
-560
94
212
1
196
244
-440
-688
344
1184
102
-1440
-784
1376
1504
-880
-1984
82
2112
784
-1824
-1504
1120
1888
-280
-1824
-440
1376
880
-752
-912
220
624
62
-196
1
-148
-344
236
816
35
-1120
-592
1184
1248
-848
-1824
156
1984
688
-1824
-1504
1248
1952
-392
-1984
-424
1632
992
-992
-1184
360
992
90
-592
-212
156
1
86
408
-1
-816
-408
976
992
-784
-1568
212
1888
592
-1824
-1376
1312
1952
-496
-2112
-376
1888
1056
-1248
-1440
496
1376
86
-976
-392
488
328
-94
1
-7
-424
-228
688
720
-656
-1248
244
1696
456
-1696
-1248
1312
1888
-560
-2112
-312
1984
1056
-1440
-1568
656
1632
47
-1312
-496
816
624
-296
-408
17
1
-70
360
424
-472
-944
236
1376
328
-1504
-1056
1248
1760
-624
-2112
-228
1984
1056
-1568
-1696
816
1888
-13
-1632
-592
1120
880
-496
-784
74
424
61
1
132
-248
-560
196
992
220
-1248
-848
1120
1504
-656
-1984
-132
1984
992
-1696
-1696
944
1984
-94
-1888
-656
1376
1056
-752
-1120
164
816
156
-376
-132
1
-188
114
624
118
-976
-624
992
1248
-624
-1760
-53
1952
880
-1696
-1632
992
1984
-180
-1984
-656
1632
1184
-976
-1376
264
1184
220
-752
-376
280
180
1
212
43
-592
-408
752
976
-560
-1504
19
1760
752
-1632
-1504
1056
1984
-264
-2112
-592
1824
1312
-1120
-1632
392
1504
244
-1120
-560
560
528
-140
-212
1
-204
-196
488
656
-456
-1120
70
1504
592
-1504
-1312
1056
1952
-344
-2112
-528
1952
1312
-1312
-1760
528
1824
228
-1440
-720
880
848
-312
-624
-7
204
1
172
312
-296
-784
90
1184
440
-1312
-1120
1056
1760
-408
-1984
-456
1952
1248
-1440
-1824
656
1984
188
-1696
-816
1120
1056
-496
-992
11
624
164
-172
1
-110
-392
82
816
280
-1056
-880
944
1504
-440
-1952
-344
1952
1184
-1504
-1824
752
2112
122
-1952
-880
1376
1312
-688
-1312
66
992
296
-528
-296
118
1
35
424
156
-752
-624
784
1184
-424
-1696
-244
1824
992
-1504
-1760
848
2112
43
-1984
-880
1568
1440
-880
-1568
140
1376
376
-880
-560
360
392
-43
1
43
-392
-360
560
880
-376
-1376
-140
1568
880
-1440
-1568
880
1984
-43
-2112
-848
1760
1504
-992
-1824
244
1696
424
-1184
-784
624
752
-156
-424
-35
1
-118
296
528
-296
-992
-66
1312
688
-1312
-1376
880
1952
-122
-2112
-752
1824
1504
-1184
-1952
344
1952
440
-1504
-944
880
1056
-280
-816
-82
392
110
1
172
-164
-624
-11
992
496
-1056
-1120
816
1696
-188
-1984
-656
1824
1440
-1248
-1952
456
1984
408
-1760
-1056
1120
1312
-440
-1184
-90
784
296
-312
-172
1
-204
7
624
312
-848
-880
720
1440
-228
-1824
-528
1760
1312
-1312
-1952
1
2112
816
-1696
-1440
1056
1760
-296
-1632
-344
1184
688
-688
-720
220
456
15
-74
53
-248
-376
328
848
-110
-1184
-392
1312
1056
-1056
-1696
528
1984
264
-1984
-1056
1632
1696
-912
-1984
86
1888
624
-1440
-1056
848
1184
-244
-976
-148
560
236
-156
-27
-61
-344
-9
720
376
-880
-912
720
1440
-248
-1824
-472
1824
1248
-1376
-1888
656
2112
172
-1984
-976
1568
1440
-848
-1632
132
1440
392
-976
-592
472
496
-94
-188
-1
-188
-204
440
624
-392
-1056
29
1440
560
-1440
-1248
1056
1888
-392
-2112
-440
1984
1248
-1504
-1760
720
1952
74
-1760
-720
1248
992
-624
-992
118
720
140
-296
-90
-33
-220
124
624
82
-944
-560
992
1120
-720
-1696
122
1952
656
-1824
-1440
1248
1952
-496
-2112
-344
1888
1056
-1312
-1440
624
1440
-3
-1184
-392
720
488
-264
-264
17
-94
-62
440
392
-560
-880
408
1312
86
-1568
-784
1440
1504
-992
-1984
236
2112
624
-1888
-1376
1312
1824
-528
-1824
-212
1504
720
-992
-944
440
784
-29
-440
-86
51
-94
188
488
-148
-880
-196
1120
752
-1056
-1376
656
1888
29
-1984
-848
1760
1568
-1120
-1984
328
1984
488
-1760
-1056
1120
1376
-456
-1248
-86
912
360
-472
-312
98
15
15
376
172
-656
-592
656
1120
-360
-1568
-236
1696
976
-1440
-1696
880
1984
-59
-2112
-784
1760
1440
-1120
-1760
344
1696
312
-1312
-720
752
784
-264
-528
-11
164
-9
180
296
-296
-752
124
1120
344
-1312
-976
1120
1632
-560
-1984
-204
1984
992
-1632
-1696
976
1984
-140
-1952
-592
1504
1056
-912
-1248
280
1056
140
-656
-264
236
106
27
248
-1
-624
-312
848
848
-720
-1376
280
1760
408
-1760
-1184
1376
1824
-720
-2112
-118
1984
912
-1632
-1440
912
1696
-188
-1504
-376
1056
656
-528
-592
132
280
7
106
148
-376
-528
376
992
-61
-1312
-496
1376
1184
-1056
-1824
440
2112
376
-1984
-1184
1504
1760
-784
-1984
-21
1824
688
-1312
-1056
688
1056
-148
-816
-148
392
140
-27
132
-110
-528
-55
880
496
-976
-1056
720
1632
-164
-1888
-592
1824
1376
-1312
-1952
560
2112
280
-1952
-992
1376
1440
-720
-1504
45
1248
408
-784
-528
328
360
-39
1
39
-360
-328
528
784
-408
-1248
-45
1504
720
-1440
-1376
992
1952
-280
-2112
-560
1952
1312
-1376
-1824
592
1888
164
-1632
-720
1056
976
-496
-880
55
528
110
-132
27
-140
-392
148
816
148
-1056
-688
1056
1312
-688
-1824
21
1984
784
-1760
-1504
1184
1984
-376
-2112
-440
1824
1056
-1184
-1376
496
1312
61
-992
-376
528
376
-148
-106
-7
-280
-132
592
528
-656
-1056
376
1504
188
-1696
-912
1440
1632
-912
-1984
118
2112
720
-1824
-1376
1184
1760
-408
-1760
-280
1376
720
-848
-848
312
624
1
-248
-27
-106
-236
264
656
-140
-1056
-280
