1651 2 0 0 0
1
1984
1504
-784
-1984
-752
1248
1568
47
-1248
-880
344
816
264
-280
-204
1
-188
-312
196
816
472
-784
-1312
-140
1440
1376
-528
-1984
-992
1312
1984
264
-1888
-1696
496
1984
976
-1056
-1632
-244
1120
976
-228
-816
-344
244
204
1
172
344
-122
-816
-560
656
1312
328
-1376
-1504
296
1952
1184
-1056
-2112
-528
1696
1824
-264
-1952
-1184
880
1696
424
-1056
-1056
98
784
408
-196
-212
1
-156
-376
41
784
688
-496
-1376
-496
1248
1632
-66
-1888
-1440
848
2112
784
-1568
-1952
7
1888
1376
-656
-1696
-592
944
1120
27
-752
-456
140
212
1
140
392
35
-752
-752
376
1376
688
-1056
-1696
-172
1760
1632
-592
-2112
-992
1312
1984
248
-1760
-1504
456
1632
784
-816
-1120
-156
688
496
-94
-212
1
-122
-408
-114
688
848
-236
-1312
-848
912
1760
408
-1632
-1760
344
2112
1248
-1120
-2112
-496
1568
1632
-244
-1632
-944
656
1184
280
-656
-528
43
204
1
98
424
188
-624
-912
86
1312
992
-720
-1824
-624
1504
1888
-82
-1984
-1504
880
2112
752
-1440
-1760
13
1568
1056
-496
-1184
-408
560
592
7
-196
1
-74
-424
-264
560
976
66
-1248
-1120
528
1824
848
-1312
-1984
-180
1952
1696
-624
-2112
-992
1248
1824
212
-1440
-1184
360
1184
496
-496
-592
-62
180
1
49
424
328
-472
-992
-220
1120
1248
-328
-1760
-1056
1056
1984
456
-1760
-1824
360
1984
1184
-992
-1888
-440
1312
1312
-188
-1120
-624
408
624
114
-164
1
-21
-408
-392
392
992
360
-1056
-1376
124
1696
1248
-880
-1984
-688
1568
1952
-94
-1984
-1376
816
1952
656
-1184
-1376
15
1120
720
-312
-624
-164
148
1
-1
392
456
-296
-992
-496
944
1440
86
-1632
-1440
656
1984
944
-1376
-1984
-180
1888
1568
-592
-1888
-848
1056
1440
156
-1056
-816
220
624
212
-124
1
29
-360
-496
196
992
624
-784
-1504
-296
1504
1568
-408
-1984
-1184
1184
2112
440
-1760
-1760
344
1888
1056
-880
-1504
-328
976
880
-118
-592
-248
106
1
-57
328
528
-90
-976
-752
656
1504
496
-1376
-1696
156
1952
1376
-976
-2112
-688
1568
1888
-94
-1824
-1184
688
1504
488
-880
-944
11
560
296
-82
1
82
-296
-560
-11
944
880
-488
-1504
-688
1184
1824
94
-1888
-1568
688
2112
976
-1376
-1952
-156
1696
1376
-496
-1504
-656
752
976
90
-528
-328
57
1
-106
248
592
118
-880
-976
328
1504
880
-1056
-1888
-344
1760
1760
-440
-2112
-1184
1184
1984
408
-1568
-1504
296
1504
784
-624
-992
-196
496
360
-29
1
124
-212
-624
-220
816
1056
-156
-1440
-1056
848
1888
592
-1568
-1888
180
1984
1376
-944
-1984
-656
1440
1632
-86
-1440
-944
496
992
296
-456
-392
1
1
-148
164
624
312
-720
-1120
-15
1376
1184
-656
-1952
-816
1376
1984
94
1
1984
1504
-816
-1984
-720
1312
1568
-51
-1376
-912
496
992
280
-488
-424
15
70
-78
140
496
212
-656
-944
114
1312
976
-784
-1760
-496
1568
1760
-264
-1984
-1312
1056
2112
496
-1696
-1696
296
1760
992
-848
-1440
-280
944
816
-148
-592
-236
124
33
-29
296
456
-156
-912
-560
720
1376
236
-1440
-1440
472
1952
992
-1248
-1984
-264
1888
1696
-592
-1984
-944
1184
1760
148
-1376
-1056
392
1056
424
-496
-528
-21
164
-5
66
392
244
-528
-880
-29
1184
992
-560
-1696
-720
1312
1888
-7
-1952
-1504
848
2112
784
-1504
-1888
70
1760
1184
-720
-1504
-472
944
976
-61
-688
-344
148
140
-13
188
392
-61
-784
-624
560
1312
392
-1248
-1504
236
1888
1184
-1056
-2112
-496
1760
1824
-344
-1984
-1184
1056
1824
376
-1312
-1248
248
1184
560
-488
-656
-86
248
82
19
280
248
-392
-816
-148
992
1056
-376
-1632
-880
1120
1888
244
-1824
-1696
592
2112
992
-1376
-1984
-172
1760
1376
-528
-1632
-656
880
1056
55
-752
-472
148
248
23
94
312
11
-656
-624
392
1248
528
-1056
-1504
13
1760
1376
-816
-2112
-752
1568
1984
-82
-1984
-1376
848
1952
592
-1248
-1440
102
1184
720
-440
-784
-180
312
188
1
172
236
-264
-752
-248
880
1056
-188
-1504
-992
944
1888
472
-1696
-1824
344
2112
1248
-1120
-1984
-424
1632
1568
-344
-1632
-848
784
1184
196
-784
-592
124
360
86
13
212
61
-496
-624
248
1120
624
-912
-1504
-196
1632
1504
-560
-1984
-992
1376
1984
180
-1888
-1568
656
1952
816
-1184
-1568
-78
1248
912
-360
-880
-280
344
296
1
62
188
-172
-624
-312
720
1056
-13
-1376
-1120
688
1888
688
-1504
-1888
90
1984
1440
-944
-2112
-656
1504
1760
-140
-1696
-1056
688
1312
344
-784
-752
70
456
172
-41
110
78
-392
-592
118
992
720
-688
-1504
-376
1440
1568
-328
-1984
-1184
1120
2112
440
-1824
-1760
408
1984
1056
-992
-1696
-264
1248
1056
-264
-976
-424
360
424
33
-35
122
-90
-528
-360
560
992
132
-1184
-1184
488
1760
880
-1248
-1952
-164
1952
1632
-688
-2112
-912
1376
1888
90
-1632
-1248
528
1440
496
-784
-880
-11
528
280
-74
1
74
-280
-528
11
880
784
-496
-1440
-528
1248
1632
-90
-1888
-1376
912
2112
688
-1632
-1952
164
1952
1248
-880
-1760
-488
1184
1184
-132
-992
-560
360
528
90
-122
35
-33
-424
-360
424
976
264
-1056
-1248
264
1696
992
-1056
-1984
-408
1760
1824
-440
-2112
-1120
1184
1984
328
-1568
-1440
376
1504
688
-720
-992
-118
592
392
-78
-110
41
-172
-456
-70
752
784
-344
-1312
-688
1056
1696
140
-1760
-1504
656
2112
944
-1440
-1984
-90
1888
1504
-688
-1888
-688
1120
1376
13
-1056
-720
312
624
172
-188
-62
-1
-296
-344
280
880
360
-912
