1651 2 0 0 0
1
1952
1696
-496
-1984
-1248
944
1984
784
-1248
-1824
-312
1440
1504
-114
-1440
-1056
424
1312
656
-592
-992
-312
592
688
61
-456
-344
43
188
57
7
132
118
-204
-456
-148
496
720
23
-880
-848
248
1248
848
-624
-1504
-656
1056
1696
344
-1504
-1696
86
1888
1504
-560
-1984
-1184
1056
2112
784
-1504
-1984
-264
1824
1824
-236
-1952
-1376
688
1952
944
-992
-1696
-488
1184
1376
78
-1184
-992
220
1056
624
-360
-784
-296
360
456
78
-196
-124
1
-70
-140
74
392
296
-296
-720
-312
624
992
172
-992
-1120
122
1376
1120
-496
-1696
-944
976
1888
592
-1440
-1888
-172
1824
1760
-328
-1984
-1440
848
2112
992
-1248
-1984
-496
1568
1824
23
-1760
-1504
408
1760
1056
-752
-1568
-592
912
1248
220
-944
-912
55
784
528
-188
-528
-236
156
204
31
11
122
25
-296
-376
70
624
528
-312
-976
-528
656
1248
376
-1056
-1376
-62
1440
1376
-360
-1824
-1184
848
1984
880
-1312
-1984
-440
1696
1952
-66
-1984
-1632
560
2112
1184
-992
-1984
-752
1312
1824
248
-1504
-1504
172
1504
1056
-488
-1376
-656
656
1056
296
-656
-752
-45
496
392
-62
-248
-98
15
-66
-82
172
392
118
-472
-656
1
848
784
-264
-1184
-784
624
1440
592
-1056
-1632
-280
1504
1632
-140
-1888
-1440
624
1984
1120
-1120
-2112
-720
1568
1984
204
-1824
-1760
296
1984
1376
-752
-1952
-912
1056
1760
456
-1248
-1440
-35
1248
1056
-264
-1120
-656
424
848
312
-408
-496
-82
248
188
-3
5
86
-62
-328
-248
280
656
264
-592
-912
-124
976
1056
-156
-1312
-1056
560
1632
880
-992
-1824
-528
1440
1888
102
-1824
-1696
392
1984
1376
-912
-2112
-976
1312
1984
456
-1632
-1824
39
1824
1440
-488
-1760
-992
816
1632
560
-976
-1312
-188
992
944
-90
-848
-560
228
592
248
-204
-264
-51
35
-55
-11
244
312
-78
-560
-472
312
912
472
-656
-1184
-312
1056
1312
11
-1440
-1312
408
1760
1120
-880
-1984
-816
1312
1984
376
-1760
-1888
132
1984
1568
-624
-2112
-1184
1056
1984
688
-1376
-1824
-204
1568
1504
-228
-1568
-1056
528
1440
656
-720
-1120
-280
720
784
25
-560
-440
90
312
140
-47
1
47
-140
-312
-90
440
560
-25
-784
-720
280
1120
720
-656
-1440
-528
1056
1568
228
-1504
-1568
204
1824
1376
-688
-1984
-1056
1184
2112
624
-1568
-1984
-132
1888
1760
-376
-1984
-1312
816
1984
880
-1120
-1760
-408
1312
1440
-11
-1312
-1056
312
1184
656
-472
-912
-312
472
560
78
-312
-244
11
55
-35
51
264
204
-248
-592
-228
560
848
90
-944
-992
188
1312
976
-560
-1632
-816
992
1760
488
-1440
-1824
-39
1824
1632
-456
-1984
-1312
976
2112
912
-1376
-1984
-392
1696
1824
-102
-1888
-1440
528
1824
992
-880
-1632
-560
1056
1312
156
-1056
1
1952
1632
-560
-2112
-1184
1056
1984
688
-1440
-1824
-156
1632
1504
-312
-1696
-1056
688
1568
592
-912
-1248
-204
976
944
-98
-880
-592
264
656
280
-280
-392
-74
172
114
1
55
114
-66
-328
-244
264
592
228
-560
-816
-62
912
912
-236
-1248
-848
624
1504
624
-1056
-1632
-248
1504
1568
-212
-1824
-1376
752
1984
992
-1248
-1984
-488
1696
1952
-66
-1984
-1632
624
2112
1120
-1120
-1984
-624
1504
1888
98
-1696
-1504
376
1696
1056
-752
-1568
-592
976
1312
172
-992
-976
140
944
624
-312
-752
-296
344
456
82
-228
-172
3
5
-62
55
264
196
-248
-528
-188
528
752
31
-880
-848
248
1184
784
-656
-1440
-560
1056
1568
196
-1504
-1504
264
1824
1312
-784
-1984
-912
1312
1984
424
-1696
-1888
132
1984
1568
-688
-2112
-1120
1184
1984
560
-1568
-1888
-39
1760
1504
-456
-1760
-992
816
1632
560
-1056
-1376
-140
1120
992
-180
-992
-624
360
816
312
-392
-496
-82
280
228
-11
-70
11
-37
-204
-148
220
472
148
-496
-688
-1
848
784
-280
-1120
-720
656
1376
496
-1056
-1504
-140
1504
1440
-312
-1824
-1184
848
1984
848
-1312
-1984
-360
1760
1888
-204
-1984
-1504
752
2112
1056
-1248
-1984
-496
1632
1824
-23
-1824
-1440
496
1824
992
-880
-1696
-528
1120
1376
98
-1184
-992
228
1056
656
-424
-880
-312
456
560
78
-344
-280
25
132
35
13
132
110
-188
-408
-118
472
592
-21
-784
-688
296
1056
656
-656
-1312
-440
1056
1440
86
-1440
-1376
360
1824
1120
-880
-1952
-784
1376
1984
280
-1760
-1824
264
1984
1440
-816
-2112
-992
1312
1984
456
-1632
-1824
86
1888
1440
-560
-1888
-976
976
1696
496
-1184
-1440
-57
1248
1056
-280
-1120
-656
472
944
312
-496
-624
-70
408
328
-43
-204
-78
7
-66
-70
156
328
90
-424
-528
41
752
624
-296
-992
-592
656
1248
376
-1056
-1376
-35
1440
1312
-408
-1760
-1056
912
1952
720
-1376
-1952
-220
1824
1760
-328
-1984
-1440
880
2112
944
-1376
-1984
-392
1696
1824
-148
-1888
-1440
656
1888
944
-992
-1760
-456
1248
1440
11
-1312
-1056
328
1184
656
-528
-992
-312
560
688
57
-488
-376
62
264
122
-39
1
39
-122
-264
-62
376
488
-57
-688
-560
312
992
528
-656
-1184
-328
1056
1312
-11
-1440
-1248
456
1760
992
-944
-1888
-656
1440
1888
148
-1824
-1696
392
1984
1376
-944
-2112
-880
1440
1984
328
-1760
-1824
220
1952
1376
-720
-1952
-912
1056
1760
408
-1312
-1440
35
1376
1056
-376
-1248
-656
592
992
296
-624
-752
-41
528
424
-90
-328
-156
70
66
-7
78
204
43
-328
-408
70
624
496
-312
-944
-472
656
1120
280
-1056
-1248
57
1440
1184
-496
-1696
-976
976
1888
560
-1440
-1888
-86
1824
1632
-456
-1984
-1312
992
2112
816
-1440
-1984
