1651 2 0 0 0
1
1984
816
-1440
-1120
624
816
-55
-66
102
-656
-752
880
1568
-440
-2112
-408
1984
1120
-1312
-1376
456
992
45
-196
98
-472
-784
592
1632
-74
-1984
-784
1824
1504
-1056
-1632
220
1120
196
-296
47
-312
-784
328
1568
264
-1888
-1120
1568
1760
-752
-1760
-55
1184
376
-376
-45
-164
-720
86
1440
560
-1696
-1440
1248
1984
-392
-1888
-360
1184
592
-392
-172
-66
-624
-110
1248
848
-1376
-1696
880
2112
-7
-1888
-688
1184
816
-376
-312
-7
-496
-264
1056
992
-1056
-1824
488
2112
392
-1888
-992
1056
992
-280
-456
-1
-344
-360
880
1120
-784
-1888
90
2112
784
-1696
-1312
880
1248
-148
-592
-47
-204
-392
656
1184
-440
-1888
-296
1984
1120
-1504
-1632
656
1440
33
-688
-140
-74
-376
424
1184
-124
-1824
-656
1824
1440
-1184
-1824
344
1504
264
-784
-264
27
-328
236
1120
156
-1696
-976
1568
1760
-880
-1984
13
1568
528
-784
-440
90
-228
78
992
392
-1440
-1248
1248
1952
-496
-1984
-344
1568
816
-752
-592
106
-102
-33
880
592
-1184
-1440
912
1984
-102
-1984
-720
1504
1056
-656
-784
70
33
-94
688
720
-944
-1568
528
2112
296
-1984
-1056
1312
1312
-496
-944
-15
164
-106
496
784
-656
-1632
164
1984
688
-1888
-1376
1120
1568
-280
-1056
-148
280
-62
344
784
-392
-1568
-188
1952
1056
-1632
-1696
816
1760
-17
-1184
-328
360
17
204
752
-140
-1504
-496
1760
1376
-1312
-1952
488
1888
280
-1184
-528
392
132
86
656
62
-1312
-784
1440
1632
-976
-1984
106
1888
592
-1184
-752
392
264
17
528
228
-1120
-976
1184
1824
-592
-2112
-280
1888
944
-1056
-992
312
424
1
392
344
-944
-1120
848
1888
-188
-2112
-688
1760
1248
-944
-1184
196
560
31
244
392
-688
-1184
528
1888
204
-1984
-1056
1568
1568
-720
-1376
15
688
114
106
392
-488
-1184
204
1824
560
-1888
-1376
1312
1824
-424
-1504
-204
752
236
-5
344
-280
-1120
-86
1696
912
-1632
-1696
976
1952
-102
-1568
-456
784
392
-78
248
-114
-1056
-344
1504
1184
-1312
-1888
592
1984
248
-1568
-720
784
560
-110
132
9
-912
-528
1248
1376
-992
-1984
204
2112
624
-1504
-992
688
752
-86
1
86
-752
-688
992
1504
-624
-2112
-204
1984
992
-1376
-1248
528
912
-9
-132
110
-560
-784
720
1568
-248
-1984
-592
1888
1312
-1184
-1504
344
1056
114
-248
78
-392
-784
456
1568
102
-1952
-976
1696
1632
-912
-1696
86
1120
280
-344
5
-236
-752
204
1504
424
-1824
-1312
1376
1888
-560
-1824
-204
1184
488
-392
-106
-114
-688
-15
1376
720
-1568
-1568
1056
1984
-204
-1888
-528
1184
688
-392
-244
-31
-560
-196
1184
944
-1248
-1760
688
2112
188
-1888
-848
1120
944
-344
-392
1
-424
-312
992
1056
-944
-1888
280
2112
592
-1824
-1184
976
1120
1
1984
784
-1504
-1120
688
912
-98
-204
45
-528
-560
880
1376
-592
-1984
-132
1984
944
-1568
-1376
784
1248
-102
-592
-61
-164
-376
592
1120
-440
-1824
-248
1984
1056
-1568
-1632
784
1568
-57
-976
-212
188
-122
328
880
-264
-1568
-344
1888
1184
-1504
-1760
752
1824
31
-1312
-408
496
164
86
528
-140
-1248
-392
1632
1184
-1376
-1888
656
1984
148
-1568
-624
784
488
-110
156
-47
-944
-392
1376
1184
-1184
-1888
528
2112
296
-1760
-848
976
816
-264
-244
-1
-528
-344
1056
1056
-992
-1888
408
2112
440
-1888
-1056
1120
1120
-360
-624
-7
-140
-228
720
944
-784
-1696
248
2112
560
-1888
-1248
1184
1440
-392
-992
-66
248
-62
408
720
-560
-1504
122
1984
688
-1888
-1440
1184
1696
-376
-1376
-164
624
140
90
424
-344
-1184
5
1760
752
-1760
-1568
1120
1888
-328
-1632
-312
944
392
-188
102
-172
-880
-70
1504
784
-1568
-1568
1056
1984
-228
-1888
-472
1184
656
-424
-248
-29
-496
-106
1120
752
-1312
-1568
912
2112
-102
-1984
-656
1376
944
-592
-624
62
-102
-90
816
656
-1056
-1504
752
1984
33
-2112
-816
1568
1184
-720
-992
106
296
-21
440
528
-816
-1312
560
1952
164
-1984
-992
1568
1440
-784
-1312
94
688
94
74
312
-528
-1056
392
1760
280
-1984
-1120
1568
1696
-784
-1632
37
1056
248
-264
53
-264
-784
236
1504
360
-1824
-1184
1504
1824
-720
-1888
-59
1376
456
-560
-244
-33
-440
114
1184
392
-1568
-1184
1376
1888
-624
-1984
-188
1632
656
-848
-560
148
-57
31
816
392
-1312
-1184
1184
1888
-496
-2112
-328
1824
912
-992
-912
280
344
1
440
312
-976
-1056
976
1824
-360
-2112
-488
1888
1120
-1120
-1184
376
720
17
41
196
-656
-880
720
1696
-220
-1984
-592
1888
1312
-1184
-1504
392
1056
86
-344
15
-328
-656
496
1440
-90
-1952
-720
1824
1440
-1184
-1760
376
1440
204
-688
-204
-17
-344
296
1120
15
-1696
-784
1696
1568
-1120
-1952
296
1696
344
-992
-456
248
-13
132
784
86
-1376
-784
1504
1632
-992
-1984
196
1952
496
-1248
-720
472
344
1
408
110
-1056
-752
1248
1568
-880
-2112
66
1984
688
-1440
-992
624
720
-78
1
78
-720
-624
992
1440
-688
-1984
-66
2112
880
-1568
-1248
752
1056
-110
-408
-1
-344
-472
720
1248
-496
-1952
-196
1984
992
-1632
-1504
784
1376
-86
-784
-132
13
-248
456
992
-344
-1696
-296
1952
1120
-1568
-1696
784
1696
-15
-1120
-296
344
17
204
688
-204
-1440
-376
1760
1184
-1440
-1824
720
1952
90
-1440
-496
656
328
-15
344
-86
-1056
-392
1504
1184
-1312
-1888
592
1984
220
-1696
-720
880
656
-196
-41
-17
-720
-376
1184
1120
-1120
-1888
488
2112
360
-1824
-976
1056
976
-312
-440
1
-344
-280
912
992
-912
-1824
328
2112
496
