1651 2 0 0 0
1
1984
1120
-1120
-1440
70
848
248
-45
312
-86
-1056
-688
1184
1760
-360
-2112
-880
1504
1632
-376
-1312
-360
488
164
61
624
296
-1056
-1312
656
1984
528
-1824
-1568
784
1696
280
-976
-528
148
-74
-62
816
848
-784
-1760
-148
1984
1376
-1184
-1952
-27
1440
720
-528
-440
1
-344
-408
720
1312
-180
-1952
-992
1504
1952
-328
-1888
-688
976
848
-132
-196
82
-488
-848
376
1632
592
-1696
-1760
720
1984
496
-1440
-1056
424
720
66
74
360
-392
-1248
-236
1632
1376
-1056
-2112
-188
1888
1120
-848
-1184
-27
440
29
212
720
-31
-1376
-944
1248
1952
-188
-2112
-992
1248
1440
-196
-976
-264
132
-196
124
992
528
-1248
-1632
528
2112
720
-1696
-1568
528
1440
296
-592
-248
-33
-496
-196
1056
1120
-784
-1984
-344
1952
1440
-976
-1760
-164
1120
560
-244
-41
17
-720
-688
848
1696
-21
-1984
-1184
1312
1888
-132
-1568
-656
656
528
-21
236
296
-720
-1184
312
1888
848
-1632
-1824
496
1952
592
-1120
-912
220
312
-29
424
720
-456
-1568
-440
1760
1568
-880
-2112
-360
1568
1056
-560
-816
-55
29
-248
408
1120
94
-1632
-1184
1184
1984
7
-1952
-1056
992
1248
-53
-560
-86
-164
-592
118
1376
784
-1312
-1824
376
2112
880
-1440
-1440
328
1056
248
-236
90
-148
-912
-392
1312
1440
-688
-2112
-528
1824
1504
-720
-1504
-236
720
312
-9
376
110
-1056
-992
880
1952
164
-1984
-1312
1120
1824
31
-1248
-560
344
148
7
624
560
-912
-1568
188
1984
992
-1504
-1888
296
1696
592
-784
-592
62
-118
-204
720
1056
-440
-1824
-656
1696
1760
-688
-1984
-488
1248
912
-312
-424
-1
-344
-560
496
1504
264
-1760
-1440
1056
2112
188
-1696
-992
688
912
19
-140
156
-392
-992
33
1632
1056
-1312
-1984
180
1984
976
-1120
-1248
148
688
124
90
472
-180
-1248
-624
1376
1696
-528
-2112
-720
1568
1440
-472
-1184
-236
344
5
148
816
264
-1312
-1312
848
1984
360
-1888
-1440
880
1568
140
-880
-360
74
-264
-33
992
848
-976
-1824
15
1984
1184
-1248
-1824
114
1376
528
-456
-248
-15
-528
-440
912
1376
-344
-1984
-880
1632
1824
-488
-1760
-528
944
656
-124
1
124
-656
-944
528
1760
488
-1824
-1632
880
1984
344
-1376
-912
440
528
15
248
456
-528
-1376
-114
1824
1248
-1184
-1984
-15
1824
976
-848
-992
33
264
-74
360
880
-140
-1568
-880
1440
1888
-360
-1984
-848
1312
1312
-264
-816
-148
-5
-344
236
1184
472
-1440
-1568
720
2112
528
-1696
-1376
624
1248
180
-472
-90
-124
-688
-148
1248
1120
-976
-1984
-180
1984
1312
-1056
-1632
-33
992
392
-156
140
-19
-912
-688
992
1696
-188
-2112
-1056
1440
1760
-264
-1504
-496
560
344
1
424
312
-912
-1248
488
1984
688
-1760
-1696
656
1824
440
-1056
1
1984
1120
-1120
-1504
124
944
280
-140
172
-114
-976
-496
1248
1504
-592
-2112
-624
1760
1568
-688
-1568
-248
848
424
-98
180
57
-880
-816
880
1760
1
-1984
-1184
1312
1888
-180
-1568
-624
688
528
-43
180
220
-720
-1056
456
1824
560
-1760
-1696
816
1984
360
-1440
-944
472
592
21
156
360
-496
-1184
1
1760
1120
-1312
-1984
212
1984
880
-1120
-1184
196
624
90
124
456
-264
-1248
-456
1504
1568
-816
-2112
-424
1824
1312
-752
-1312
-98
592
156
86
496
1
-1184
-880
1120
1888
-204
-2112
-992
1440
1632
-312
-1312
-392
496
212
41
528
264
-1056
-1184
688
1984
408
-1952
-1504
976
1824
156
-1248
-656
360
248
1
496
496
-784
-1440
172
1952
992
-1504
-1888
392
1888
624
-1056
-848
188
264
-35
440
688
-472
-1568
-344
1760
1504
-992
-2112
-204
1760
1056
-752
-992
1
264
-66
328
816
-122
-1504
-848
1376
1888
-424
-2112
-784
1440
1376
-392
-992
-196
244
-86
196
880
244
-1376
-1248
944
1984
212
-1984
-1312
1056
1568
1
-992
-376
188
-94
49
848
560
-1056
-1568
392
2112
816
-1632
-1696
528
1696
408
-880
-528
118
-94
-94
752
848
-720
-1760
-196
1952
1376
-1184
-1952
1
1632
784
-656
-656
29
-82
-228
592
1056
-296
-1760
-752
1632
1824
-624
-1984
-528
1376
1056
-408
-688
-62
-66
-328
408
1184
148
-1632
-1248
1120
1984
1
-1984
-1056
1056
1312
-106
-688
-156
-47
-408
164
1184
560
-1376
-1632
592
2112
624
-1696
-1440
656
1376
212
-624
-244
-27
-456
-82
1056
944
-976
-1888
1
1984
1184
-1312
-1760
164
1376
496
-496
-296
-7
-440
-312
912
1248
-496
-1952
-592
1824
1696
-784
-1952
-328
1248
784
-344
-344
1
-408
-496
656
1440
1
-1888
-1120
1376
1984
-204
-1888
-816
992
976
-140
-360
11
-328
-656
344
1504
496
-1632
-1632
816
2112
408
-1696
-1184
688
1056
74
-344
15
-236
-784
1
1376
976
-1248
-1952
212
2112
976
-1376
-1504
280
1120
296
-296
13
-122
-784
-328
1184
1312
-752
-1984
-424
1888
1440
-912
-1696
-140
992
488
-220
7
1
-752
-624
944
1568
-188
-1984
-992
1504
1824
-376
-1696
-560
880
656
-114
1
114
-656
-880
560
1696
376
-1824
-1504
992
1984
188
-1568
-944
624
752
1
-7
220
-488
-992
140
1696
912
-1440
-1888
424
1984
752
-1312
-1184
328
784
122
-13
296
-296
-1120
-280
1504
1376
-976
-2112
-212
1952
1248
-976
-1376
1
784
236
-15
344
-74
-1056
-688
1184
1696
-408
-2112
-816
1632
1632
-496
-1504
-344
656
328
-11
360
140
-976
-992
816
1888
204
-1984
-1376
1120
1888
1
-1440
-656
496
408
-1
344
344
-784
-1248
328
1952
784
-1696
-1824
592
1952
496
-1248
-912
312
440
7
296
496
-496
-1376
-164
1760
1312
-1184
-1984
