1651 2 0 0 0
1
1984
1184
-1248
-1888
114
1760
880
-992
-1248
140
992
392
-440
-376
37
1
-86
312
528
-196
-992
-440
1056
1248
-488
-1824
-560
1632
1632
-720
-2112
-528
1824
1632
-816
-1984
-360
1568
1184
-688
-1376
-156
944
560
-312
-408
-13
1
-132
236
592
11
-976
-688
816
1440
-70
-1760
-992
1312
1888
-220
-2112
-992
1504
1888
-328
-1984
-816
1312
1440
-328
-1376
-456
784
688
-172
-424
-66
1
-172
140
624
220
-848
-912
528
1504
344
-1568
-1376
880
1984
312
-1952
-1504
1056
1984
188
-1888
-1184
976
1632
47
-1312
-720
592
784
-15
-408
-118
1
-196
35
592
408
-688
-1056
196
1504
752
-1312
-1696
408
1984
816
-1632
-1824
560
2112
688
-1568
-1568
560
1696
424
-1120
-944
376
816
140
-360
-156
1
-212
-70
560
560
-488
-1184
-140
1376
1056
-944
-1888
-94
1952
1248
-1248
-1984
25
1984
1120
-1248
-1760
124
1632
784
-912
-1056
132
816
280
-296
-188
1
-212
-172
472
688
-248
-1184
-488
1184
1376
-528
-1952
-592
1696
1696
-784
-2112
-496
1824
1568
-816
-1888
-328
1504
1056
-624
-1184
-124
752
424
-220
-204
1
-196
-248
360
784
1
-1120
-784
944
1568
-98
-1888
-992
1376
1952
-244
-2112
-992
1504
1824
-344
-1888
-752
1248
1312
-312
-1184
-376
656
496
-122
-212
1
-172
-328
212
816
248
-992
-992
592
1696
344
-1696
-1440
944
2112
296
-1952
-1440
1056
1984
156
-1760
-1120
944
1440
27
-1120
-592
496
592
-15
-204
1
-132
-392
61
816
496
-816
-1248
244
1632
784
-1376
-1760
440
2112
816
-1696
-1824
560
1984
656
-1568
-1440
528
1504
360
-992
-784
312
624
90
-180
1
-94
-424
-94
752
688
-592
-1312
-140
1568
1120
-992
-1952
-70
1984
1248
-1248
-1984
49
1984
1056
-1184
-1696
132
1504
688
-816
-912
118
624
188
-148
1
-41
-424
-248
624
880
-312
-1376
-496
1312
1440
-592
-1984
-592
1760
1696
-784
-2112
-488
1824
1504
-816
-1760
-280
1376
976
-560
-992
-90
560
264
-114
1
9
-392
-376
472
976
-7
-1312
-848
992
1696
-124
-1952
-1056
1440
1952
-264
-2112
-976
1440
1760
-344
-1824
-688
1120
1184
-280
-992
-296
496
344
-62
1
62
-344
-496
296
992
280
-1184
-1120
688
1824
344
-1760
-1440
976
2112
264
-1952
-1440
1056
1952
124
-1696
-992
848
1312
7
-976
-472
376
392
-9
1
114
-264
-560
90
992
560
-976
-1376
280
1760
816
-1504
-1824
488
2112
784
-1696
-1760
592
1984
592
-1440
-1312
496
1376
312
-880
-624
248
424
41
1
148
-188
-624
-118
912
816
-688
-1504
-132
1696
1184
-1056
-1984
-49
1984
1248
-1248
-1984
70
1952
992
-1120
-1568
140
1312
592
-688
-752
94
424
94
1
180
-90
-624
-312
784
992
-360
-1504
-528
1440
1568
-656
-1984
-560
1824
1
1984
1184
-1312
-1888
188
1824
816
-1120
-1312
248
1184
392
-656
-528
132
264
21
98
244
-196
-688
-172
944
848
-656
-1504
-164
1632
1184
-1056
-1952
1
1984
1184
-1376
-1984
212
1984
944
-1376
-1632
328
1568
560
-992
-944
280
784
180
-344
-180
11
-156
-70
488
496
-440
-1056
-122
1312
976
-944
-1696
1
1888
1120
-1312
-1984
212
2112
992
-1504
-1824
392
1888
688
-1312
-1312
408
1248
312
-784
-592
220
376
35
5
140
-188
-560
-74
880
720
-720
-1376
1
1632
992
-1184
-1888
204
1984
992
-1504
-1888
424
2112
784
-1504
-1568
496
1696
440
-1120
-976
408
912
140
-472
-244
66
-49
-23
408
392
-456
-944
1
1248
816
-992
-1568
180
1888
944
-1440
-1888
424
2112
816
-1632
-1760
592
1952
528
-1440
-1248
560
1376
236
-912
-592
312
488
27
-94
59
-156
-456
1
816
560
-752
-1248
148
1632
816
-1312
-1760
392
1984
816
-1696
-1824
624
2112
592
-1696
-1504
688
1760
312
-1312
-944
528
976
78
-592
-280
140
57
1
312
280
-456
-816
106
1184
656
-1056
-1440
344
1888
752
-1568
-1760
624
2112
624
-1824
-1632
784
1984
376
-1632
-1184
752
1440
124
-992
-592
440
560
1
-204
-7
-114
-344
55
720
440
-784
-1120
264
1568
656
-1376
-1568
560
1984
592
-1760
-1696
816
2112
408
-1824
-1376
912
1760
164
-1440
-912
688
1056
1
-720
-312
228
156
1
220
196
-424
-688
188
1120
496
-1120
-1312
496
1824
560
-1696
-1632
816
2112
424
-1888
-1504
992
1984
196
-1760
-1120
912
1440
1
-1184
-592
560
656
-51
-312
-61
-47
-236
90
624
312
-784
-976
392
1504
472
-1440
-1440
752
1984
408
-1888
-1504
992
2112
212
-1952
-1248
1056
1760
1
-1568
-816
848
1056
-98
-816
-312
328
248
-15
110
118
-376
-560
248
992
344
-1120
-1184
624
1760
360
-1760
-1440
992
2112
212
-1984
-1376
1184
1984
1
-1888
-992
1056
1504
-140
-1248
-528
688
720
-122
-424
-90
33
-124
102
528
212
-752
-848
472
1376
296
-1440
-1248
880
1952
204
-1952
-1376
1184
1984
1
-1984
-1120
1248
1760
-180
-1696
-752
992
1120
-220
-944
-296
456
328
-57
1
57
-328
-456
296
944
220
-1120
-992
752
1696
180
-1760
-1248
1120
1984
1
-1984
-1184
1376
1952
-204
-1952
-880
1248
1440
-296
-1376
-472
848
752
-212
-528
-102
124
-33
90
424
122
-720
-688
528
1248
140
-1504
-1056
992
1888
1
-1984
-1184
1376
1984
-212
-2112
-992
1440
1760
-360
-1760
-624
1184
1120
-344
-992
-248
560
376
-118
-110
15
-248
-328
312
816
98
-1056
-848
816
1568
1
-1760
-1056
1248
1952
-212
-2112
-992
1504
1888
-408
-1984
-752
1440
1440
-472
-1504
-392
976
784
-312
-624
-90
236
47
61
312
51
-656
-560
592
1184
