1651 2 0 0 0
1
2112
488
-1952
-880
1632
1120
-1184
-1184
720
1056
-312
-816
57
424
27
1
74
-376
-344
624
752
-720
-1184
592
1632
-328
-1888
-94
1984
560
-1984
-992
1760
1440
-1376
-1632
912
1696
-456
-1504
59
1184
188
-784
-248
360
124
1
164
-236
-560
296
992
-156
-1376
-140
1632
560
-1760
-992
1632
1504
-1376
-1824
944
1984
-456
-1984
-5
1824
376
-1440
-592
992
656
-560
-496
220
196
1
212
-35
-624
-118
992
440
-1184
-848
1248
1312
-1120
-1760
816
1984
-376
-2112
-110
2112
560
-1888
-944
1440
1120
-992
-1120
560
944
-220
-624
15
212
1
204
172
-528
-496
752
912
-752
-1376
592
1760
-248
-1984
-204
1984
688
-1952
-1120
1696
1440
-1248
-1632
784
1568
-328
-1376
-7
992
196
-592
-188
180
1
148
328
-312
-752
312
1184
-114
-1504
-244
1760
688
-1760
-1184
1632
1568
-1248
-1888
816
1984
-344
-1888
-98
1632
424
-1248
-592
816
560
-408
-344
98
1
55
424
-21
-816
-196
1120
560
-1312
-992
1312
1440
-1056
-1888
720
2112
-264
-2112
-220
1984
656
-1760
-944
1312
1056
-848
-992
440
784
-132
-424
-1
1
-51
392
280
-688
-656
816
1056
-784
-1504
528
1888
-156
-1984
-312
1984
784
-1888
-1184
1568
1504
-1120
-1568
656
1440
-228
-1184
-61
816
180
-392
-106
1
-140
264
496
-392
-944
312
1376
-47
-1696
-344
1824
816
-1760
-1248
1568
1696
-1184
-1888
720
1952
-236
-1824
-180
1504
456
-1056
-528
656
440
-248
-180
1
-204
90
624
11
-992
-280
1248
688
-1376
-1120
1312
1568
-1056
-1952
624
2112
-156
-2112
-312
1952
720
-1568
-976
1120
992
-688
-880
312
592
-70
-212
1
-212
-122
560
408
-816
-816
912
1248
-784
-1696
488
1984
-57
-2112
-424
1984
912
-1824
-1248
1440
1440
-976
-1504
496
1312
-140
-992
-90
592
140
-188
1
-164
-296
392
688
-440
-1120
280
1504
33
-1760
-472
1888
944
-1760
-1376
1504
1760
-1056
-1888
592
1888
-124
-1696
-244
1312
456
-912
-472
472
312
-122
1
-78
-408
102
816
66
-1184
-392
1376
848
-1440
-1312
1312
1696
-976
-1984
528
2112
-49
-1984
-408
1824
752
-1440
-944
976
944
-528
-752
212
408
-23
1
23
-408
-212
752
528
-944
-976
944
1440
-752
-1824
408
1984
49
-2112
-528
1984
976
-1696
-1312
1312
1440
-848
-1376
392
1184
-66
-816
-102
408
78
1
122
-312
-472
472
912
-456
-1312
244
1696
124
-1888
-592
1888
1056
-1760
-1504
1376
1760
-944
-1888
472
1760
-33
-1504
-280
1120
440
-688
-392
296
164
1
188
-140
-592
90
992
140
-1312
-496
1504
976
-1440
-1440
1248
1824
-912
-1984
424
2112
57
-1984
-488
1696
784
-1248
-912
816
816
-408
-560
122
212
1
212
70
-592
-312
880
688
-992
-1120
976
1568
-720
-1952
312
2112
156
1
2112
456
-1984
-848
1696
1056
-1248
-1184
848
1184
-472
-976
156
656
7
-264
-17
-114
-132
440
424
-624
-816
688
1184
-560
-1568
296
1888
78
-1984
-496
1984
976
-1824
-1312
1504
1632
-1056
-1696
656
1696
-244
-1440
-74
1120
248
-752
-280
344
148
-23
124
-188
-488
248
880
-140
-1248
-110
1504
488
-1632
-912
1632
1312
-1440
-1696
1120
1952
-688
-1984
236
1984
188
-1760
-496
1440
720
-992
-752
624
592
-280
-344
57
-7
17
392
66
-752
-312
992
656
-1120
-1056
1120
1504
-912
-1888
560
1984
-156
-2112
-296
1984
720
-1824
-1056
1504
1248
-1056
-1248
624
1120
-280
-880
39
528
53
-140
17
-220
-244
488
560
-624
-976
592
1376
-392
-1696
62
1952
360
-1984
-816
1888
1184
-1632
-1568
1248
1760
-848
-1760
392
1632
-23
-1376
-236
992
344
-592
-280
220
74
55
248
-196
-624
172
992
3
-1312
-312
1568
720
-1632
-1120
1504
1568
-1184
-1888
848
1984
-392
-1984
-47
1952
440
-1632
-688
1248
816
-848
-752
456
560
-164
-244
7
-132
-13
496
180
-848
-488
992
880
-1056
-1312
976
1696
-688
-1984
312
2112
132
-2112
-560
1952
976
-1696
-1248
1248
1312
-848
-1312
440
1056
-124
-784
-49
392
61
-13
86
-296
-376
496
752
-560
-1120
456
1504
-188
-1824
-196
1952
624
-1952
-1056
1760
1440
-1440
-1696
992
1824
-560
-1760
148
1568
172
-1184
-360
848
376
-440
-248
110
-19
106
376
-164
-784
66
1120
180
-1376
-528
1504
976
-1504
-1376
1312
1760
-976
-1984
560
2112
-106
-1984
-312
1824
656
-1440
-848
1056
880
-656
-752
312
488
-78
-124
-1
-264
-82
624
312
-880
-656
992
1056
-976
-1504
784
1824
-456
-1984
23
2112
424
-1984
-848
1824
1184
-1440
-1376
992
1376
-592
-1248
244
992
5
-656
-102
264
35
94
180
-360
-496
496
912
-472
-1312
280
1632
49
-1888
-472
1952
912
-1824
-1312
1568
1632
-1184
-1824
752
1888
-296
-1760
-74
1440
328
-1056
-456
656
392
-296
-188
21
-132
122
496
-106
-912
-70
1184
392
-1440
-784
1504
1184
-1376
-1632
1056
1952
-720
-2112
264
2112
180
-1952
-560
1696
848
-1248
-944
880
912
-488
-688
180
376
-19
1
19
-376
-180
688
488
-912
-880
944
1248
-848
-1696
560
1952
-180
-2112
-264
2112
720
-1952
-1056
1632
1376
-1184
-1504
784
1440
-392
-1184
70
912
106
-496
-122
132
-21
188
296
-392
-656
456
1056
-328
-1440
74
1760
296
-1888
-752
1824
1184
-1632
-1568
1312
1824
-912
-1952
472
1888
-49
-1632
-280
1312
472
-912
-496
496
360
-180
-94
-35
-264
102
656
-5
-992
-244
1248
592
-1376
-992
1376
1440
-1184
-1824
848
1984
-424
-2112
-23
1984
456
-1824
-784
1504
976
-1056
-992
656
880
-312
-624
82
264
1
124
78
-488
-312
752
656
-880
