1651 2 0 0 0
1
1440
2112
1696
296
-1184
-1984
-1760
-560
880
1760
1696
720
-528
-1440
-1504
-784
248
1056
1184
720
-45
-656
-848
-528
-61
312
408
248
45
-41
23
122
90
-124
-424
-528
-328
172
720
976
656
-102
-944
-1376
-992
-82
992
1632
1376
344
-976
-1824
-1760
-656
816
1952
1984
976
-560
-1824
-2112
-1248
280
1632
2112
1440
23
-1376
-1984
-1568
-296
1056
1760
1504
488
-688
-1440
-1312
-560
392
992
1056
528
-148
-624
-688
-376
13
248
248
110
1
45
180
248
102
-244
-592
-656
-312
328
912
1056
624
-280
-1120
-1440
-976
122
1248
1760
1312
124
-1184
-1952
-1632
-424
1056
1984
1888
720
-848
-1984
-1984
-992
528
1824
1984
1184
-244
-1504
-1952
-1312
-43
1184
1696
1312
248
-816
-1376
-1120
-376
488
976
880
360
-220
-528
-496
-236
51
156
94
-9
1
164
344
344
66
-392
-752
-752
-248
496
1056
1120
528
-488
-1312
-1504
-880
344
1440
1824
1184
-122
-1440
-1984
-1504
-164
1312
2112
1760
472
-1056
-1984
-1952
-752
816
1888
1952
976
-488
-1632
-1824
-1056
180
1248
1632
1056
51
-912
-1248
-944
-196
528
880
688
220
-244
-440
-344
-118
43
35
-66
-102
43
312
496
408
-3
-560
-912
-784
-148
688
1248
1184
392
-720
-1504
-1568
-720
592
1696
1888
1056
-392
-1696
-1984
-1376
110
1568
2112
1632
196
-1312
-2112
-1760
-488
992
1952
1824
720
-688
-1696
-1696
-848
376
1312
1440
848
-124
-944
-1120
-752
-45
528
752
496
102
-228
-312
-188
-33
-1
-110
-212
-148
122
472
656
440
-118
-752
-1056
-784
-3
912
1440
1184
228
-944
-1696
-1568
-496
848
1824
1888
848
-656
-1888
-1984
-1120
392
1760
2112
1376
-82
-1504
-2112
-1568
-212
1184
1952
1632
456
-880
-1696
-1504
-592
528
1312
1312
624
-264
-912
-992
-560
66
496
592
344
21
-172
-156
-41
11
-86
-264
-344
-164
244
656
752
424
-264
-944
-1184
-752
172
1120
1568
1120
25
-1184
-1824
-1504
-296
1056
1952
1760
592
-912
-1984
-1984
-912
656
1888
2112
1184
-360
-1696
-1984
-1312
55
1376
1888
1376
204
-992
-1632
-1312
-376
656
1248
1120
440
-360
-848
-816
-392
132
456
440
204
-13
-78
1
78
13
-204
-440
-456
-132
392
816
848
360
-440
-1120
-1248
-656
376
1312
1632
992
-204
-1376
-1888
-1376
-55
1312
1984
1696
360
-1184
-2112
-1888
-656
912
1984
1984
912
-592
-1760
-1952
-1056
296
1504
1824
1184
-25
-1120
-1568
-1120
-172
752
1184
944
264
-424
-752
-656
-244
164
344
264
86
-11
41
156
172
-21
-344
-592
-496
-66
560
992
912
264
-624
-1312
-1312
-528
592
1504
1696
880
-456
-1632
-1952
-1184
212
1568
2112
1504
82
-1376
-2112
-1760
-392
1120
1984
1888
656
-848
-1888
-1824
-848
496
1568
1696
944
-228
-1184
-1440
-912
3
1
1504
2112
1632
236
-1248
-1984
-1696
-440
992
1888
1696
592
-752
-1632
-1632
-720
496
1376
1440
720
-264
-992
-1120
-656
98
688
848
528
7
-392
-496
-312
-37
124
124
27
-11
74
236
296
140
-212
-560
-656
-344
264
848
992
592
-236
-992
-1312
-880
124
1120
1632
1184
41
-1184
-1824
-1440
-248
1120
1984
1696
496
-992
-1984
-1952
-752
848
1984
1984
976
-624
-1888
-1984
-1120
376
1696
1984
1248
-140
-1376
-1888
-1312
-62
1120
1632
1248
220
-848
-1376
-1120
-312
560
992
912
328
-312
-688
-624
-248
132
328
280
106
-17
-5
82
114
-15
-264
-456
-392
-29
472
816
720
148
-592
-1120
-992
-344
656
1376
1376
560
-592
-1568
-1696
-848
496
1632
1888
1120
-328
-1632
-1984
-1376
110
1568
2112
1568
124
-1376
-2112
-1696
-360
1184
1984
1824
560
-944
-1888
-1760
-720
656
1632
1696
816
-424
-1312
-1440
-816
204
992
1184
752
-41
-688
-880
-592
-51
392
528
360
62
-140
-164
-66
3
-49
-188
-264
-148
164
496
624
360
-204
-784
-992
-624
156
976
1312
944
-39
-1056
-1568
-1248
-140
1056
1824
1504
360
-1056
-1952
-1760
-592
912
1984
1952
848
-720
-1952
-1984
-1056
496
1824
2112
1248
-264
-1632
-1984
-1376
29
1312
1888
1376
164
-1056
-1632
-1312
-312
784
1376
1184
392
-496
-992
-976
-392
280
688
656
296
-114
-344
-328
-140
15
39
-43
-94
1
220
408
376
62
-424
-752
-720
-204
528
1056
1056
408
-560
-1312
-1376
-656
496
1440
1696
944
-392
-1568
-1888
-1184
204
1568
1984
1440
15
-1440
-2112
-1632
-248
1312
2112
1824
488
-1056
-1984
-1888
-688
816
1888
1824
848
-560
-1632
-1696
-912
328
1312
1504
912
-124
-992
-1248
-816
-21
688
944
656
98
-392
-560
-408
-94
148
204
106
7
27
148
244
156
-124
-472
-592
-376
148
720
976
656
-86
-912
-1248
-976
-45
992
1568
1248
236
-992
-1760
-1568
-472
944
1888
1824
720
-816
-1952
-1984
-976
592
1888
2112
1184
-376
-1760
-2112
-1376
140
1504
1984
1440
86
-1248
-1888
-1440
-264
992
1696
1376
408
-720
-1376
-1248
-472
472
1056
992
456
-244
-688
-720
-360
90
376
376
180
-9
-66
1
66
9
-180
-376
-376
-90
360
720
688
244
-456
-992
-1056
-472
472
1248
1376
720
-408
-1376
-1696
-992
264
1440
1888
1248
-86
-1440
-1984
-1504
-140
1376
2112
1760
376
-1184
-2112
-1888
-592
976
1984
1952
816
-720
-1824
-1888
-944
472
1568
1760
992
-236
-1248
-1568
-992
45
976
1248
912
86
-656
-976
-720
-148
376
592
472
124
-156
-244
-148
-27
-7
-106
-204
-148
94
408
560
392
-98
-656
-944
-688
21
816
1248
992
124
-912
-1504
-1312
-328
912
1696
1632
560
-848
-1824
-1888
-816
688
1888
1984
1056
-488
-1824
-2112
-1312
248
1632
