1651 2 0 0 0
1
1120
1952
2112
1632
688
-472
-1440
-1952
-1824
-1184
-196
784
1440
1632
1312
624
-172
-816
-1120
-1056
-720
-196
280
560
624
472
212
-3
-106
-78
23
106
74
-86
-328
-560
-624
-472
-78
456
944
1184
1056
560
-196
-976
-1504
-1632
-1184
-344
656
1504
1952
1760
992
-62
-1184
-1952
-2112
-1632
-624
560
1568
2112
1984
1248
156
-976
-1760
-1952
-1568
-752
264
1120
1632
1568
992
248
-496
-992
-1184
-976
-488
41
456
624
560
360
102
-66
-106
-33
70
110
17
-196
-456
-624
-592
-312
156
688
1056
1120
880
228
-560
-1248
-1632
-1504
-848
114
1056
1824
1952
1504
528
-592
-1568
-2112
-1984
-1184
-94
1056
1888
2112
1696
784
-376
-1376
-1952
-1888
-1248
-264
720
1376
1632
1376
688
-110
-784
-1120
-1120
-752
-244
248
560
624
488
236
7
-102
-82
15
102
82
-66
-312
-528
-624
-496
-118
408
912
1120
1056
592
-132
-912
-1504
-1632
-1248
-424
592
1440
1952
1824
1120
23
-1056
-1888
-2112
-1696
-720
472
1504
1984
1984
1312
244
-880
-1696
-1984
-1632
-816
196
1056
1568
1568
1056
312
-456
-992
-1184
-992
-528
1
424
624
560
376
122
-61
-110
-41
62
110
29
-172
-440
-592
-592
-344
114
656
1056
1184
912
280
-496
-1184
-1632
-1504
-912
35
992
1760
1952
1568
624
-496
-1504
-2112
-1984
-1312
-188
992
1888
2112
1760
848
-280
-1312
-1888
-1888
-1312
-344
624
1376
1632
1376
752
-49
-752
-1120
-1120
-784
-280
220
528
624
496
248
21
-98
-86
7
98
90
-53
-296
-528
-624
-496
-148
360
880
1120
1056
656
-70
-880
-1440
-1632
-1248
-496
496
1440
1952
1888
1184
114
-992
-1888
-2112
-1760
-816
376
1440
1984
1984
1376
328
-816
-1632
-1984
-1696
-880
122
992
1568
1568
1120
376
-392
-976
-1184
-992
-560
-35
408
624
592
392
140
-51
-110
-49
57
110
39
-156
-408
-592
-592
-376
74
592
992
1184
944
344
-456
-1184
-1632
-1568
-976
-43
976
1696
1952
1632
720
-424
-1440
-1984
-1984
-1376
-280
912
1824
2112
1824
944
-204
-1248
-1888
-1952
-1376
-440
560
1312
1632
1440
816
9
-688
-1120
-1120
-848
-312
188
528
624
496
264
37
-94
-94
1
94
94
-37
-264
-496
-624
-528
-188
312
848
1120
1120
688
-9
-816
-1440
-1632
-1312
-560
440
1376
1952
1888
1248
204
-944
-1824
-2112
-1824
-912
280
1376
1984
1984
1440
424
-720
-1632
-1952
-1696
-976
43
976
1568
1632
1184
456
-344
-944
-1184
-992
-592
-74
376
592
592
408
156
-39
-110
-57
49
110
51
-140
-392
-592
-624
-408
35
560
992
1184
976
392
-376
-1120
-1568
-1568
-992
-122
880
1696
1984
1632
816
-328
-1376
-1984
-1984
-1440
-376
816
1760
2112
1888
992
-114
-1184
-1888
-1952
-1440
-496
496
1248
1632
1440
880
70
-656
-1056
1
1120
1952
2112
1632
592
-560
-1568
-1984
-1824
-1056
-37
976
1632
1760
1312
496
-408
-1120
-1440
-1312
-752
-49
592
976
992
720
280
-180
-488
-560
-472
-244
-17
106
114
33
-47
-53
53
244
424
488
360
55
-376
-752
-976
-848
-408
236
880
1312
1312
944
148
-720
-1440
-1760
-1440
-688
328
1312
1952
1952
1312
244
-912
-1824
-2112
-1824
-880
344
1440
1984
1984
1376
280
-880
-1760
-1984
-1696
-848
264
1248
1824
1760
1184
264
-656
-1312
-1504
-1248
-592
156
784
1056
992
688
156
-312
-592
-656
-488
-212
37
180
180
98
5
-15
62
220
360
392
248
-49
-440
-752
-880
-688
-228
392
976
1312
1184
688
-90
-944
-1504
-1696
-1248
-424
592
1504
1952
1760
992
-78
-1184
-1952
-1984
-1568
-528
656
1696
2112
1952
1120
-41
-1184
-1952
-1984
-1504
-528
560
1504
1888
1696
976
1
-912
-1504
-1568
-1120
-424
376
976
1184
992
592
17
-472
-720
-720
-488
-164
114
248
248
156
43
1
55
180
296
296
156
-132
-472
-720
-784
-528
-59
528
992
1248
1056
488
-312
-1056
-1568
-1568
-992
-140
848
1632
1952
1568
720
-392
-1440
-1984
-1984
-1312
-212
976
1888
2112
1760
816
-376
-1440
-1984
-1984
-1312
-244
880
1696
1952
1568
720
-280
-1120
-1632
-1568
-992
-204
592
1120
1248
992
472
-140
-624
-816
-752
-456
-94
204
344
328
204
62
-5
27
124
220
220
70
-196
-488
-688
-656
-392
94
624
1056
1120
880
248
-496
-1184
-1568
-1376
-784
132
1056
1760
1824
1376
424
-688
-1632
-1984
-1888
-992
124
1248
1984
2112
1568
496
-688
-1696
-2112
-1888
-1056
82
1120
1888
1952
1376
472
-560
-1376
-1696
-1504
-848
29
816
1248
1312
944
312
-312
-784
-912
-752
-408
1
312
440
392
236
61
-31
-17
66
148
140
5
-228
-488
-624
-528
-244
220
720
992
992
688
51
-688
-1248
-1504
-1184
-528
392
1248
1760
1760
1120
114
-976
-1760
-1984
-1632
-720
456
1504
2112
1984
1312
172
-992
-1888
-2112
-1696
-752
408
1440
1984
1888
1184
188
-848
-1568
-1760
-1376
-624
280
992
1376
1312
816
140
-496
-912
-992
-752
-328
114
424
528
440
244
37
-78
-78
1
78
78
-37
-244
-440
-528
-424
-114
328
752
992
912
496
-140
-816
-1312
-1376
-992
-280
624
1376
1760
1568
848
-188
-1184
-1888
-1984
-1440
-408
752
1696
2112
1888
992
-172
-1312
-1984
-2112
-1504
-456
720
1632
1984
1760
976
-114
-1120
-1760
-1760
-1248
-392
528
1184
1504
1248
688
-51
-688
-992
-992
-720
-220
244
528
624
488
228
-5
-140
-148
-66
17
31
-61
-236
-392
-440
-312
1
408
752
912
784
312
-312
-944
-1312
-1248
-816
-29
848
1504
1696
1376
560
-472
-1376
-1952
-1888
-1120
-82
1056
1888
2112
1696
688
-496
-1568
-2112
-1984
