1651 2 0 0 0
1
1632
2112
1184
-496
-1888
-1952
-752
912
1888
1568
248
-1120
-1696
-1120
148
1184
1376
624
-408
-992
-944
-248
456
720
488
19
-296
-296
-118
15
-21
-124
-98
148
440
488
118
-488
-880
-688
62
912
1248
688
-424
-1376
-1440
-496
880
1760
1504
148
-1376
-1984
-1312
328
1760
1984
944
-816
-1984
-1888
-472
1248
2112
1568
-41
-1568
-1984
-1056
488
1632
1696
592
-784
-1568
-1248
-172
912
1248
784
-124
-816
-880
-376
236
528
424
90
-140
-140
-25
-1
-132
-296
-244
110
528
688
312
-408
-992
-944
-188
816
1376
992
-122
-1312
-1696
-912
560
1760
1760
560
-1056
-1984
-1632
-124
1504
2112
1312
-376
-1824
-1984
-912
848
1984
1760
392
-1184
-1952
-1376
70
1376
1696
880
-424
-1312
-1312
-440
592
1120
848
94
-560
-752
-408
70
344
296
90
-33
15
114
55
-196
-456
-424
1
560
880
560
-248
-992
-1184
-488
656
1440
1312
228
-1120
-1824
-1248
188
1568
1952
992
-688
-1952
-1952
-560
1120
2112
1696
86
-1568
-2112
-1248
408
1760
1952
784
-816
-1824
-1568
-296
992
1632
1056
-86
-1056
-1248
-624
312
912
816
244
-344
-560
-376
-29
180
148
27
9
148
280
172
-196
-560
-624
-172
528
992
816
-23
-992
-1376
-816
392
1440
1568
592
-848
-1824
-1568
-236
1312
1984
1376
-248
-1760
-2112
-992
752
1984
1952
528
-1184
-1984
-1568
-39
1440
1952
1120
-392
-1568
-1632
-624
688
1440
1184
204
-784
-1120
-720
74
688
720
328
-164
-392
-280
-61
53
-7
-94
-11
244
456
344
-118
-656
-816
-408
424
1056
1056
248
-848
-1504
-1120
62
1312
1760
992
-496
-1760
-1888
-656
992
1984
1696
212
-1440
-2112
-1376
296
1824
1984
976
-752
-1952
-1760
-456
1056
1888
1376
1
-1248
-1632
-880
344
1184
1184
440
-496
-976
-752
-110
456
592
328
-37
-220
-156
-23
-17
-156
-248
-106
264
592
528
31
-656
-992
-656
236
1120
1312
592
-624
-1568
-1440
-312
1120
1888
1376
-118
-1568
-1984
-1056
592
1952
1984
656
-1056
-2112
-1696
-164
1440
2112
1312
-312
-1696
-1888
-816
688
1696
1504
344
-944
-1504
-992
25
944
1120
592
-244
-752
-688
-228
248
424
264
25
-70
1
70
-25
-264
-424
-248
228
688
752
244
-592
-1120
-944
-25
992
1504
944
-344
-1504
-1696
-688
816
1888
1696
312
-1312
-2112
-1440
164
1696
2112
1056
-656
-1984
-1952
-592
1056
1984
1568
118
-1376
-1888
-1120
312
1440
1568
624
-592
-1312
-1120
-236
656
992
656
-31
-528
-592
-264
106
248
156
17
23
156
220
37
-328
-592
-456
110
752
976
496
-440
-1184
-1184
-344
880
1632
1248
1
-1376
-1888
-1056
456
1760
1952
752
-976
-1984
-1824
-296
1376
2112
1440
-212
-1696
-1984
-992
656
1888
1760
496
-992
-1760
-1312
-62
1120
1504
848
-248
-1056
1
1632
2112
1184
-560
-1888
-1952
-656
992
1984
1568
98
-1312
-1824
-1056
376
1440
1504
560
-688
-1376
-1056
-124
816
1056
656
-156
-720
-720
-264
244
472
344
47
-140
-124
-21
-5
-124
-244
-148
156
496
528
140
-472
-880
-688
62
880
1184
624
-440
-1312
-1312
-392
912
1696
1312
-21
-1376
-1888
-1056
528
1824
1888
624
-1056
-1984
-1696
-82
1568
2112
1248
-488
-1888
-1984
-752
992
1984
1696
180
-1376
-1952
-1184
328
1568
1696
688
-720
-1504
-1248
-204
912
1312
816
-140
-912
-976
-408
312
688
560
106
-280
-376
-204
13
82
7
-41
61
248
328
110
-312
-624
-528
17
688
976
560
-328
-1120
-1184
-392
752
1504
1184
45
-1248
-1760
-992
440
1696
1824
656
-976
-1984
-1696
-164
1504
2112
1312
-408
-1888
-1984
-848
944
1984
1760
264
-1376
-1984
-1312
264
1632
1824
816
-720
-1696
-1440
-296
976
1504
992
-118
-992
-1184
-528
360
912
784
180
-424
-624
-392
13
264
248
86
-21
13
98
57
-156
-376
-360
-7
488
752
472
-228
-912
-992
-376
624
1312
1056
98
-1056
-1568
-992
344
1568
1696
688
-880
-1888
-1632
-244
1376
1984
1376
-312
-1824
-1984
-912
880
1984
1824
360
-1312
-2112
-1440
204
1696
1952
944
-688
-1760
-1632
-392
992
1696
1120
-70
-1120
-1376
-688
392
1056
992
280
-496
-848
-592
-1
456
496
236
-86
-212
-132
-15
-21
-132
-180
-17
296
496
360
-140
-656
-816
-344
472
1056
976
132
-912
-1376
-944
248
1376
1632
720
-752
-1760
-1568
-296
1248
1984
1376
-228
-1696
-1984
-976
784
1984
1888
456
-1312
-2112
-1504
124
1696
1984
992
-656
-1888
-1760
-496
1056
1824
1312
-11
-1248
-1568
-848
392
1248
1184
376
-592
-1056
-784
-39
592
752
392
-124
-424
-376
-106
98
118
19
-5
110
248
220
-74
-456
-592
-280
344
848
816
148
-720
-1184
-848
164
1184
1440
688
-624
-1568
-1504
-344
1120
1888
1376
-140
-1632
-1984
-992
688
1984
1888
528
-1184
-2112
-1632
43
1632
2112
1120
-592
-1888
-1888
-592
1056
1952
1440
59
-1312
-1760
-992
376
1376
1440
496
-656
-1248
-992
-94
752
992
560
-148
-624
-592
-220
204
360
236
23
-61
1
61
-23
-236
-360
-204
220
592
624
148
-560
-992
-752
94
992
1248
656
-496
-1440
-1376
-376
992
1760
1312
-59
-1440
-1952
-1056
592
1888
1888
592
-1120
-2112
-1632
-43
1632
2112
1184
-528
-1888
-1984
-688
992
1984
1632
140
-1376
-1888
-1120
344
1504
1568
624
-688
-1440
-1184
-164
848
1184
720
-148
-816
-848
-344
280
592
456
74
-220
-248
-110
5
-19
-118
-98
106
376
424
124
-392
-752
-592
39
784
1056
592
-376
-1184
-1248
-392
848
1568
1248
11
-1312
-1824
-1056
496
1760
1888
656
-992
-1984
-1696
-124
1504
2112
1312
-456
-1888
-1984
