1651 2 0 0 0
1
1376
2112
1760
656
-688
-1568
-1632
-944
59
816
992
688
180
-172
-188
1
122
-35
-440
-816
-816
-280
592
1376
1632
976
-248
-1504
-1984
-1696
-424
992
1984
1984
1056
-344
-1440
-1824
-1248
-244
720
1120
944
392
-132
-328
-212
1
23
-236
-592
-752
-440
312
1120
1504
1184
124
-1120
-1952
-1888
-816
624
1824
2112
1440
57
-1248
-1888
-1568
-592
496
1184
1184
656
-11
-408
-424
-180
1
-78
-376
-592
-496
61
816
1376
1248
456
-752
-1760
-1952
-1184
220
1568
2112
1760
488
-944
-1888
-1824
-944
244
1120
1376
944
188
-408
-592
-392
-106
1
-164
-424
-472
-118
528
1120
1248
688
-376
-1440
-1888
-1440
-204
1184
1984
1952
912
-560
-1696
-1984
-1312
-98
992
1504
1184
456
-312
-688
-624
-264
-1
1
-212
-360
-212
296
880
1184
848
-47
-1120
-1760
-1632
-592
816
1888
2112
1248
-156
-1504
-1984
-1632
-488
784
1504
1440
752
-140
-752
-816
-496
-90
98
1
-204
-220
102
624
992
912
228
-784
-1568
-1696
-912
408
1632
2112
1568
264
-1184
-1984
-1888
-880
472
1440
1696
1056
114
-688
-992
-752
-248
122
180
1
-140
-15
392
816
912
440
-456
-1312
-1632
-1120
5
1312
1984
1824
688
-784
-1888
-1984
-1248
94
1312
1824
1376
424
-560
-1056
-992
-472
57
296
212
1
-51
188
560
784
528
-156
-992
-1504
-1312
-344
944
1888
1952
1056
-376
-1696
-2112
-1632
-312
992
1824
1696
784
-328
-1056
-1184
-752
-90
344
408
196
1
55
344
624
560
66
-720
-1312
-1376
-656
528
1632
1984
1376
49
-1376
-2112
-1888
-720
720
1760
1888
1120
-33
-992
-1376
-992
-312
312
560
408
124
1
148
424
496
220
-440
-1056
-1312
-848
180
1312
1888
1568
456
-976
-1984
-1984
-1120
312
1568
1984
1440
328
-848
-1440
-1248
-592
196
656
624
312
27
1
204
392
280
-196
-816
-1184
-976
-140
976
1760
1760
816
-560
-1760
-2112
-1504
-110
1248
1984
1760
720
-560
-1440
-1504
-912
-7
656
816
528
140
-74
1
212
248
-21
-560
-992
-992
-392
592
1504
1760
1120
-156
-1440
-2112
-1760
-528
944
1952
1984
1056
-236
-1312
-1696
-1184
-280
560
944
784
312
-70
-164
1
164
70
-312
-784
-944
-560
280
1184
1696
1312
236
-1056
-1984
-1952
-944
528
1760
2112
1440
156
-1120
-1760
-1504
-592
392
992
992
560
21
-248
-212
1
74
-140
-528
-816
-656
7
912
1504
1440
560
-720
-1760
-1984
-1248
110
1504
2112
1760
560
-816
-1760
-1760
-976
140
976
1184
816
196
-280
-392
-204
1
-27
-312
-624
-656
-196
592
1248
1440
848
-328
-1440
-1984
-1568
-312
1120
1984
1984
976
-456
-1568
-1888
-1312
-180
848
1312
1056
440
-220
-496
-424
-148
1
-124
-408
-560
-312
312
992
1376
992
33
-1120
-1888
-1760
-720
720
1888
1
1376
2112
1760
592
-784
-1696
-1696
-912
164
976
1184
784
148
-328
-440
-248
-35
-25
-248
-496
-488
-61
624
1184
1184
528
-528
-1568
-1824
-1184
86
1440
2112
1760
528
-944
-1952
-1984
-1056
296
1376
1696
1184
204
-688
-1056
-880
-344
164
344
228
21
-3
228
528
624
296
-408
-1120
-1376
-912
140
1248
1888
1568
440
-992
-1984
-1984
-1056
424
1696
1984
1440
188
-992
-1632
-1376
-528
392
944
944
488
-7
-248
-188
5
57
-164
-528
-752
-496
140
976
1440
1184
280
-944
-1824
-1888
-944
496
1760
2112
1504
118
-1248
-1984
-1760
-656
624
1440
1504
848
-70
-752
-912
-560
-124
148
132
-49
-124
74
488
816
720
140
-720
-1376
-1440
-720
496
1632
1984
1376
23
-1376
-2112
-1824
-656
816
1824
1888
1056
-180
-1184
-1504
-1056
-236
496
816
624
236
-62
-82
94
204
39
-392
-816
-912
-440
440
1312
1632
1056
-59
-1312
-1984
-1760
-560
944
1984
1984
1120
-296
-1504
-1952
-1376
-264
848
1376
1184
496
-248
-688
-624
-296
-7
37
-132
-280
-172
248
784
992
720
-102
-1056
-1632
-1440
-424
944
1888
1984
1056
-408
-1696
-2112
-1568
-228
1120
1888
1632
688
-472
-1184
-1248
-720
1
496
592
344
61
-5
156
360
312
-86
-688
-1056
-992
-248
784
1568
1696
880
-456
-1696
-2112
-1504
-140
1312
2112
1888
720
-656
-1632
-1760
-992
70
976
1248
912
228
-328
-496
-344
-86
-1
-164
-408
-456
-110
528
1056
1184
592
-440
-1440
-1824
-1248
-47
1312
1984
1888
688
-816
-1888
-1984
-1184
180
1312
1760
1312
312
-656
-1120
-992
-424
140
408
312
90
-5
148
440
560
312
-312
-992
-1312
-944
31
1120
1824
1632
560
-880
-1952
-1984
-1184
280
1568
1984
1568
312
-976
-1696
-1504
-656
328
976
992
560
33
-280
-264
-74
37
-106
-440
-656
-528
62
848
1376
1184
376
-816
-1760
-1888
-992
360
1632
2112
1632
248
-1184
-1984
-1824
-784
528
1440
1568
976
9
-752
-976
-688
-188
172
212
41
-86
35
392
720
720
204
-624
-1312
-1440
-784
392
1504
1984
1440
164
-1248
-2112
-1952
-784
688
1824
1952
1184
-62
-1120
-1568
-1184
-328
488
880
720
312
-57
-148
1
148
57
-312
-720
-880
-488
328
1184
1568
1120
62
-1184
-1952
-1824
-688
784
1952
2112
1248
-164
-1440
-1984
-1504
-392
784
1440
1312
624
-204
-720
-720
-392
-35
86
-41
-212
-172
188
688
976
752
-9
-976
-1568
-1440
-528
784
1824
1984
1184
-248
-1632
-2112
-1632
-360
992
1888
1760
816
-376
-1184
-1376
-848
-62
528
656
440
106
-37
74
264
280
-33
-560
-992
-976
-328
656
1504
1696
976
-312
-1568
-1984
-1568
-280
1184
1984
1952
880
-560
-1632
-1824
-1120
-31
944
1312
992
312
-312
-560
-440
-148
5
-90
-312
-408
-140
424
992
1120
