1651 2 0 0 0
1
1120
1888
1952
1376
528
-312
-816
-848
-528
-156
5
-164
-560
-976
-992
-624
204
1184
1888
1984
1504
456
-720
-1632
-1888
-1568
-784
19
560
688
440
106
-55
118
560
1056
1248
944
156
-880
-1760
-2112
-1824
-880
280
1248
1760
1632
992
236
-328
-496
-328
-13
148
-17
-496
-1056
-1376
-1248
-528
496
1504
2112
1984
1248
148
-912
-1568
-1568
-1120
-440
124
344
204
-98
-280
-124
376
992
1504
1504
944
-94
-1184
-1984
-2112
-1568
-560
496
1248
1504
1184
560
41
-196
-82
220
440
312
-188
-912
-1504
-1696
-1312
-344
816
1760
2112
1824
944
-114
-976
-1312
-1120
-656
-156
82
-17
-328
-592
-528
-51
720
1440
1888
1632
784
-392
-1440
-1984
-1952
-1248
-264
624
1056
1056
656
228
-11
86
424
752
752
328
-472
-1312
-1888
-1888
-1184
-59
1056
1888
1984
1504
592
-296
-848
-944
-624
-236
-5
-110
-488
-880
-976
-624
148
1056
1824
1984
1568
496
-688
-1632
-1952
-1632
-880
-15
592
752
528
196
-21
82
488
944
1184
944
196
-816
-1696
-2112
-1824
-944
236
1248
1824
1696
1056
280
-344
-560
-440
-114
98
1
-424
-976
-1312
-1184
-560
440
1440
1984
1984
1312
212
-880
-1568
-1696
-1184
-496
114
392
296
7
-212
-124
312
944
1440
1440
944
-39
-1120
-1952
-2112
-1632
-624
472
1248
1568
1248
656
70
-236
-172
110
344
296
-140
-816
-1440
-1696
-1312
-392
752
1760
2112
1888
992
-66
-976
-1376
-1248
-752
-204
102
62
-228
-496
-496
-78
656
1376
1824
1632
816
-328
-1440
-1984
-1984
-1312
-312
592
1120
1120
784
280
-13
17
312
624
688
344
-408
-1248
-1824
-1888
-1184
-118
1056
1888
1984
1568
656
-264
-880
-992
-752
-312
-25
-59
-376
-752
-912
-624
102
992
1760
1984
1568
560
-624
-1568
-1984
-1696
-944
-57
592
848
656
280
13
51
392
848
1056
912
236
-720
-1632
-1984
-1888
-992
172
1248
1824
1760
1120
344
-344
-656
-528
-220
41
7
-360
-880
-1248
-1184
-592
376
1376
1984
1984
1376
264
-848
-1568
-1760
-1312
-560
98
456
408
118
-140
-118
248
848
1312
1440
976
13
-1056
-1952
-2112
-1696
-688
440
1312
1632
1376
752
102
-264
-264
1
264
264
-102
-752
-1376
-1632
-1312
-440
688
1696
2112
1952
1056
-13
-976
-1440
-1312
-848
-248
118
140
-118
-408
-456
-98
560
1312
1760
1568
848
-264
-1376
-1984
-1984
-1376
-376
592
1184
1248
880
360
-7
-41
220
528
656
344
-344
-1120
-1760
-1824
-1248
-172
992
1888
1984
1632
720
-236
-912
-1056
-848
-392
-51
-13
-280
-656
-848
-592
57
944
1696
1984
1568
624
-560
-1568
-1984
-1760
-992
-102
624
912
752
376
59
25
312
752
992
880
264
-656
-1568
-1984
-1888
-1056
118
1184
1888
1824
1248
408
-344
-688
-624
-312
-17
13
-280
-784
1
1120
1888
1952
1376
488
-392
-944
-976
-656
-236
-1
-86
-424
-752
-784
-392
376
1248
1824
1888
1184
82
-1056
-1888
-1984
-1568
-592
376
992
1184
880
392
21
-41
188
496
624
360
-280
-1056
-1696
-1760
-1184
-164
992
1888
2112
1696
720
-344
-1120
-1376
-1056
-560
-61
148
35
-248
-456
-312
196
912
1504
1696
1184
244
-912
-1824
-2112
-1760
-816
296
1184
1504
1312
720
118
-244
-248
1
248
244
-118
-720
-1312
-1504
-1184
-296
816
1760
2112
1824
912
-244
-1184
-1696
-1504
-912
-196
312
456
248
-35
-148
61
560
1056
1376
1120
344
-720
-1696
-2112
-1888
-992
164
1184
1760
1696
1056
280
-360
-624
-496
-188
41
-21
-392
-880
-1184
-992
-376
592
1568
1984
1888
1056
-82
-1184
-1888
-1824
-1248
-376
392
784
752
424
86
1
236
656
976
944
392
-488
-1376
-1952
-1888
-1120
1
1120
1888
1952
1376
488
-392
-944
-976
-656
-236
-1
-86
-424
-752
-784
-392
376
1248
1824
1888
1184
82
-1056
-1888
-1984
-1568
-592
376
992
1184
880
392
21
-41
188
496
624
360
-280
-1056
-1696
-1760
-1184
-164
992
1888
2112
1696
720
-344
-1120
-1376
-1056
-560
-61
148
35
-248
-456
-312
196
912
1504
1696
1184
244
-912
-1824
-2112
-1760
-816
296
1184
1504
1312
720
118
-244
-248
1
248
244
-118
-720
-1312
-1504
-1184
-296
816
1760
2112
1824
912
-244
-1184
-1696
-1504
-912
-196
312
456
248
-35
-148
61
560
1056
1376
1120
344
-720
-1696
-2112
-1888
-992
164
1184
1760
1696
1056
280
-360
-624
-496
-188
41
-21
-392
-880
-1184
-992
-376
592
1568
1984
1888
1056
-82
-1184
-1888
-1824
-1248
-376
392
784
752
424
86
1
236
656
976
944
392
-488
-1376
-1952
-1888
-1120
1
1120
1888
1952
1376
488
-392
-944
-976
-656
-236
-1
-86
-424
-752
-784
-392
376
1248
1824
1888
1184
82
-1056
-1888
-1984
-1568
-592
376
992
1184
880
392
21
-41
188
496
624
360
-280
-1056
-1696
-1760
-1184
-164
992
1888
2112
1696
720
-344
-1120
-1376
-1056
-560
-61
148
35
-248
-456
-312
196
912
1504
1696
1184
244
-912
-1824
-2112
-1760
-816
296
1184
1504
1312
720
118
-244
-248
1
248
244
-118
-720
-1312
-1504
-1184
-296
816
1760
2112
1824
912
-244
-1184
-1696
-1504
-912
-196
312
456
248
-35
-148
61
560
1056
1376
1120
344
-720
-1696
-2112
-1888
-992
164
1184
1760
1696
1056
280
-360
-624
-496
-188
41
-21
-392
-880
-1184
-992
-376
592
1568
1984
1888
1056
-82
-1184
-1888
-1824
-1248
-376
392
784
752
424
86
1
236
656
976
944
392
-488
-1376
-1952
-1888
-1120
1
1120
1888
1952
1376
488
-392
-944
-976
-656
-236
-1
-86
-424
-752
-784
-392
376
1248
1824
1888
1184
82
-1056
-1888
-1984
-1568
-592
376
992
1184
880
