1651 2 0 0 0
1
1248
1888
1504
624
-110
-204
228
624
440
-440
-1504
-1984
-1696
-496
784
1440
1248
560
35
86
624
1056
912
-59
-1312
-2112
-1952
-944
280
976
912
344
-37
188
912
1504
1376
440
-944
-1888
-1952
-1120
-102
496
440
-49
-312
62
976
1760
1824
944
-424
-1504
-1760
-1184
-312
172
5
-496
-720
-248
816
1824
2112
1376
86
-992
-1376
-992
-312
5
-296
-944
-1184
-720
456
1632
2112
1696
496
-528
-944
-624
-90
57
-424
-1184
-1632
-1184
-23
1312
1984
1760
784
-140
-488
-188
280
312
-328
-1312
-1952
-1696
-528
816
1632
1568
848
86
-124
248
752
720
-31
-1184
-1984
-1984
-992
296
1184
1248
688
106
61
560
1184
1184
424
-880
-1952
-1984
-1312
-140
688
816
344
-86
33
720
1504
1696
944
-408
-1568
-1984
-1440
-440
296
344
-94
-456
-204
656
1632
1984
1376
118
-1120
-1696
-1312
-528
39
-21
-528
-912
-592
392
1568
2112
1760
592
-624
-1184
-992
-392
-1
-236
-880
-1376
-1056
-47
1248
1984
1888
944
-164
-752
-592
-74
172
-228
-1056
-1696
-1568
-560
816
1824
1824
1056
140
-328
-132
360
528
-9
-992
-1888
-1952
-1056
296
1312
1568
992
248
-57
248
816
992
376
-784
-1888
-2112
-1440
-188
848
1120
720
148
7
488
1184
1440
880
-360
-1632
-2112
-1632
-528
392
688
312
-148
-140
496
1376
1824
1376
140
-1184
-1888
-1568
-720
61
248
-132
-560
-488
312
1376
1984
1760
656
-656
-1440
-1376
-688
-74
-35
-528
-992
-944
-62
1184
1984
1984
1056
-180
-976
-976
-440
5
-124
-784
-1440
-1440
-560
784
1888
1984
1248
204
-496
-496
-41
280
1
-848
-1696
-1888
-1056
280
1440
1824
1312
408
-164
-82
408
720
328
-688
-1760
-2112
-1504
-228
976
1440
1056
392
-3
228
816
1184
784
-312
-1568
-2112
-1760
-656
472
976
720
164
-62
344
1120
1632
1248
164
-1184
-1984
-1824
-912
70
496
264
-212
-328
236
1184
1888
1760
688
-688
-1632
-1632
-976
-148
148
-156
-656
-752
-70
1056
1984
1984
1120
-180
-1120
-1312
-784
-164
-25
-488
-1056
-1184
-528
720
1824
2112
1440
264
-656
-880
-440
37
7
-624
-1376
-1696
-992
248
1504
1984
1568
528
-248
-408
1
408
248
-528
-1568
-1984
-1504
-248
992
1696
1376
624
-7
-37
440
880
656
-264
-1440
-2112
-1824
-720
528
1184
1056
488
25
164
784
1312
1120
180
-1120
-1984
-1984
-1056
70
752
656
156
-148
148
976
1632
1632
688
-688
-1760
-1888
-1184
-236
328
212
-264
-496
-70
912
1824
1984
1184
-164
-1248
-1632
-1120
-344
62
-164
-720
-976
-472
656
1760
2112
1568
312
-784
-1184
-816
-228
3
-392
-1056
-1440
-976
228
1504
2112
1760
688
-328
-720
-408
82
164
-408
-1312
-1824
-1440
-280
1056
1888
1696
848
-1
-280
41
496
496
-204
-1248
-1984
-1888
1
1312
1888
1504
592
-148
-280
110
496
328
-496
-1504
-1984
-1504
-280
992
1696
1440
656
-27
-110
328
720
528
-360
-1440
-2112
-1760
-560
752
1504
1312
624
39
27
496
976
784
-148
-1376
-2112
-1888
-816
488
1248
1120
560
51
114
656
1184
992
86
-1184
-1984
-1984
-992
228
992
976
440
1
148
784
1376
1248
360
-992
-1984
-1984
-1184
-5
752
752
264
-98
122
848
1568
1504
624
-752
-1824
-1984
-1248
-196
496
496
62
-248
35
880
1632
1760
912
-472
-1632
-1952
-1312
-344
312
296
-148
-440
-102
816
1696
1952
1184
-172
-1376
-1760
-1312
-424
156
102
-376
-656
-280
688
1696
1984
1440
106
-1120
-1632
-1184
-456
51
-66
-560
-912
-496
528
1632
2112
1632
376
-848
-1376
-1056
-424
1
-188
-784
-1120
-752
312
1568
2112
1760
624
-560
-1120
-944
-328
3
-264
-944
-1376
-992
70
1376
2112
1888
816
-328
-912
-720
-196
66
-280
-992
-1568
-1312
-204
1120
1984
1888
976
-110
-656
-496
-21
188
-244
-1056
-1696
-1568
-488
912
1888
1888
1056
66
-456
-280
180
344
-132
-1056
-1824
-1760
-784
624
1632
1760
1056
196
-264
-78
408
560
13
-992
-1888
-1952
-992
344
1440
1632
1056
264
-122
114
624
784
212
-912
-1888
-1984
-1248
62
1120
1440
992
280
-29
264
848
992
456
-720
-1824
-2112
-1440
-196
912
1248
848
236
3
376
992
1248
720
-496
-1696
-2112
-1632
-440
624
992
688
132
-17
440
1120
1504
976
-244
-1504
-2112
-1696
-624
392
784
488
-11
-98
456
1248
1696
1248
33
-1312
-1984
-1760
-752
188
528
264
-196
-236
392
1312
1888
1504
312
-1056
-1888
-1696
-848
27
344
41
-408
-408
264
1312
1952
1696
592
-784
-1632
-1632
-880
-86
172
-164
-624
-624
106
1184
1984
1888
880
-496
-1376
-1440
-848
-140
41
-344
-848
-880
-106
1056
1984
1984
1056
-220
-1120
-1248
-752
-140
-33
-496
-1056
-1120
-344
912
1952
2112
1248
35
-912
-1056
-592
-78
-53
-592
-1248
-1376
-624
688
1824
2112
1440
248
-656
-848
-424
35
-11
-656
-1376
-1568
-912
424
1632
1984
1504
440
-424
-592
-220
196
82
-624
-1504
-1824
-1120
140
1440
1952
1504
560
-236
-392
1
392
236
-560
-1504
-1952
-1440
-140
1120
1824
1504
624
-82
-196
220
592
424
-440
-1504
-1984
-1632
-424
912
1568
1376
656
11
-35
424
848
656
-248
-1440
-2112
-1824
-688
624
1376
1248
592
53
78
592
1056
912
-35
-1248
-2112
-1952
-912
344
1120
1056
496
33
140
752
1248
1120
220
-1056
-1984
-1984
-1056
106
880
848
344
-41
140
848
1440
1376
496
-880
-1888
-1984
-1184
-106
624
624
164
-172
86
880
1632
1632
784
-592
-1696
-1952
-1312
-264
408
408
-41
-344
-27
848
1696
1888
1056
-312
-1504
-1888
-1312
-392
236
196
-264
-528
-188
