1651 2 0 0 0
1
1248
1984
1984
1312
188
-880
-1504
-1504
-992
-236
408
688
624
328
61
1
172
424
528
312
-220
-880
-1376
-1376
-784
212
1248
1952
1952
1184
-43
-1248
-1984
-1984
-1312
-156
976
1632
1632
1056
244
-496
-880
-816
-488
-114
70
1
-212
-344
-228
196
752
1184
1184
688
-228
-1184
-1888
-1888
-1120
82
1312
1984
1984
1312
122
-992
-1760
-1760
-1120
-244
592
1056
992
624
156
-140
-172
1
172
140
-156
-624
-992
-1056
-592
244
1120
1760
1760
992
-122
-1312
-1984
-1984
-1312
-82
1120
1888
1888
1184
228
-688
-1184
-1184
-752
-196
228
344
212
1
-70
114
488
816
880
496
-244
-1056
-1632
-1632
-976
156
1312
1984
1984
1248
43
-1184
-1952
-1952
-1248
-212
784
1376
1376
880
220
-312
-528
-424
-172
1
-61
-328
-624
-688
-408
236
992
1504
1504
880
-188
-1312
-1984
-1984
-1248
1
1248
1984
1984
1312
188
-880
-1504
-1504
-992
-236
408
688
624
328
61
1
172
424
528
312
-220
-880
-1376
-1376
-784
212
1248
1952
1952
1184
-43
-1248
-1984
-1984
-1312
-156
976
1632
1632
1056
244
-496
-880
-816
-488
-114
70
1
-212
-344
-228
196
752
1184
1184
688
-228
-1184
-1888
-1888
-1120
82
1312
1984
1984
1312
122
-992
-1760
-1760
-1120
-244
592
1056
992
624
156
-140
-172
1
172
140
-156
-624
-992
-1056
-592
244
1120
1760
1760
992
-122
-1312
-1984
-1984
-1312
-82
1120
1888
1888
1184
228
-688
-1184
-1184
-752
-196
228
344
212
1
-70
114
488
816
880
496
-244
-1056
-1632
-1632
-976
156
1312
1984
1984
1248
43
-1184
-1952
-1952
-1248
-212
784
1376
1376
880
220
-312
-528
-424
-172
1
-61
-328
-624
-688
-408
236
992
1504
1504
880
-188
-1312
-1984
-1984
-1248
1
1248
1984
1984
1312
188
-880
-1504
-1504
-992
-236
408
688
624
328
61
1
172
424
528
312
-220
-880
-1376
-1376
-784
212
1248
1952
1952
1184
-43
-1248
-1984
-1984
-1312
-156
976
1632
1632
1056
244
-496
-880
-816
-488
-114
70
1
-212
-344
-228
196
752
1184
1184
688
-228
-1184
-1888
-1888
-1120
82
1312
1984
1984
1312
122
-992
-1760
-1760
-1120
-244
592
1056
992
624
156
-140
-172
1
172
140
-156
-624
-992
-1056
-592
244
1120
1760
1760
992
-122
-1312
-1984
-1984
-1312
-82
1120
1888
1888
1184
228
-688
-1184
-1184
-752
-196
228
344
212
1
-70
114
488
816
880
496
-244
-1056
-1632
-1632
-976
156
1312
1984
1984
1248
43
-1184
-1952
-1952
-1248
-212
784
1376
1376
880
220
-312
-528
-424
-172
1
-61
-328
-624
-688
-408
236
992
1504
1504
880
-188
-1312
-1984
-1984
-1248
1
1248
1984
1984
1312
188
-880
-1504
-1504
-992
-236
408
688
624
328
61
1
172
424
528
312
-220
-880
-1376
-1376
-784
212
1248
1952
1952
1184
-43
1
1248
1984
1984
1248
114
-976
-1632
-1568
-992
-156
560
912
816
472
82
-114
-66
118
236
118
-248
-720
-1056
-976
-392
488
1312
1760
1568
688
-528
-1632
-2112
-1888
-880
440
1568
1984
1760
880
-264
-1184
-1568
-1312
-656
98
624
784
560
236
-5
-19
148
344
328
21
-496
-992
-1184
-912
-140
848
1632
1888
1376
296
-944
-1888
-2112
-1568
-440
848
1760
1984
1440
488
-560
-1248
-1440
-992
-360
264
592
560
312
70
-1
148
392
496
328
-164
-784
-1248
-1312
-752
196
1184
1888
1888
1056
-118
-1312
-1984
-1984
-1248
-7
1184
1888
1824
1120
106
-816
-1248
-1184
-720
-110
344
472
328
102
-7
102
376
624
592
236
-424
-1056
-1440
-1248
-496
560
1568
1984
1696
752
-528
-1696
-2112
-1824
-848
408
1440
1888
1568
752
-212
-944
-1184
-944
-440
55
312
280
94
-51
5
280
624
816
624
41
-752
-1376
-1568
-1120
-172
976
1824
1984
1504
328
-976
-1888
-2112
-1504
-424
752
1568
1760
1248
392
-456
-976
-992
-656
-204
124
196
59
-114
-124
118
528
880
944
528
-236
-1056
-1632
-1632
-912
220
1376
1984
1984
1120
-110
-1312
-1984
-1952
-1184
-13
992
1632
1504
912
86
-592
-880
-752
-408
-51
98
13
-172
-264
-102
312
816
1056
976
344
-560
-1376
-1824
-1504
-592
624
1696
2112
1824
752
-528
-1632
-1984
-1696
-784
344
1184
1568
1248
560
-148
-624
-720
-496
-188
11
-15
-212
-392
-344
13
560
1056
1248
880
62
-944
-1696
-1888
-1312
-204
1056
1952
2112
1504
328
-944
-1824
-1952
-1376
-376
656
1312
1376
944
280
-296
-560
-496
-264
-41
-17
-204
-456
-528
-312
228
880
1312
1312
688
-280
-1312
-1952
-1824
-992
228
1440
2112
1984
1120
-98
-1248
-1888
-1760
-992
-17
848
1248
1120
656
59
-344
-440
-264
-57
13
-140
-440
-688
-624
-196
496
1184
1504
1248
440
-656
-1632
-1984
-1696
-624
656
1760
2112
1760
752
-496
-1440
-1824
-1504
-656
280
944
1120
880
376
-82
-296
-236
-39
78
-25
-344
-688
-848
-592
17
816
1440
1632
1056
82
-1056
-1888
-1984
-1376
-220
1056
1952
1984
1440
312
-848
-1568
-1696
-1120
-312
496
944
944
592
156
-124
-156
1
156
124
-156
-592
-944
-944
-496
312
1120
1696
1568
848
-312
-1440
-1984
-1952
-1056
220
1376
1984
1888
1056
-82
-1056
-1632
-1440
-816
-17
592
848
688
344
25
-78
39
236
296
82
-376
-880
-1120
-944
-280
656
1504
1824
1440
496
-752
-1760
-2112
-1760
-656
624
1696
1984
1632
656
-440
-1248
-1504
-1184
-496
196
624
688
440
140
-13
57
264
440
344
-59
-656
-1120
-1248
-848
17
992
1760
1888
1248
98
-1120
-1984
-2112
-1440
-228
992
1824
1952
1312
280
-688
-1312
-1312
-880
-228
312
528
456
204
17
41
264
496
560
296
-280
-944
