1651 2 0 0 0
1
1568
2112
1376
-94
-1440
-1824
-1056
140
1056
1184
624
-118
-496
-424
-122
1
-172
-408
-328
196
880
1120
656
-424
-1440
-1696
-848
656
1888
1984
880
-784
-1984
-1952
-752
816
1824
1632
528
-688
-1312
-1056
-280
408
592
360
49
1
204
344
114
-472
-992
-976
-188
944
1696
1376
172
-1312
-1984
-1568
-94
1504
2112
1504
-7
-1440
-1952
-1184
86
1120
1376
784
-98
-656
-624
-248
29
1
-212
-244
122
688
992
624
-328
-1312
-1632
-880
528
1760
1984
944
-688
-1952
-1984
-848
784
1888
1760
656
-688
-1440
-1248
-376
472
784
528
114
-106
1
180
94
-344
-816
-848
-220
784
1504
1312
244
-1184
-1984
-1632
-180
1376
2112
1568
82
-1440
-1984
-1376
13
1184
1504
944
-66
-752
-816
-408
43
164
1
-124
62
496
816
560
-236
-1120
-1504
-880
440
1632
1952
992
-592
-1952
-1984
-976
688
1888
1888
752
-656
-1568
-1376
-488
496
976
752
196
-196
-204
1
57
-212
-592
-688
-228
656
1312
1248
296
-1056
-1888
-1568
-264
1312
2112
1696
180
-1376
-1984
-1504
-66
1248
1696
1056
-15
-880
-992
-560
35
312
212
1
21
328
624
496
-156
-976
-1312
-848
328
1504
1888
992
-496
-1824
-1984
-992
624
1888
1952
880
-624
-1632
-1568
-592
496
1120
944
296
-264
-392
-188
1
-98
-408
-528
-220
496
1120
1120
328
-912
-1760
-1568
-344
1184
2112
1696
264
-1312
-2112
-1568
-156
1248
1824
1248
47
-944
-1184
-720
11
456
424
140
1
156
424
392
-90
-816
-1184
-816
244
1376
1760
1056
-408
-1760
-1984
-1120
528
1888
1984
992
-592
-1696
-1696
-720
496
1248
1120
408
-312
-560
-392
-74
1
-204
-376
-188
392
976
1056
360
-784
-1632
-1504
-408
1056
1984
1760
360
-1248
-2112
-1696
-248
1248
1888
1376
124
-992
-1376
-880
-27
560
624
296
-1
1
212
280
-41
-624
-992
-752
156
1184
1632
1056
-296
-1632
-1984
-1184
440
1824
2112
1056
-496
-1760
-1824
-848
496
1376
1312
496
-344
-752
-592
-164
82
1
-196
-140
264
784
912
360
-656
-1440
-1440
-456
976
1952
1760
456
-1184
-2112
-1760
-344
1184
1984
1504
212
-1056
-1504
-1056
-86
688
816
456
7
-148
1
148
-7
-456
-816
-688
86
1056
1504
1056
-212
-1504
-1984
-1184
344
1760
2112
1184
-456
-1760
-1952
-976
456
1440
1440
656
-360
-912
-784
-264
140
196
1
-82
164
592
752
344
-496
-1312
-1376
-496
848
1824
1760
496
-1056
-2112
-1824
-440
1184
1984
1632
296
-1056
-1632
-1184
-156
752
992
624
41
-280
-212
1
1
-296
-624
-560
27
880
1376
992
-124
-1376
-1888
-1248
248
1696
2112
1248
-360
-1760
-1984
-1056
408
1504
1632
784
-360
-1056
-976
-392
188
376
204
1
74
392
560
312
-408
-1120
-1248
-496
720
1696
1696
592
-992
-1984
-1888
1
1568
2112
1376
-156
-1504
-1824
-1056
248
1184
1312
624
-236
-720
-624
-220
82
66
-114
-124
196
624
784
344
-528
-1312
-1312
-424
944
1824
1632
360
-1248
-2112
-1696
-212
1376
2112
1504
39
-1376
-1824
-1120
94
1120
1312
720
-132
-624
-592
-236
49
27
-156
-172
156
656
880
456
-456
-1312
-1440
-560
784
1824
1760
560
-1056
-1984
-1824
-424
1184
1984
1632
236
-1184
-1824
-1248
-61
992
1248
752
-35
-560
-560
-244
21
-5
-204
-228
114
656
944
560
-344
-1248
-1504
-752
624
1760
1888
752
-880
-1984
-1952
-624
992
1984
1760
424
-1056
-1760
-1312
-212
880
1248
816
53
-488
-528
-244
1
-37
-244
-280
61
624
976
688
-236
-1184
-1568
-912
472
1696
1952
944
-688
-1952
-1984
-816
848
1952
1824
592
-880
-1696
-1440
-344
720
1184
848
132
-408
-488
-228
-7
-62
-280
-344
1
592
992
784
-106
-1120
-1632
-1056
280
1632
1984
1120
-496
-1888
-1984
-992
656
1888
1888
784
-688
-1632
-1440
-488
592
1120
880
204
-328
-440
-212
-9
-78
-328
-408
-70
560
1056
912
27
-1056
-1696
-1184
110
1504
1984
1312
-296
-1760
-2112
-1184
456
1760
1952
944
-528
-1504
-1504
-592
472
992
880
264
-248
-392
-188
-3
-90
-360
-472
-140
528
1056
992
164
-992
-1696
-1312
-74
1376
1984
1440
-82
-1632
-2112
-1376
248
1632
1952
1056
-344
-1440
-1504
-720
344
976
880
328
-188
-328
-156
7
-90
-392
-528
-228
472
1056
1120
312
-880
-1696
-1504
-264
1248
1984
1632
124
-1440
-2112
-1504
41
1504
1952
1184
-172
-1312
-1504
-816
212
880
880
360
-124
-280
-122
29
-86
-408
-592
-312
408
1056
1184
456
-752
-1696
-1568
-456
1056
1984
1760
328
-1312
-2112
-1632
-164
1312
1952
1312
1
-1184
-1504
-912
94
784
848
392
-74
-228
-82
59
-70
-424
-656
-408
312
1056
1248
592
-624
-1632
-1696
-624
944
1984
1888
528
-1120
-2112
-1760
-360
1184
1952
1440
172
-992
-1440
-976
-21
688
816
424
-23
-180
-43
94
-47
-440
-720
-496
236
1056
1376
752
-488
-1568
-1824
-816
752
1952
1952
752
-944
-1984
-1888
-560
992
1888
1504
328
-912
-1376
-992
-132
592
752
440
13
-132
1
132
-13
-440
-752
-592
132
992
1376
912
-328
-1504
-1888
-992
560
1888
1984
944
-752
-1952
-1952
-752
816
1824
1568
488
-752
-1376
-1056
-236
496
720
440
47
-94
43
180
23
-424
-816
-688
21
976
1440
992
-172
-1440
-1952
-1184
360
1760
2112
1120
-528
-1888
-1984
-944
624
1696
1632
624
-592
-1248
-1056
-312
408
656
424
70
-59
82
228
74
-392
-848
-784
-94
912
1504
1184
1
-1312
-1952
-1312
164
1632
2112
1312
-328
-1760
-1984
-1056
456
1568
1696
752
-456
-1184
-1056
-408
312
592
408
86
-29
122
280
124
-360
-880
-880
-212
