1651 2 0 0 0
1
1440
1984
1504
248
-944
-1376
-976
-244
248
244
-55
-148
220
848
1184
784
-312
-1504
-1984
-1376
94
1568
2112
1504
188
-1056
-1504
-1056
-244
360
424
122
-66
172
720
992
656
-344
-1440
-1888
-1248
180
1632
2112
1504
110
-1184
-1632
-1184
-236
488
592
296
3
118
560
848
528
-376
-1376
-1824
-1120
264
1632
2112
1440
23
-1312
-1760
-1248
-204
624
816
456
61
45
392
656
424
-392
-1312
-1696
-992
344
1696
2112
1440
-66
-1440
-1888
-1312
-164
752
976
592
102
-45
212
488
312
-392
-1184
-1504
-912
424
1696
2112
1376
-156
-1504
-1984
-1312
-110
912
1120
720
122
-148
23
296
220
-360
-1056
-1376
-784
472
1696
1984
1248
-248
-1632
-1984
-1312
-41
992
1312
848
124
-264
-164
124
132
-328
-976
-1184
-656
496
1696
1984
1184
-344
-1696
-2112
-1312
35
1184
1440
944
118
-392
-360
-43
66
-264
-816
-1056
-528
528
1632
1888
1056
-440
-1760
-2112
-1312
122
1312
1632
992
86
-528
-528
-204
13
-196
-656
-880
-440
560
1568
1760
976
-496
-1824
-2112
-1248
212
1440
1760
1056
45
-656
-720
-344
-21
-102
-488
-688
-328
560
1440
1632
848
-592
-1824
-2112
-1184
312
1568
1824
1120
-9
-816
-912
-488
-43
3
-296
-496
-244
528
1312
1504
752
-656
-1824
-1984
-1120
408
1696
1952
1120
-78
-976
-1056
-592
-45
124
-110
-344
-164
496
1184
1376
624
-688
-1824
-1984
-1056
496
1760
1984
1120
-156
-1120
-1248
-720
-33
248
82
-180
-102
440
1056
1184
496
-720
-1824
-1952
-976
592
1824
1984
1120
-248
-1248
-1376
-784
-1
392
280
-25
-51
376
912
1056
408
-752
-1760
-1888
-880
688
1888
1984
1056
-344
-1376
-1568
-848
41
528
472
122
-13
280
752
880
312
-752
-1696
-1760
-752
752
1952
1984
1056
-440
-1568
-1696
-912
102
688
656
248
1
172
560
720
228
-720
-1568
-1632
-656
816
1952
1984
992
-528
-1696
-1760
-944
172
880
848
376
1
51
392
528
148
-688
-1440
-1504
-528
880
1952
1984
912
-656
-1760
-1888
-944
248
992
992
488
-11
-82
196
376
90
-624
-1312
-1312
-456
912
1952
1952
848
-752
-1888
-1952
-944
344
1184
1184
560
-43
-228
1
228
43
-560
-1184
-1184
-344
944
1952
1888
752
-848
-1952
-1952
-912
456
1312
1312
624
-90
-376
-196
82
11
-488
-992
-992
-248
944
1888
1760
656
-912
-1984
-1952
-880
528
1504
1440
688
-148
-528
-392
-51
-1
-376
-848
-880
-172
944
1760
1696
528
-992
-1984
-1952
-816
656
1632
1568
720
-228
-720
-560
-172
-1
-248
-656
-688
-102
912
1696
1568
440
-1056
-1984
-1952
-752
752
1760
1696
752
-312
-880
-752
-280
13
-122
-472
-528
-41
848
1568
1376
344
-1056
-1984
-1888
-688
880
1888
1760
752
-408
-1056
-912
-376
51
25
-280
-392
1
1
1440
1984
1504
204
-992
-1440
-992
-212
360
408
114
-55
196
688
944
528
-472
-1504
-1824
-992
440
1760
2112
1312
-204
-1504
-1824
-1120
-15
816
944
496
45
-51
212
424
180
-528
-1248
-1376
-560
752
1888
1984
944
-656
-1888
-1984
-992
344
1312
1376
720
-78
-472
-344
-29
5
-360
-816
-848
-180
912
1696
1632
488
-992
-1984
-1952
-720
816
1760
1696
720
-392
-976
-848
-312
55
1
-296
-376
62
848
1376
1120
62
-1248
-1984
-1696
-312
1248
1984
1760
488
-848
-1504
-1184
-392
312
496
244
-17
94
528
880
624
-244
-1312
-1824
-1248
124
1568
2112
1568
98
-1312
-1888
-1376
-244
752
992
656
132
-98
78
344
244
-344
-1056
-1376
-784
488
1696
1984
1184
-344
-1696
-1984
-1312
94
1184
1504
944
61
-488
-456
-132
21
-236
-688
-848
-344
688
1568
1696
752
-752
-1952
-1984
-992
528
1696
1824
976
-220
-976
-976
-472
15
90
-172
-344
-53
656
1248
1184
296
-992
-1952
-1824
-624
976
1984
1888
752
-624
-1504
-1376
-592
236
560
376
49
27
392
784
688
-35
-1056
-1760
-1376
-164
1312
2112
1760
408
-1056
-1888
-1568
-488
624
1056
848
248
-114
-37
244
264
-196
-912
-1312
-912
220
1440
1984
1440
-33
-1504
-2112
-1568
-180
1056
1568
1120
228
-456
-560
-248
1
-124
-528
-816
-472
456
1376
1696
976
-456
-1760
-2112
-1312
244
1568
1888
1184
-5
-944
-1056
-624
-57
156
-41
-280
-132
472
1120
1248
496
-752
-1824
-1952
-912
688
1888
1984
1056
-392
-1440
-1504
-784
106
592
496
148
1
248
656
720
140
-848
-1632
-1504
-440
1056
1984
1952
720
-848
-1888
-1760
-720
456
1120
992
392
-90
-140
124
248
-62
-720
-1248
-992
-33
1248
1984
1632
280
-1248
-2112
-1760
-472
912
1632
1312
424
-392
-656
-392
-57
-49
-408
-720
-528
244
1184
1696
1184
-156
-1568
-2112
-1504
-66
1376
1952
1440
236
-848
-1184
-784
-164
180
82
-188
-180
296
976
1248
688
-488
-1632
-1952
-1120
376
1760
2112
1312
-124
-1312
-1632
-992
-51
592
624
264
5
140
528
688
280
-624
-1504
-1568
-688
752
1952
1984
992
-560
-1760
-1888
-992
248
1056
1120
560
-31
-212
1
212
31
-560
-1120
-1056
-248
992
1888
1760
560
-992
-1984
-1952
-752
688
1568
1504
624
-280
-688
-528
-140
-5
-264
-624
-592
51
992
1632
1312
124
-1312
-2112
-1760
-376
1120
1952
1632
488
-688
-1248
-976
-296
180
188
-82
-180
164
784
1184
848
-236
-1440
-1952
-1376
66
1504
2112
1568
156
-1184
-1696
-1184
-244
528
720
408
49
57
392
656
392
-424
-1312
-1632
-912
472
1760
2112
1248
-280
-1632
-1984
-1248
33
992
1248
720
62
-248
-124
140
90
-392
-992
-1120
-456
720
1760
1888
848
-720
-1952
-1984
-1056
440
1504
1632
848
-140
-720
