1651 2 0 0 0
1
1312
1984
1824
912
-220
-992
-1120
-752
-212
66
-47
-376
-528
-236
496
1312
1696
1312
212
-1056
-1984
-1984
-1248
62
1184
1696
1376
592
-172
-528
-440
-114
61
-148
-656
-1056
-992
-328
752
1696
1984
1440
156
-1184
-1984
-1888
-992
106
976
1184
848
280
-66
-11
296
496
280
-392
-1184
-1632
-1376
-360
976
1952
2112
1376
90
-1120
-1696
-1504
-720
102
560
496
188
-41
94
560
992
992
424
-624
-1632
-1984
-1504
-312
1056
1952
1952
1184
19
-912
-1184
-944
-360
51
66
-220
-456
-312
280
1056
1568
1376
488
-816
-1888
-2112
-1504
-244
992
1696
1568
848
-21
-560
-560
-264
11
-53
-472
-944
-992
-496
488
1504
1984
1632
488
-912
-1888
-1984
-1312
-148
848
1248
992
440
-23
-110
140
408
344
-196
-976
-1568
-1440
-624
656
1760
2112
1632
408
-912
-1696
-1632
-976
-66
528
624
344
27
21
376
848
992
592
-360
-1376
-1952
-1696
-624
752
1824
1984
1440
280
-752
-1248
-1056
-528
-11
140
-62
-360
-344
110
880
1440
1504
720
-496
-1632
-2112
-1760
-560
784
1632
1696
1056
164
-496
-688
-424
-74
1
-296
-784
-992
-656
228
1248
1952
1760
784
-592
-1760
-2112
-1568
-440
688
1248
1184
624
61
-172
-7
280
344
-35
-752
-1376
-1504
-848
344
1568
2112
1824
720
-624
-1632
-1760
-1184
-264
488
720
496
132
-5
236
688
976
688
-106
-1120
-1888
-1824
-912
456
1632
2112
1632
560
-560
-1248
-1248
-720
-122
180
78
-228
-344
-29
656
1312
1504
944
-196
-1440
-2112
-1888
-880
496
1568
1824
1312
392
-424
-752
-560
-196
3
-172
-592
-912
-752
-3
992
1824
1888
1056
-280
-1504
-2112
-1760
-720
472
1248
1312
848
188
-188
-140
148
312
82
-528
-1184
-1504
-992
53
1248
1984
1984
992
-344
-1440
-1888
-1440
-496
360
784
656
264
7
114
496
848
784
110
-880
-1696
-1888
-1120
124
1440
2112
1888
880
-344
-1184
-1376
-944
-264
180
196
-74
-280
-124
456
1120
1440
1056
86
-1120
-1984
-1984
-1120
188
1376
1888
1504
624
-280
-784
-720
-344
-33
-70
-440
-816
-784
-204
752
1632
1888
1248
33
-1312
-1984
-1952
-992
228
1120
1440
992
344
-156
-248
1
248
156
-344
-992
-1440
-1120
-228
992
1952
1984
1312
-33
-1248
-1888
-1632
-752
204
784
816
440
70
33
344
720
784
280
-624
-1504
-1888
-1376
-188
1120
1984
1984
1120
-86
-1056
-1440
-1120
-456
124
280
74
-196
-180
264
944
1376
1184
344
-880
-1888
-2112
-1440
-124
1120
1888
1696
880
-110
-784
-848
-496
-114
-7
-264
-656
-784
-360
496
1440
1888
1440
344
-992
-1984
-1984
-1248
-53
992
1504
1184
528
-82
-312
-148
140
188
-188
-848
-1312
-1248
-472
720
1760
2112
1504
280
-1056
-1888
-1824
-992
3
752
912
592
172
-3
196
560
752
1
1312
1984
1824
880
-296
-1056
-1248
-816
-220
140
110
-164
-328
-98
496
1184
1440
992
-78
-1312
-1984
-1952
-944
472
1632
1952
1440
440
-560
-1056
-944
-456
-33
45
-204
-488
-424
90
880
1504
1504
720
-528
-1696
-2112
-1696
-472
880
1760
1760
1056
66
-656
-880
-592
-172
3
-180
-528
-688
-376
408
1248
1760
1440
360
-976
-1952
-2112
-1312
-7
1184
1696
1440
656
-196
-624
-592
-244
1
-102
-496
-880
-816
-188
784
1632
1888
1184
-82
-1376
-2112
-1888
-880
408
1312
1568
1056
296
-312
-472
-248
29
31
-344
-848
-1056
-784
132
1184
1952
1824
848
-560
-1696
-2112
-1568
-424
720
1376
1248
688
39
-280
-204
78
196
-82
-656
-1184
-1184
-560
528
1632
1984
1632
392
-992
-1888
-1952
-1120
-11
912
1248
944
360
-78
-124
124
344
220
-328
-1056
-1440
-1184
-248
992
1952
1984
1248
-74
-1312
-1952
-1632
-720
312
944
976
560
114
-49
148
456
496
98
-688
-1376
-1632
-992
156
1440
2112
1888
848
-496
-1568
-1824
-1248
-328
496
848
656
248
3
122
488
720
528
-156
-1056
-1696
-1632
-720
624
1760
2112
1632
392
-880
-1632
-1568
-880
-13
528
592
312
19
41
408
816
912
424
-496
-1504
-1888
-1440
-296
1056
1984
1984
1184
-61
-1120
-1568
-1248
-496
180
456
296
1
-82
220
752
1120
944
164
-944
-1824
-1952
-1184
156
1440
1984
1824
752
-440
-1248
-1312
-848
-196
228
228
-41
-228
-35
496
1120
1312
848
-212
-1376
-1984
-1824
-784
624
1696
1984
1440
328
-688
-1184
-992
-496
-7
124
-82
-344
-312
148
880
1440
1376
560
-656
-1760
-2112
-1568
-312
992
1888
1824
992
-41
-816
-992
-656
-204
33
-98
-424
-560
-264
456
1248
1632
1248
212
-1056
-1984
-1984
-1184
148
1312
1824
1440
592
-296
-784
-720
-328
-29
-70
-408
-720
-688
-78
848
1632
1760
992
-236
-1504
-2112
-1824
-752
560
1504
1632
1056
236
-424
-592
-376
-53
1
-296
-752
-976
-624
244
1248
1888
1696
688
-688
-1824
-2112
-1504
-296
880
1504
1376
688
-21
-392
-328
-37
114
-110
-624
-1056
-1056
-440
624
1632
1984
1504
236
-1120
-1984
-1952
-1056
118
1056
1312
992
344
-140
-236
1
236
140
-344
-992
-1312
-1056
-118
1056
1952
1984
1120
-236
-1504
-1984
-1632
-624
440
1056
1056
624
110
-114
37
328
392
21
-688
-1376
-1504
-880
296
1504
2112
1824
688
-688
-1696
-1888
-1248
-244
624
976
752
296
-1
53
376
592
424
-236
-1056
-1632
-1504
-560
752
1824
2112
1504
236
-992
-1760
-1632
-848
78
688
720
408
70
29
328
720
784
296
-592
-1440
-1824
-1312
-148
1184
1984
1984
1056
-212
-1248
-1632
-1248
-456
264
560
424
98
-33
204
656
992
816
41
-992
-1824
-1888
-992
312
1568
2112
1760
656
-560
-1376
-1440
-880
-148
