1651 2 0 0 0
1
1056
1824
1984
1760
992
98
-752
-1248
-1376
-1056
-592
-90
248
328
212
1
-132
-70
212
624
992
1120
912
328
-488
-1312
-1888
-1952
-1440
-560
496
1504
1984
1984
1568
656
-344
-1120
-1568
-1504
-1056
-456
132
496
560
424
172
1
13
236
560
816
880
560
-27
-784
-1440
-1824
-1696
-992
-70
976
1824
2112
1952
1184
188
-816
-1568
-1824
-1568
-944
-196
440
784
816
592
264
41
1
156
408
592
560
248
-312
-976
-1440
-1632
-1312
-560
408
1376
1984
2112
1696
784
-312
-1248
-1888
-1888
-1440
-688
140
784
1056
992
688
280
-15
-114
1
212
360
312
11
-488
-992
-1376
-1376
-944
-124
816
1632
1984
1952
1248
264
-816
-1696
-1984
-1888
-1184
-328
528
1120
1312
1120
688
196
-172
-296
-204
1
148
122
-140
-560
-976
-1184
-992
-496
280
1120
1760
1984
1632
816
-244
-1248
-1952
-2112
-1696
-880
114
976
1504
1504
1184
592
-1
-408
-528
-424
-188
1
9
-188
-496
-816
-944
-688
-140
592
1312
1760
1760
1248
328
-720
-1632
-2112
-1984
-1440
-440
592
1376
1760
1632
1056
360
-280
-688
-784
-592
-312
-66
1
-132
-392
-624
-656
-376
156
816
1376
1696
1440
816
-156
-1120
-1888
-2112
-1824
-992
49
1056
1760
1952
1568
880
47
-624
-992
-992
-752
-360
-35
86
1
-212
-392
-376
-118
376
944
1376
1440
1056
344
-592
-1504
-1984
-1984
-1504
-528
560
1504
1984
1952
1376
528
-344
-992
-1312
-1184
-784
-296
94
248
196
1
-172
-172
61
472
912
1184
1120
688
-70
-944
-1696
-1984
-1824
-1056
-25
992
1824
2112
1824
1056
124
-784
-1376
-1504
-1248
-720
-124
312
496
424
196
1
-37
140
472
816
976
816
312
-424
-1184
-1760
-1888
-1440
-592
488
1440
1984
2112
1632
688
-344
-1184
-1696
-1632
-1184
-528
140
592
752
624
344
94
1
118
376
624
688
496
-7
-688
-1312
-1696
-1568
-992
-94
944
1760
2112
1952
1248
220
-816
-1568
-1888
-1696
-992
-244
488
912
992
784
424
90
-62
1
204
408
440
220
-248
-816
-1312
-1504
-1248
-560
360
1312
1952
2112
1696
784
-296
-1248
-1888
-1984
-1568
-752
132
848
1248
1184
848
392
-15
-220
-180
1
180
220
15
-392
-848
-1184
-1248
-848
-132
752
1568
1984
1888
1248
296
-784
-1696
-2112
-1952
-1312
-360
560
1248
1504
1312
816
248
-220
-440
-408
-204
1
62
-90
-424
-784
-992
-912
-488
244
992
1696
1888
1568
816
-220
-1248
-1952
-2112
-1760
-944
94
992
1568
1696
1312
688
7
-496
-688
-624
-376
-118
1
-94
-344
-624
-752
-592
-140
528
1184
1632
1696
1184
344
-688
-1632
-2112
-1984
-1440
-488
592
1440
1888
1760
1184
424
-312
-816
-976
-816
-472
-140
37
1
-196
-424
-496
-312
124
720
1248
1504
1376
784
-124
-1056
-1824
-2112
-1824
1
1056
1824
1984
1760
992
13
-848
-1376
-1504
-1184
-592
-15
408
560
472
236
39
-1
148
440
688
784
528
37
-656
-1248
-1632
-1568
-992
-78
944
1760
2112
1952
1120
102
-976
-1760
-1984
-1696
-992
-94
720
1184
1312
992
528
49
-264
-344
-228
-29
90
23
-244
-592
-912
-976
-688
-110
656
1376
1824
1696
1120
180
-880
-1760
-2112
-1952
-1248
-196
848
1632
1888
1632
992
156
-560
-992
-1056
-848
-456
-62
148
148
-7
-188
-236
-66
296
752
1120
1184
880
196
-656
-1440
-1888
-1888
-1248
-280
816
1696
2112
1984
1312
280
-720
-1504
-1760
-1568
-976
-204
456
848
880
656
328
53
-51
39
244
408
392
132
-344
-912
-1312
-1376
-992
-296
624
1504
1984
1952
1376
392
-720
-1632
-2112
-1984
-1312
-360
592
1312
1632
1440
912
236
-328
-624
-656
-472
-196
-19
-29
-212
-472
-624
-560
-220
360
992
1440
1568
1184
408
-560
-1504
-1984
-1984
-1440
-488
624
1568
1984
1952
1312
440
-488
-1120
-1440
-1248
-816
-244
228
456
440
244
41
-33
86
376
688
848
752
312
-360
-1056
-1632
-1696
-1312
-496
496
1440
1984
2112
1568
560
-496
-1440
-1952
-1888
-1312
-488
376
992
1248
1056
688
228
-132
-280
-204
-15
124
110
-124
-496
-880
-1056
-944
-424
328
1120
1696
1888
1504
624
-440
-1440
-1984
-2112
-1632
-656
408
1312
1824
1760
1248
496
-264
-816
-992
-912
-560
-180
66
110
-23
-220
-312
-204
140
624
1056
1248
1120
528
-280
-1120
-1824
-1984
-1632
-752
344
1376
1984
2112
1632
720
-296
-1184
-1632
-1632
-1184
-496
180
656
816
688
408
122
-17
41
244
456
496
312
-124
-720
-1184
-1440
-1248
-688
228
1120
1888
1984
1696
848
-244
-1248
-1952
-1984
-1632
-784
196
992
1504
1504
1056
488
-98
-488
-592
-472
-228
-35
-7
-172
-456
-688
-720
-440
98
784
1376
1632
1440
816
-140
-1120
-1888
-2112
-1824
-944
140
1184
1888
1984
1632
816
-102
-880
-1312
-1312
-976
-456
41
328
376
236
35
-70
13
280
624
912
912
560
-49
-816
-1440
-1824
-1632
-944
57
1056
1888
2112
1888
992
-41
-1056
-1760
-1952
-1568
-848
17
720
1120
1120
816
376
-1
-196
-172
1
172
196
1
-376
-816
-1120
-1120
-720
-17
848
1568
1952
1760
1056
41
-992
-1888
-2112
-1888
-1056
-57
944
1632
1824
1440
816
49
-560
-912
-912
-624
-280
-13
70
-35
-236
-376
-328
-41
456
976
1312
1312
880
102
-816
-1632
-1984
-1888
-1184
-140
944
1824
2112
1888
1120
140
-816
-1440
-1632
-1376
-784
-98
440
720
688
456
172
7
35
228
472
592
488
98
-488
-1056
-1504
-1504
-992
-196
784
1632
1984
1952
1248
244
-848
-1696
-1984
-1888
-1120
-228
688
1248
1440
1184
720
124
-312
-496
-456
-244
-41
17
-122
-408
-688
-816
-656
-180
