1651 2 0 0 0
1
1376
1984
1568
496
-456
-784
-472
-41
-13
-496
-1120
-1184
-488
784
1888
2112
1248
-180
-1312
-1632
-1056
-244
264
188
-204
-328
124
992
1632
1504
408
-992
-1984
-1984
-992
296
1120
1120
560
53
39
472
816
560
-328
-1440
-1984
-1568
-244
1184
1952
1632
656
-312
-720
-472
-41
23
-456
-1056
-1312
-688
560
1760
2112
1440
57
-1184
-1632
-1184
-344
204
172
-220
-392
15
912
1632
1632
624
-816
-1952
-1984
-1120
102
992
1056
592
86
35
456
848
688
-156
-1312
-1984
-1696
-488
976
1888
1696
816
-180
-624
-472
-39
66
-376
-1056
-1376
-848
360
1632
2112
1632
280
-992
-1568
-1184
-456
132
148
-228
-456
-98
784
1632
1696
848
-560
-1824
-1984
-1312
-94
880
1056
624
122
29
440
880
816
17
-1120
-1984
-1824
-720
752
1760
1760
976
-37
-560
-456
-35
110
-296
-992
-1440
-992
140
1440
2112
1760
496
-816
-1504
-1248
-528
66
124
-236
-496
-220
656
1568
1824
1056
-344
-1632
-1984
-1504
-280
720
992
656
148
19
408
912
944
196
-992
-1952
-1952
-944
496
1632
1824
1056
98
-488
-440
-29
148
-228
-976
-1440
-1184
-78
1312
2112
1888
720
-592
-1376
-1312
-624
1
110
-244
-560
-328
496
1440
1888
1248
-102
-1440
-1984
-1632
-488
560
976
688
172
7
376
912
992
376
-816
-1888
-1984
-1120
280
1504
1824
1184
236
-408
-408
-23
196
-140
-912
-1504
-1312
-296
1056
1984
1984
944
-408
-1248
-1312
-688
-62
90
-244
-592
-440
360
1376
1888
1440
140
-1248
-1984
-1696
-656
424
912
688
196
-1
328
912
1120
528
-624
-1760
-2112
-1376
41
1312
1760
1248
360
-312
-376
-15
236
-49
-816
-1504
-1440
-496
880
1952
1984
1120
-196
-1120
-1312
-752
-124
70
-244
-624
-528
204
1248
1952
1632
392
-1056
-1952
-1824
-848
264
848
688
212
-17
280
880
1184
720
-440
-1632
-2112
-1568
-196
1120
1696
1376
488
-228
-344
-7
280
41
-720
-1440
-1568
-720
656
1888
2112
1312
13
-992
-1248
-816
-180
51
-236
-656
-656
49
1120
1888
1760
624
-848
-1888
-1888
-992
110
752
688
228
-33
244
848
1248
880
-228
-1504
-2112
-1696
-440
944
1632
1440
592
-132
-312
1
312
132
-592
-1440
-1632
-944
440
1696
2112
1504
228
-880
-1248
-848
-244
33
-228
-688
-752
-110
992
1888
1888
848
-624
-1760
-1888
-1120
-49
656
656
236
-51
180
816
1248
992
-13
-1312
-2112
-1888
-656
720
1568
1440
720
-41
-280
7
344
228
-488
-1376
-1696
-1120
196
1568
2112
1632
440
-720
-1184
-880
-280
17
-212
-688
-848
-264
848
1824
1952
1056
-392
-1632
-1952
-1248
-204
528
624
244
-70
124
752
1312
1120
196
-1120
-1984
-1952
-880
496
1440
1504
816
49
-236
15
376
312
-360
-1248
-1760
-1312
-41
1376
2112
1760
624
-528
-1120
1
1376
1984
1568
472
-528
-880
-560
-114
-21
-440
-976
-992
-296
912
1888
1984
992
-488
-1632
-1824
-1120
-94
560
592
188
-66
196
816
1248
976
-78
-1376
-2112
-1760
-528
880
1696
1504
688
-148
-472
-220
132
78
-496
-1248
-1440
-784
528
1760
2112
1440
55
-1184
-1568
-1120
-312
236
204
-164
-328
78
912
1568
1440
424
-992
-1984
-1984
-992
376
1248
1312
720
61
-132
156
496
360
-392
-1312
-1824
-1248
33
1440
2112
1696
496
-656
-1184
-976
-344
31
-114
-528
-720
-212
816
1760
1888
976
-496
-1760
-1984
-1312
-90
816
992
560
86
51
472
912
752
-90
-1248
-1984
-1696
-496
976
1888
1760
848
-236
-784
-656
-196
15
-296
-880
-1120
-624
496
1696
2112
1440
23
-1312
-1888
-1376
-408
408
592
264
-70
53
656
1248
1184
344
-976
-1984
-1984
-992
440
1504
1632
976
86
-392
-264
106
188
-280
-1056
-1504
-1120
62
1440
2112
1760
528
-816
-1504
-1312
-560
98
220
-110
-376
-132
656
1440
1632
880
-528
-1760
-2112
-1376
-74
992
1376
912
228
-110
90
488
496
-90
-1056
-1760
-1568
-472
992
1984
1952
944
-312
-1056
-1056
-496
-33
-53
-472
-784
-488
456
1504
1952
1376
-7
-1376
-1984
-1632
-488
560
976
656
172
7
344
848
944
264
-912
-1888
-1952
-992
496
1696
1888
1184
94
-624
-688
-280
27
-156
-752
-1184
-944
82
1376
1984
1760
528
-912
-1760
-1632
-720
172
528
328
-51
-62
456
1120
1376
752
-528
-1760
-2112
-1440
-49
1184
1696
1184
344
-264
-296
57
264
-74
-848
-1504
-1376
-408
992
1984
1984
992
-392
-1312
-1440
-784
-66
204
-49
-392
-312
360
1248
1760
1248
-41
-1440
-2112
-1760
-528
720
1312
1056
408
-47
31
440
624
196
-784
-1696
-1824
-944
528
1760
1984
1312
86
-880
-1056
-656
-124
-11
-376
-784
-688
94
1184
1952
1696
496
-992
-1952
-1824
-880
248
880
752
264
-1
236
784
1056
592
-496
-1632
-1984
-1440
-15
1312
1888
1440
440
-440
-688
-360
7
-43
-560
-1120
-1120
-328
976
1952
1984
992
-456
-1568
-1696
-992
-86
456
376
-5
-148
248
992
1440
1056
-66
-1376
-2112
-1760
-528
848
1568
1376
592
-118
-296
1
296
118
-592
-1376
-1568
-848
528
1760
2112
1376
66
-1056
-1440
-992
-248
148
5
-376
-456
86
992
1696
1568
456
-992
-1984
-1952
-976
328
1120
1120
560
43
-7
360
688
440
-440
-1440
-1888
-1312
15
1440
1984
1632
496
-592
-1056
-784
-236
1
-264
-752
-880
-248
880
1824
1952
992
-496
-1696
-1952
-1184
-94
688
784
376
11
124
656
1056
880
-86
-1312
-1984
-1760
-528
944
1824
1696
784
-196
-624
-440
-31
47
-408
-1056
-1312
-720
528
1760
2112
1440
41
-1248
-1760
-1248
-360
312
392
49
-204
66
784
1440
1312
392
-992
-1984
-1984
