1651 2 0 0 0
1
1184
1888
1760
992
122
-424
-440
-66
248
140
-456
-1248
-1760
-1504
-592
656
1696
1984
1568
624
-280
-720
-592
-180
98
-70
-656
-1312
-1504
-1056
39
1248
1984
1984
1248
132
-720
-992
-720
-244
11
-204
-752
-1248
-1184
-496
656
1696
2112
1760
720
-424
-1120
-1184
-752
-212
7
-244
-752
-992
-784
66
1184
1984
1984
1312
122
-976
-1504
-1312
-688
-94
86
-196
-624
-784
-344
560
1568
1984
1760
752
-528
-1504
-1696
-1248
-488
114
228
-82
-456
-472
74
976
1760
1952
1248
86
-1120
-1888
-1760
-1056
-164
392
408
51
-264
-180
408
1184
1760
1568
688
-592
-1632
-1984
-1632
-688
236
688
592
172
-118
49
656
1312
1568
1120
39
-1184
-1984
-1984
-1248
-204
688
976
720
236
-19
196
752
1248
1248
560
-592
-1696
-2112
-1824
-816
344
1120
1184
752
220
-1
244
752
1056
848
1
-1120
-1984
-2112
-1376
-204
912
1440
1312
688
114
-70
204
624
816
392
-496
-1504
-1984
-1824
-816
456
1440
1696
1248
496
-82
-212
98
488
496
-23
-944
-1760
-1952
-1312
-172
1056
1824
1760
1056
212
-344
-392
-33
296
212
-376
-1184
-1760
-1632
-752
496
1632
1984
1632
720
-180
-656
-560
-156
132
-25
-624
-1312
-1632
-1184
-122
1120
1984
1984
1312
264
-624
-944
-688
-236
27
-180
-752
-1248
-1312
-624
496
1632
2112
1888
880
-280
-1056
-1184
-752
-228
-1
-244
-752
-1056
-912
-66
1056
1952
2112
1440
280
-848
-1440
-1312
-720
-132
59
-212
-656
-848
-456
456
1440
1984
1888
912
-360
-1376
-1696
-1248
-528
55
188
-114
-496
-528
-23
880
1696
1984
1440
248
-992
-1760
-1760
-1120
-248
312
360
15
-312
-244
344
1184
1760
1696
848
-424
-1568
-1984
-1696
-784
124
624
528
140
-148
1
592
1312
1632
1248
204
-1056
-1952
-1984
-1376
-328
560
912
688
228
-35
164
752
1248
1312
688
-440
-1568
-2112
-1888
-944
212
992
1120
752
236
1
244
752
1120
944
140
-992
-1952
-2112
-1504
-360
784
1376
1312
720
148
-47
220
688
880
496
-392
-1440
-1984
-1888
-976
280
1312
1632
1312
560
-25
-164
124
496
560
74
-848
-1696
-1984
-1504
-344
912
1760
1760
1120
296
-280
-344
1
344
280
-296
-1120
-1760
-1760
-912
344
1504
1984
1696
848
-74
-560
-496
-124
164
25
-560
-1312
-1632
-1312
-280
976
1888
1984
1440
392
-496
-880
-688
-220
47
-148
-720
-1312
-1376
-784
360
1504
2112
1952
992
-140
-944
-1120
-752
-244
1
-236
-752
-1120
-992
-212
944
1888
2112
1568
440
-688
-1312
-1248
-752
-164
35
-228
-688
-912
-560
328
1376
1984
1952
1056
-204
-1248
-1632
-1312
-592
1
148
-140
-528
-624
-124
784
1696
1984
1568
424
-848
-1696
-1760
-1184
-344
244
312
-15
-360
-312
248
1120
1760
1760
992
-248
-1440
-1984
-1696
-880
23
1
1184
1888
1760
992
74
-496
-528
-196
124
66
-456
-1120
-1568
-1312
-360
912
1888
2112
1504
440
-592
-1056
-976
-488
-61
-59
-472
-944
-1056
-528
472
1568
2112
1888
848
-408
-1376
-1568
-1184
-456
86
148
-172
-496
-488
110
992
1760
1888
1184
-59
-1248
-1952
-1760
-976
-41
528
560
220
-110
-51
472
1120
1568
1248
296
-976
-1952
-2112
-1504
-376
624
1120
992
488
62
55
456
944
992
496
-496
-1568
-2112
-1824
-816
472
1376
1632
1184
440
-110
-172
148
488
440
-140
-992
-1760
-1888
-1120
118
1312
1952
1760
944
3
-560
-592
-244
90
33
-488
-1120
-1504
-1184
-244
992
1952
2112
1440
328
-688
-1184
-992
-496
-62
-49
-440
-912
-992
-456
560
1632
2112
1824
752
-528
-1440
-1632
-1120
-424
132
196
-124
-472
-408
172
1056
1760
1824
1056
-180
-1376
-1984
-1760
-912
31
624
624
264
-70
-17
488
1120
1504
1184
188
-1056
-1952
-2112
-1440
-280
752
1184
992
496
61
43
440
880
976
408
-592
-1632
-2112
-1760
-688
560
1504
1632
1120
392
-156
-220
102
440
376
-204
-1056
-1760
-1824
-992
236
1440
1984
1760
912
-70
-656
-656
-280
55
1
-496
-1120
-1440
-1120
-132
1056
1984
2112
1376
236
-784
-1248
-1056
-496
-57
-35
-424
-848
-912
-360
656
1632
2112
1696
624
-624
-1504
-1696
-1120
-376
180
248
-74
-408
-344
236
1056
1760
1760
976
-296
-1440
-1984
-1760
-880
110
688
688
312
-37
7
496
1120
1440
1056
78
-1120
-1984
-1984
-1312
-188
848
1248
1056
496
53
25
408
816
880
312
-688
-1696
-2112
-1696
-560
688
1568
1696
1120
360
-204
-264
51
376
312
-264
-1120
-1760
-1696
-912
360
1504
1984
1760
848
-148
-720
-720
-328
21
-19
-496
-1120
-1376
-992
-21
1184
1984
1984
1312
132
-880
-1312
-1056
-496
-47
-15
-376
-816
-848
-280
720
1696
1984
1632
528
-752
-1632
-1696
-1120
-328
236
296
-25
-344
-280
280
1120
1760
1696
848
-408
-1568
-1984
-1696
-784
188
752
752
344
-7
29
496
1120
1376
976
-29
-1248
-1984
-1984
-1248
-82
944
1312
1056
496
39
1
360
784
816
236
-752
-1696
-1984
-1632
-472
816
1632
1760
1120
312
-248
-328
1
328
248
-312
-1120
-1760
-1632
-816
472
1632
1984
1696
752
-236
-816
-784
-360
-1
-39
-496
-1056
-1312
-944
82
1248
1984
1984
1248
29
-976
-1376
-1120
-496
-29
7
-344
-752
-752
-188
784
1696
1984
1568
408
-848
-1696
-1760
-1120
-280
280
344
25
-296
-236
328
1120
1696
1632
752
-528
-1632
-1984
-1696
-720
280
848
816
376
15
47
496
1056
1312
880
-132
-1312
-1984
-1984
-1184
21
992
1376
1120
496
19
-21
328
720
720
148
-848
-1760
-1984
-1504
-360
912
1696
1760
1120
264
-312
-376
-51
264
204
-360
-1120
-1696
-1568
-688
560
1696
