1651 2 0 0 0
1
976
1760
2112
1984
1504
688
-264
-1120
-1696
-1888
-1696
-1056
-344
424
992
1376
1376
1120
624
86
-392
-688
-816
-720
-488
-212
19
148
164
82
-23
-94
-70
62
280
496
688
688
496
148
-328
-816
-1184
-1312
-1184
-720
-43
720
1376
1760
1824
1376
688
-204
-1056
-1824
-2112
-1952
-1376
-496
496
1376
1984
2112
1824
1120
220
-720
-1504
-1888
-1888
-1440
-784
41
784
1312
1504
1376
976
392
-180
-624
-880
-880
-720
-424
-106
132
248
244
140
27
-37
-9
118
312
496
592
528
312
-70
-528
-944
-1184
-1184
-944
-376
312
992
1568
1760
1632
1056
248
-656
-1440
-1952
-1984
-1696
-976
-7
976
1760
2112
1984
1568
720
-264
-1120
-1760
-1984
-1760
-1184
-392
456
1120
1504
1568
1248
720
110
-472
-848
-992
-912
-656
-296
29
248
344
312
188
62
-3
21
140
312
456
496
392
124
-264
-688
-992
-1120
-992
-624
-45
624
1248
1632
1696
1312
656
-188
-1056
-1696
-1984
-1952
-1376
-496
488
1376
1984
2112
1888
1184
236
-720
-1504
-1984
-1984
-1568
-848
35
848
1440
1632
1504
1056
456
-204
-752
-1056
-1056
-912
-528
-148
188
392
456
376
220
74
1
27
132
280
392
376
236
-51
-424
-784
-992
-992
-816
-344
264
912
1376
1632
1504
992
248
-592
-1376
-1888
-1984
-1696
-976
-15
944
1696
2112
1984
1568
720
-248
-1184
-1824
-1984
-1888
-1248
-424
472
1184
1632
1696
1376
816
124
-528
-992
-1184
-1120
-816
-392
35
360
528
528
408
220
61
-17
3
106
228
296
264
90
-196
-528
-816
-976
-880
-560
-43
560
1120
1440
1504
1248
624
-164
-992
-1632
-1952
-1888
-1312
-496
472
1376
1952
2112
1888
1184
244
-752
-1568
-1984
-1984
-1632
-880
29
912
1504
1824
1696
1184
496
-220
-848
-1184
-1248
-1056
-656
-188
244
528
656
592
408
196
15
-62
-39
57
164
212
148
-33
-296
-592
-816
-848
-688
-296
236
784
1248
1440
1376
944
236
-560
-1312
-1824
-1888
-1632
-944
-23
912
1696
2112
1984
1568
752
-248
-1184
-1888
-2112
-1952
-1312
-440
488
1248
1760
1824
1504
912
148
-560
-1120
-1376
-1312
-976
-488
41
472
720
752
624
376
124
-55
-124
-98
1
98
124
55
-124
-376
-624
-752
-720
-472
-41
488
976
1312
1376
1120
560
-148
-912
-1504
-1824
-1760
-1248
-488
440
1312
1952
2112
1888
1184
248
-752
-1568
-1984
-2112
-1696
-912
23
944
1632
1888
1824
1312
560
-236
-944
-1376
-1440
-1248
-784
-236
296
688
848
816
592
296
33
-148
-212
-164
-57
39
62
-15
-196
-408
-592
-656
-528
-244
188
656
1056
1248
1184
848
220
-496
-1184
-1696
-1824
-1504
-912
-29
880
1632
1984
1984
1568
752
-244
-1184
-1888
-2112
-1952
-1376
-472
496
1312
1888
1952
1632
992
164
-624
-1248
-1504
-1440
-1120
-560
43
1
992
1760
2112
1984
1440
592
-376
-1248
-1824
-1952
-1696
-992
-196
624
1248
1632
1568
1184
560
-110
-688
-1056
-1184
-992
-656
-196
220
496
624
560
408
196
7
-94
-102
-33
57
110
74
-53
-248
-472
-592
-624
-456
-118
312
752
1056
1184
992
560
-70
-752
-1312
-1632
-1568
-1120
-424
440
1248
1824
1952
1696
992
114
-848
-1632
-2112
-1984
-1568
-720
280
1184
1888
2112
1888
1248
328
-624
-1440
-1888
-1952
-1504
-816
43
848
1376
1632
1504
992
376
-280
-816
-1120
-1120
-944
-528
-74
312
560
624
528
360
140
-29
-106
-86
-7
78
110
51
-102
-312
-496
-624
-592
-376
-1
456
880
1120
1120
912
392
-248
-912
-1440
-1632
-1504
-976
-196
656
1440
1888
1952
1568
816
-156
-1056
-1824
-2112
-1984
-1376
-472
560
1440
1984
2112
1760
992
62
-880
-1632
-1952
-1888
-1376
-592
264
992
1504
1632
1376
880
196
-456
-944
-1120
-1120
-848
-408
41
408
592
624
496
296
86
-61
-110
-70
15
94
102
17
-156
-376
-560
-624
-528
-280
114
560
976
1120
1120
784
228
-456
-1056
-1504
-1632
-1376
-784
35
880
1568
1952
1888
1376
528
-424
-1312
-1952
-2112
-1888
-1120
-188
816
1632
1984
1984
1568
784
-204
-1120
-1760
-1984
-1760
-1184
-344
496
1184
1568
1632
1248
688
9
-592
-992
-1184
-1056
-720
-280
148
472
624
592
456
236
37
-82
-106
-49
41
106
90
-21
-212
-440
-592
-624
-496
-188
244
688
992
1184
1056
656
49
-624
-1184
-1568
-1632
-1248
-560
264
1056
1696
1984
1760
1184
280
-688
-1504
-1984
-2112
-1696
-912
94
1056
1824
2112
1984
1376
496
-472
-1312
-1888
-1952
-1632
-976
-114
720
1312
1632
1568
1120
496
-172
-752
-1056
-1184
-992
-592
-156
248
528
624
560
392
172
-3
-98
-98
-23
62
110
66
-66
-264
-488
-624
-592
-424
-78
360
784
1056
1184
976
496
-132
-816
-1376
-1632
-1568
-1056
-344
496
1312
1824
1952
1632
976
23
-944
-1696
-2112
-1984
-1504
-624
376
1312
1952
2112
1888
1184
244
-720
-1504
-1952
-1952
-1440
-752
122
912
1440
1632
1440
976
312
-344
-880
-1120
-1120
-912
-488
-35
344
560
624
528
328
122
-39
-110
-82
1
82
110
39
-122
-328
-528
-624
-560
-344
35
488
912
1120
1120
880
344
-312
-976
-1440
-1632
-1440
-912
-122
752
1440
1952
1952
1504
720
-244
-1184
-1888
-2112
-1952
-1312
-376
624
1504
1984
2112
1696
944
-23
-976
-1632
-1952
-1824
-1312
-496
344
1056
1568
1632
1376
816
132
-496
-976
-1184
-1056
-784
-360
78
424
592
624
488
264
66
-66
-110
-62
23
98
98
3
-172
-392
-560
-624
-528
-248
156
592
992
1184
1056
752
172
-496
-1120
-1568
-1632
-1312
-720
114
976
1632
1952
1888
1312
472
-496
-1376
-1984
-2112
-1824
-1056
-94
912
1696
