1651 2 0 0 0
1
1312
1984
1984
1056
-280
-1440
-1984
-1696
-720
496
1440
1760
1312
392
-624
-1312
-1376
-912
-124
592
976
912
488
-21
-392
-496
-376
-140
33
62
-25
-114
-82
106
376
560
496
164
-376
-880
-1056
-784
-94
752
1376
1440
880
-106
-1120
-1760
-1696
-848
392
1504
1984
1696
656
-688
-1824
-2112
-1632
-392
992
1952
1984
1376
90
-1184
-1952
-1824
-992
172
1184
1696
1440
656
-344
-1120
-1376
-992
-328
392
848
880
560
102
-280
-440
-344
-156
1
19
-74
-172
-148
51
360
592
624
312
-244
-816
-1120
-976
-328
528
1248
1568
1120
196
-912
-1696
-1824
-1120
39
1248
1984
1952
992
-328
-1568
-2112
-1824
-752
624
1760
2112
1632
456
-848
-1760
-1952
-1248
-156
976
1632
1568
880
-74
-912
-1248
-1120
-496
196
688
848
624
204
-172
-344
-312
-148
-17
-5
-114
-236
-228
-23
312
624
720
472
-78
-720
-1120
-1120
-560
312
1120
1568
1376
496
-624
-1568
-1888
-1440
-312
976
1888
1984
1312
51
-1248
-1984
-1984
-1120
244
1504
1984
1824
816
-496
-1568
-1952
-1504
-488
656
1440
1568
1056
188
-688
-1184
-1120
-656
5
528
784
624
280
-70
-264
-248
-124
-13
-17
-140
-280
-312
-118
248
624
816
624
98
-592
-1120
-1248
-816
57
992
1568
1504
816
-312
-1376
-1952
-1696
-688
624
1760
2112
1632
440
-944
-1952
-2112
-1440
-140
1184
1984
1952
1120
-140
-1312
-1888
-1632
-784
360
1248
1568
1184
440
-456
-992
-1120
-784
-164
392
688
624
344
13
-188
-204
-94
3
-11
-156
-328
-392
-228
156
592
880
784
296
-424
-1056
-1312
-992
-212
784
1504
1696
1056
5
-1120
-1888
-1888
-992
264
1504
2112
1888
816
-560
-1760
-2112
-1696
-496
848
1824
1984
1376
220
-992
-1760
-1760
-992
45
992
1504
1312
656
-212
-880
-1056
-848
-312
244
560
592
376
82
-114
-140
-49
39
11
-148
-360
-472
-344
41
528
912
912
488
-236
-976
-1376
-1184
-488
528
1376
1760
1376
344
-880
-1824
-1984
-1312
-98
1184
1984
1984
1120
-196
-1440
-2112
-1888
-880
472
1632
1984
1632
560
-688
-1568
-1760
-1248
-248
752
1376
1376
816
17
-688
-992
-880
-440
90
456
528
376
124
-57
-86
1
86
57
-124
-376
-528
-456
-90
440
880
992
688
-17
-816
-1376
-1376
-752
248
1248
1760
1568
688
-560
-1632
-1984
-1632
-472
880
1888
2112
1440
196
-1120
-1984
-1984
-1184
98
1312
1984
1824
880
-344
-1376
-1760
-1376
-528
488
1184
1376
976
236
-488
-912
-912
-528
-41
344
472
360
148
-11
-39
49
140
114
-82
-376
-592
-560
-244
312
848
1056
880
212
-656
-1312
-1504
-992
-45
992
1760
1760
992
-220
-1376
-1984
-1824
-848
496
1696
2112
1760
560
-816
-1888
-2112
-1504
-264
992
1888
1888
1120
-5
-1056
-1696
-1504
-784
212
992
1312
1056
1
1312
2112
1952
992
-376
-1568
-1984
-1696
-592
688
1632
1888
1312
236
-880
-1568
-1568
-912
62
912
1312
1120
496
-244
-784
-944
-688
-204
248
496
488
280
27
-122
-122
-31
31
-11
-164
-328
-376
-204
156
560
784
688
212
-440
-992
-1184
-848
-62
816
1440
1440
816
-220
-1248
-1760
-1568
-656
560
1632
1984
1504
376
-976
-1952
-1984
-1312
-7
1312
2112
1984
992
-360
-1568
-2112
-1760
-624
688
1696
1952
1376
248
-912
-1632
-1632
-976
62
992
1440
1248
560
-264
-912
-1056
-816
-244
312
624
624
392
45
-204
-264
-180
-55
1
-57
-172
-236
-140
118
440
624
560
180
-376
-880
-992
-752
-62
752
1312
1312
784
-196
-1120
-1696
-1504
-624
528
1568
1952
1504
376
-944
-1888
-1984
-1312
-15
1312
2112
1984
992
-360
-1568
-2112
-1760
-656
688
1760
1984
1440
264
-944
-1696
-1760
-992
61
1056
1504
1312
624
-280
-992
-1184
-912
-280
376
784
784
496
61
-280
-424
-328
-140
11
51
-15
-98
-82
74
312
488
440
148
-312
-752
-912
-656
-61
656
1184
1248
720
-180
-1056
-1568
-1440
-592
496
1504
1888
1440
360
-912
-1824
-1984
-1312
-23
1248
1984
1984
992
-360
-1568
-2112
-1824
-656
720
1760
1984
1504
280
-976
-1824
-1824
-1056
57
1120
1632
1440
688
-296
-1056
-1312
-992
-328
424
912
944
592
78
-360
-560
-488
-236
23
156
140
45
-15
33
180
312
328
118
-248
-592
-752
-560
-55
560
1056
1120
656
-156
-992
-1440
-1312
-560
488
1440
1760
1376
360
-880
-1824
-1952
-1248
-31
1248
1984
1952
992
-344
-1568
-2112
-1824
-688
720
1824
2112
1504
296
-992
-1888
-1888
-1120
51
1120
1760
1568
720
-328
-1184
-1440
-1120
-376
472
992
1056
688
98
-456
-720
-624
-328
33
264
296
188
47
-5
53
156
196
82
-180
-472
-592
-472
-49
496
912
976
592
-132
-912
-1312
-1248
-528
456
1312
1696
1312
344
-848
-1696
-1888
-1248
-39
1184
1984
1952
992
-328
-1568
-2112
-1824
-688
720
1824
2112
1568
312
-992
-1888
-1952
-1184
45
1184
1824
1632
784
-344
-1248
-1568
-1248
-408
496
1120
1184
816
118
-496
-848
-784
-408
43
376
456
328
114
-45
-74
1
74
45
-114
-328
-456
-376
-43
408
784
848
496
-118
-816
-1184
-1120
-496
408
1248
1568
1248
344
-784
-1632
-1824
-1184
-45
1184
1952
1888
992
-312
-1568
-2112
-1824
-720
688
1824
2112
1568
328
-992
-1952
-1984
-1184
39
1248
1888
1696
848
-344
-1312
-1696
-1312
-456
528
1248
1312
912
132
-592
-976
-912
-496
49
472
592
472
180
-82
-196
-156
-53
5
-47
-188
-296
-264
-33
328
624
720
456
-98
-688
-1056
-992
-472
376
1120
1440
1184
328
-720
-1568
-1760
-1120
-51
1120
1888
1888
992
-296
-1504
-2112
-1824
-720
688
1824
2112
1568
344
